00 0.000000 192.000000 0.000000 192.000000 45.666025 0.000000
01 43.108504 -124.631626 -0.000000 124.631626 41.912565 -3.141593
02 86.217009 52.852395 0.000000 52.852395 34.461293 0.000000
03 129.325513 -100.608492 -0.000000 100.608492 40.052693 -3.141593
04 172.434018 139.018219 0.000000 139.018219 42.861434 0.000000
05 215.542522 -59.707169 0.000000 59.707169 35.520530 3.141593
06 258.651026 -11.875573 -0.000000 11.875573 21.493091 -3.141593
07 301.759531 -18.178307 0.000000 18.178307 25.191069 3.141593
08 344.868035 40.579840 0.000000 40.579840 32.166207 0.000000
09 387.976540 14.453405 0.000000 14.453405 23.199403 0.000000
10 431.085044 -53.179033 -0.000000 53.179033 34.514809 -3.141593
11 474.193548 26.987035 0.000000 26.987035 28.623103 0.000000
12 517.302053 -7.996943 -0.000000 7.996943 18.058480 -3.141593
13 560.410557 23.376647 0.000000 23.376647 27.375644 0.000000
14 603.519062 -25.207143 -0.000000 25.207143 28.030472 -3.141593
15 646.627566 8.098690 0.000000 8.098690 18.168296 0.000000
16 689.736070 0.062543 -0.000000 0.062543 -24.076379 -0.000000
17 732.844575 -7.548101 0.000000 7.548101 17.556754 3.141593
18 775.953079 19.868206 0.000000 19.868206 25.963173 0.000000
19 819.061584 -15.610896 -0.000000 15.610896 23.868557 -3.141593
20 862.170088 4.732591 0.000000 4.732591 13.501979 0.000000
21 905.278592 -14.704566 -0.000000 14.704566 23.349044 -3.141593
22 948.387097 24.086436 0.000000 24.086436 27.635451 0.000000
23 991.495601 -4.815574 -0.000000 4.815574 13.652962 -3.141593
24 1034.604106 -13.695998 -0.000000 13.695998 22.731874 -3.141593
25 1077.712610 4.614531 0.000000 4.614531 13.282551 0.000000
26 1120.821114 2.596470 -0.000000 2.596470 8.287667 -0.000000
27 1163.929619 11.617078 -0.000000 11.617078 21.301938 -0.000000
28 1207.038123 -19.824982 0.000000 19.824982 25.944256 3.141593
29 1250.146628 10.063369 -0.000000 10.063369 20.054868 -0.000000
30 1293.255132 -3.499619 -0.000000 3.499619 10.880416 -3.141593
31 1336.363636 4.004663 0.000000 4.004663 12.051319 0.000000
32 1379.472141 0.187723 -0.000000 0.187723 -14.529649 -0.000000
33 1422.580645 -3.797239 -0.000000 3.797239 11.589358 -3.141593
34 1465.689150 3.148061 0.000000 3.148061 9.960862 0.000000
35 1508.797654 -8.940237 -0.000000 8.940237 19.026980 -3.141593
36 1551.906158 15.506212 0.000000 15.506212 23.810114 0.000000
37 1595.014663 -7.681306 -0.000000 7.681306 17.708701 -3.141593
38 1638.123167 -1.961249 0.000000 1.961249 5.850655 3.141593
39 1681.231672 -3.578747 -0.000000 3.578747 11.074620 -3.141593
40 1724.340176 8.020346 -0.000000 8.020346 18.083862 -0.000000
41 1767.448680 3.653392 0.000000 3.653392 11.253924 0.000000
42 1810.557185 -12.729178 0.000000 12.729178 22.096007 3.141593
43 1853.665689 6.649429 0.000000 6.649429 16.455687 0.000000
44 1896.774194 -2.229557 0.000000 2.229557 6.964370 3.141593
45 1939.882698 6.932599 0.000000 6.932599 16.817921 0.000000
46 1982.991202 -7.586138 -0.000000 7.586138 17.600415 -3.141593
47 2026.099707 2.450907 0.000000 2.450907 7.786537 0.000000
48 2069.208211 0.062891 0.000000 0.062891 -24.028231 0.000000
49 2112.316716 -2.770664 -0.000000 2.770664 8.851676 -3.141593
50 2155.425220 7.263549 0.000000 7.263549 17.222977 0.000000
51 2198.533724 -5.687270 0.000000 5.687270 15.098077 3.141593
52 2241.642229 1.810850 0.000000 1.810850 5.157651 0.000000
53 2284.750733 -6.072143 0.000000 6.072143 15.666840 3.141593
54 2327.859238 9.795112 0.000000 9.795112 19.820188 0.000000
55 2370.967742 -1.666823 0.000000 1.666823 4.437791 3.141593
56 2414.076246 -5.947284 0.000000 5.947284 15.486373 3.141593
57 2457.184751 1.821773 -0.000000 1.821773 5.209886 -0.000000
58 2500.293255 1.090695 -0.000000 1.090695 0.754070 -0.000000
59 2543.401760 5.588095 -0.000000 5.588095 14.945275 -0.000000
60 2586.510264 -9.255089 -0.000000 9.255089 19.327612 -3.141593
61 2629.618768 4.637257 0.000000 4.637257 13.325224 0.000000
62 2672.727273 -1.691400 0.000000 1.691400 4.564924 3.141593
63 2715.835777 1.965647 0.000000 1.965647 5.870110 0.000000
64 2758.944282 0.188395 0.000000 0.188395 -14.498618 0.000000
65 2802.052786 -1.941392 0.000000 1.941392 5.762264 3.141593
66 2845.161290 1.651578 -0.000000 1.651578 4.357983 -0.000000
67 2888.269795 -4.853332 -0.000000 4.853332 13.720801 -3.141593
68 2931.378299 8.258291 0.000000 8.258291 18.337804 0.000000
69 2974.486804 -3.921383 0.000000 3.921383 11.868784 3.141593
70 3017.595308 -1.105047 0.000000 1.105047 0.867616 3.141593
71 3060.703812 -2.146670 -0.000000 2.146670 6.635306 -3.141593
72 3103.812317 4.405438 0.000000 4.405438 12.879782 0.000000
73 3146.920821 2.329251 -0.000000 2.329251 7.344325 -0.000000
74 3190.029326 -7.276225 -0.000000 7.276225 17.238122 -3.141593
75 3233.137830 3.679076 -0.000000 3.679076 11.314775 -0.000000
76 3276.246334 -1.329972 -0.000000 1.329972 2.476850 -3.141593
77 3319.354839 4.167233 0.000000 4.167233 12.396956 0.000000
78 3362.463343 -4.433234 -0.000000 4.433234 12.934414 -3.141593
79 3405.571848 1.384862 0.000000 1.384862 2.828131 0.000000
80 3448.680352 0.063592 -0.000000 0.063592 -23.932017 -0.000000
81 3491.788856 -1.776310 0.000000 1.776310 4.990376 3.141593
82 3534.897361 4.507211 0.000000 4.507211 13.078157 0.000000
83 3578.005865 -3.423964 -0.000000 3.423964 10.690583 -3.141593
84 3621.114370 1.125137 0.000000 1.125137 1.024109 0.000000
85 3664.222874 -3.953391 0.000000 3.953391 11.939394 3.141593
86 3707.331378 6.149770 0.000000 6.149770 15.777177 0.000000
87 3750.439883 -0.835491 0.000000 0.835491 -1.561162 3.141593
88 3793.548387 -3.837618 -0.000000 3.837618 11.681234 -3.141593
89 3836.656891 1.040570 0.000000 1.040570 0.345425 0.000000
90 3879.765396 0.649656 -0.000000 0.649656 -3.746335 -0.000000
91 3922.873900 3.810676 0.000000 3.810676 11.620041 0.000000
92 3965.982405 -6.051155 -0.000000 6.051155 15.636766 -3.141593
93 4009.090909 2.955607 0.000000 2.955607 9.412934 0.000000
94 4052.199413 -1.120525 -0.000000 1.120525 0.988434 -3.141593
95 4095.307918 1.302056 -0.000000 1.302056 2.292595 -0.000000
96 4138.416422 0.189524 -0.000000 0.189524 -14.446720 -0.000000
97 4181.524927 -1.312302 0.000000 1.312302 2.360676 3.141593
98 4224.633431 1.139314 0.000000 1.139314 1.132866 0.000000
99 4267.741935 -3.421457 -0.000000 3.421457 10.684221 -3.141593
100 4310.850440 5.661196 0.000000 5.661196 15.058164 0.000000
101 4353.958944 -2.549923 -0.000000 2.549923 8.130542 -3.141593
102 4397.067449 -0.781822 0.000000 0.781822 -2.137844 3.141593
103 4440.175953 -1.610335 -0.000000 1.610335 4.138323 -3.141593
104 4483.284457 3.016671 0.000000 3.016671 9.590560 0.000000
105 4526.392962 1.818856 -0.000000 1.818856 5.195967 -0.000000
106 4569.501466 -5.125289 -0.000000 5.125289 14.194368 -3.141593
107 4612.609971 2.493606 0.000000 2.493606 7.936558 0.000000
108 4655.718475 -0.971510 -0.000000 0.971510 -0.251052 -3.141593
109 4698.826979 3.033912 -0.000000 3.033912 9.640058 -0.000000
110 4741.935484 -3.121603 0.000000 3.121603 9.887555 3.141593
111 4785.043988 0.937573 -0.000000 0.937573 -0.559899 -0.000000
112 4828.152493 0.064655 0.000000 0.064655 -23.787897 0.000000
113 4871.260997 -1.351770 0.000000 1.351770 2.618053 3.141593
114 4914.369501 3.306337 0.000000 3.306337 10.386942 0.000000
115 4957.478006 -2.426016 0.000000 2.426016 7.697874 3.141593
116 5000.586510 0.825155 0.000000 0.825155 -1.669292 0.000000
117 5043.695015 -3.004739 -0.000000 3.004739 9.556136 -3.141593
118 5086.803519 4.489239 0.000000 4.489239 13.043455 0.000000
119 5129.912023 -0.450848 -0.000000 0.450848 -6.919404 -3.141593
120 5173.020528 -2.856113 0.000000 2.856113 9.115509 3.141593
121 5216.129032 0.674418 0.000000 0.674418 -3.421417 0.000000
122 5259.237537 0.435109 -0.000000 0.435109 -7.228045 -0.000000
123 5302.346041 2.967680 0.000000 2.967680 9.448340 0.000000
124 5345.454545 -4.510748 0.000000 4.510748 13.084972 3.141593
125 5388.563050 2.142300 -0.000000 2.142300 6.617604 -0.000000
126 5431.671554 -0.844245 0.000000 0.844245 -1.470627 3.141593
127 5474.780059 0.974136 -0.000000 0.974136 -0.227612 -0.000000
128 5517.888563 0.191124 0.000000 0.191124 -14.373682 0.000000
129 5560.997067 -0.997189 -0.000000 0.997189 -0.024450 -3.141593
130 5604.105572 0.884834 0.000000 0.884834 -1.062768 0.000000
131 5647.214076 -2.699879 0.000000 2.699879 8.626885 3.141593
132 5690.322581 4.332820 0.000000 4.332820 12.735412 0.000000
133 5733.431085 -1.842260 -0.000000 1.842260 5.307017 -3.141593
134 5776.539589 -0.609791 0.000000 0.609791 -4.296379 3.141593
135 5819.648094 -1.333498 0.000000 1.333498 2.499845 3.141593
136 5862.756598 2.282364 0.000000 2.282364 7.167699 0.000000
137 5905.865103 1.553251 -0.000000 1.553251 3.824833 -0.000000
138 5948.973607 -3.979730 -0.000000 3.979730 11.997073 -3.141593
139 5992.082111 1.859964 0.000000 1.859964 5.390091 0.000000
140 6035.190616 -0.783412 -0.000000 0.783412 -2.120191 -3.141593
141 6078.299120 2.422045 0.000000 2.422045 7.683643 0.000000
142 6121.407625 -2.406410 -0.000000 2.406410 7.627394 -3.141593
143 6164.516129 0.693380 0.000000 0.693380 -3.180574 0.000000
144 6207.624633 0.066099 0.000000 0.066099 -23.596092 0.000000
145 6250.733138 -1.120396 0.000000 1.120396 0.987434 3.141593
146 6293.841642 2.638605 0.000000 2.638605 8.427488 0.000000
147 6336.950147 -1.866925 -0.000000 1.866925 5.422536 -3.141593
148 6380.058651 0.660958 0.000000 0.660958 -3.596521 0.000000
149 6423.167155 -2.473203 -0.000000 2.473203 7.865194 -3.141593
150 6466.275660 3.543279 -0.000000 3.543279 10.988108 -0.000000
151 6509.384164 -0.227922 0.000000 0.227922 -12.844261 3.141593
152 6552.492669 -2.290547 -0.000000 2.290547 7.198784 -3.141593
153 6595.601173 0.462465 0.000000 0.462465 -6.698432 0.000000
154 6638.709677 0.305458 0.000000 0.305458 -10.300982 0.000000
155 6681.818182 2.481402 0.000000 2.481402 7.893944 0.000000
156 6724.926686 -3.610454 -0.000000 3.610454 11.151236 -3.141593
157 6768.035191 1.666151 0.000000 1.666151 4.434285 0.000000
158 6811.143695 -0.683610 -0.000000 0.683610 -3.303835 -3.141593
159 6854.252199 0.779174 -0.000000 0.779174 -2.167307 -0.000000
160 6897.360704 0.193217 -0.000000 0.193217 -14.279113 -0.000000
161 6940.469208 -0.808985 -0.000000 0.808985 -1.841194 -3.141593
162 6983.577713 0.735753 0.000000 0.735753 -2.665356 0.000000
163 7026.686217 -2.271153 -0.000000 2.271153 7.124929 -3.141593
164 7069.794721 3.530845 0.000000 3.530845 10.957573 0.000000
165 7112.903226 -1.411677 -0.000000 1.411677 2.994708 -3.141593
166 7156.011730 -0.501511 0.000000 0.501511 -5.994398 3.141593
167 7199.120235 -1.167645 0.000000 1.167645 1.346219 3.141593
168 7242.228739 1.828294 -0.000000 1.828294 5.240920 -0.000000
169 7285.337243 1.394500 0.000000 1.394500 2.888371 0.000000
170 7328.445748 -3.272225 -0.000000 3.272225 10.296862 -3.141593
171 7371.554252 1.468144 0.000000 1.468144 3.335373 0.000000
172 7414.662757 -0.670922 -0.000000 0.670922 -3.466564 -3.141593
173 7457.771261 2.042839 -0.000000 2.042839 6.204684 -0.000000
174 7500.879765 -1.958613 -0.000000 1.958613 5.838974 -3.141593
175 7543.988270 0.540676 0.000000 0.540676 -5.341254 0.000000
176 7587.096774 0.067945 -0.000000 0.067945 -23.356863 -0.000000
177 7630.205279 -0.978002 0.000000 0.978002 -0.193206 3.141593
178 7673.313783 2.216926 0.000000 2.216926 6.915024 0.000000
179 7716.422287 -1.511251 0.000000 1.511251 3.586734 3.141593
180 7759.530792 0.560427 -0.000000 0.560427 -5.029621 -0.000000
181 7802.639296 -2.138420 -0.000000 2.138420 6.601862 -3.141593
182 7845.747801 2.935059 -0.000000 2.935059 9.352336 -0.000000
183 7888.856305 -0.081031 0.000000 0.081031 -21.827002 3.141593
184 7931.964809 -1.924179 -0.000000 1.924179 5.684910 -3.141593
185 7975.073314 0.324343 0.000000 0.324343 -9.779908 0.000000
186 8018.181818 0.216476 0.000000 0.216476 -13.291792 0.000000
187 8061.290323 2.169696 -0.000000 2.169696 6.727979 -0.000000
188 8104.398827 -3.023742 0.000000 3.023742 9.610894 3.141593
189 8147.507331 1.355780 -0.000000 1.355780 2.643786 -0.000000
190 8190.615836 -0.580272 -0.000000 0.580272 -4.727373 -3.141593
191 8233.724340 0.650318 0.000000 0.650318 -3.737490 0.000000
192 8276.832845 0.195828 -0.000000 0.195828 -14.162500 -0.000000
193 8319.941349 -0.684710 -0.000000 0.684710 -3.289869 -3.141593
194 8363.049853 0.640304 0.000000 0.640304 -3.872277 0.000000
195 8406.158358 -1.991985 -0.000000 1.991985 5.985723 -3.141593
196 8449.266862 2.997825 0.000000 2.997825 9.536125 0.000000
197 8492.375367 -1.122744 -0.000000 1.122744 1.005614 -3.141593
198 8535.483871 -0.426023 0.000000 0.426023 -7.411330 3.141593
199 8578.592375 -1.059862 0.000000 1.059862 0.504988 3.141593
200 8621.700880 1.519724 -0.000000 1.519724 3.635294 -0.000000
201 8664.809384 1.292611 0.000000 1.292611 2.229354 0.000000
202 8707.917889 -2.795021 0.000000 2.795021 8.927701 3.141593
203 8751.026393 1.203663 0.000000 1.203663 1.610100 0.000000
204 8794.134897 -0.598820 0.000000 0.598820 -4.454080 3.141593
205 8837.243402 1.787909 0.000000 1.787909 5.046909 0.000000
206 8880.351906 -1.653670 0.000000 1.653670 4.368979 3.141593
207 8923.460411 0.436887 -0.000000 0.436887 -7.192609 -0.000000
208 8966.568915 0.070222 0.000000 0.070222 -23.070486 0.000000
209 9009.677419 -0.884289 0.000000 0.884289 -1.068120 3.141593
210 9052.785924 1.929275 0.000000 1.929275 5.707884 0.000000
211 9095.894428 -1.266423 0.000000 1.266423 2.051574 3.141593
212 9139.002933 0.495067 -0.000000 0.495067 -6.106724 -0.000000
213 9182.111437 -1.912585 0.000000 1.912585 5.632415 3.141593
214 9225.219941 2.513190 0.000000 2.513190 8.004507 0.000000
215 9268.328446 0.024549 0.000000 0.024549 -32.199391 0.000000
216 9311.436950 -1.668735 -0.000000 1.668735 4.447747 -3.141593
217 9354.545455 0.227091 0.000000 0.227091 -12.876017 0.000000
218 9397.653959 0.149834 -0.000000 0.149834 -16.487786 -0.000000
219 9440.762463 1.957001 -0.000000 1.957001 5.831822 -0.000000
220 9483.870968 -2.614151 -0.000000 2.614151 8.346613 -3.141593
221 9526.979472 1.139120 -0.000000 1.139120 1.131392 -0.000000
222 9570.087977 -0.509568 -0.000000 0.509568 -5.855951 -3.141593
223 9613.196481 0.559090 -0.000000 0.559090 -5.050372 -0.000000
224 9656.304985 0.198994 -0.000000 0.198994 -14.023193 -0.000000
225 9699.413490 -0.597237 0.000000 0.597237 -4.477060 3.141593
226 9742.521994 0.576111 0.000000 0.576111 -4.789870 0.000000
227 9785.630499 -1.800017 -0.000000 1.800017 5.105530 -3.141593
228 9828.739003 2.620931 -0.000000 2.620931 8.369113 -0.000000
229 9871.847507 -0.915735 -0.000000 0.915735 -0.764600 -3.141593
230 9914.956012 -0.369561 -0.000000 0.369561 -8.646268 -3.141593
231 9958.064516 -0.986630 -0.000000 0.986630 -0.116917 -3.141593
232 10001.173021 1.296236 0.000000 1.296236 2.253678 0.000000
233 10044.281525 1.225166 0.000000 1.225166 1.763902 0.000000
234 10087.390029 -2.454089 -0.000000 2.454089 7.797807 -3.141593
235 10130.498534 1.014440 -0.000000 1.014440 0.124529 -0.000000
236 10173.607038 -0.551072 -0.000000 0.551072 -5.175836 -3.141593
237 10216.715543 1.607496 0.000000 1.607496 4.122996 0.000000
238 10259.824047 -1.434064 -0.000000 1.434064 3.131371 -3.141593
239 10302.932551 0.362256 0.000000 0.362256 -8.819697 0.000000
240 10346.041056 0.072969 0.000000 0.072969 -22.737221 0.000000
241 10389.149560 -0.820447 0.000000 0.820447 -1.718989 3.141593
242 10432.258065 1.722961 -0.000000 1.722961 4.725510 -0.000000
243 10475.366569 -1.088665 0.000000 1.088665 0.737883 3.141593
244 10518.475073 0.451413 0.000000 0.451413 -6.908513 0.000000
245 10561.583578 -1.753898 -0.000000 1.753898 4.880088 -3.141593
246 10604.692082 2.205102 0.000000 2.205102 6.868575 0.000000
247 10647.800587 0.105604 -0.000000 0.105604 -19.526368 -0.000000
248 10690.909091 -1.481530 0.000000 1.481530 3.414206 3.141593
249 10734.017595 0.154682 -0.000000 0.154682 -16.211187 -0.000000
250 10777.126100 0.096511 0.000000 0.096511 -20.308505 0.000000
251 10820.234604 1.806425 0.000000 1.806425 5.136397 0.000000
252 10863.343109 -2.314621 0.000000 2.314621 7.289596 3.141593
253 10906.451613 0.980610 -0.000000 0.980610 -0.170071 -0.000000
254 10949.560117 -0.459307 -0.000000 0.459307 -6.757938 -3.141593
255 10992.668622 0.491313 0.000000 0.491313 -6.172835 0.000000
256 11035.777126 0.202759 -0.000000 0.202759 -13.860395 -0.000000
257 11078.885630 -0.532976 -0.000000 0.532976 -5.465839 -3.141593
258 11121.994135 0.531979 0.000000 0.531979 -5.482109 0.000000
259 11165.102639 -1.663851 0.000000 1.663851 4.422286 3.141593
260 11208.211144 2.342972 0.000000 2.342972 7.395342 0.000000
261 11251.319648 -0.760218 0.000000 0.760218 -2.381239 3.141593
262 11294.428152 -0.325044 0.000000 0.325044 -9.761151 3.141593
263 11337.536657 -0.935957 -0.000000 0.935957 -0.574881 -3.141593
264 11380.645161 1.126681 0.000000 1.126681 1.036017 0.000000
265 11423.753666 1.180704 0.000000 1.180704 1.442820 0.000000
266 11466.862170 -2.200731 -0.000000 2.200731 6.851339 -3.141593
267 11509.970674 0.873402 0.000000 0.873402 -1.175719 0.000000
268 11553.079179 -0.519387 -0.000000 0.519387 -5.690179 -3.141593
269 11596.187683 1.475612 -0.000000 1.475612 3.379442 -0.000000
270 11639.296188 -1.269587 0.000000 1.269587 2.073251 3.141593
271 11682.404692 0.306367 -0.000000 0.306367 -10.275160 -0.000000
272 11725.513196 0.076232 0.000000 0.076232 -22.357271 0.000000
273 11768.621701 -0.776579 0.000000 0.776579 -2.196283 3.141593
274 11811.730205 1.569990 -0.000000 1.569990 3.917940 -0.000000
275 11854.838710 -0.954613 -0.000000 0.954613 -0.403453 -3.141593
276 11897.947214 0.422331 -0.000000 0.422331 -7.486939 -0.000000
277 11941.055718 -1.640020 -0.000000 1.640020 4.296982 -3.141593
278 11984.164223 1.971685 0.000000 1.971685 5.896750 0.000000
279 12027.272727 0.171292 0.000000 0.171292 -15.325240 0.000000
280 12070.381232 -1.339423 0.000000 1.339423 2.538357 3.141593
281 12113.489736 0.098382 0.000000 0.098382 -20.141677 0.000000
282 12156.598240 0.051499 -0.000000 0.051499 -25.763970 -0.000000
283 12199.706745 1.697907 0.000000 1.697907 4.598278 0.000000
284 12242.815249 -2.088406 -0.000000 2.088406 6.396299 -3.141593
285 12285.923754 0.860705 -0.000000 0.860705 -1.302917 -0.000000
286 12329.032258 -0.422794 -0.000000 0.422794 -7.477432 -3.141593
287 12372.140762 0.439137 0.000000 0.439137 -7.148001 0.000000
288 12415.249267 0.207178 -0.000000 0.207178 -13.673142 -0.000000
289 12458.357771 -0.484383 -0.000000 0.484383 -6.296216 -3.141593
290 12501.466276 0.501735 0.000000 0.501735 -5.990510 0.000000
291 12544.574780 -1.566056 -0.000000 1.566056 3.896145 -3.141593
292 12587.683284 2.131918 0.000000 2.131918 6.575411 0.000000
293 12630.791789 -0.639047 -0.000000 0.639047 -3.889341 -3.141593
294 12673.900293 -0.288435 -0.000000 0.288435 -10.799043 -3.141593
295 12717.008798 -0.901147 -0.000000 0.901147 -0.904088 -3.141593
296 12760.117302 0.993353 0.000000 0.993353 -0.057924 0.000000
297 12803.225806 1.152839 0.000000 1.152839 1.235377 0.000000
298 12846.334311 -2.007254 -0.000000 2.007254 6.052048 -3.141593
299 12889.442815 0.765104 0.000000 0.765104 -2.325593 0.000000
300 12932.551320 -0.499101 -0.000000 0.499101 -6.036224 -3.141593
301 12975.659824 1.377425 -0.000000 1.377425 2.781358 -0.000000
302 13018.768328 -1.142879 0.000000 1.142879 1.160009 3.141593
303 13061.876833 0.263216 0.000000 0.263216 -11.593745 0.000000
304 13104.985337 0.080069 0.000000 0.080069 -21.930741 0.000000
305 13148.093842 -0.747042 -0.000000 0.747042 -2.533098 -3.141593
306 13191.202346 1.454170 -0.000000 1.454170 3.252303 -0.000000
307 13234.310850 -0.850679 0.000000 0.850679 -1.404683 3.141593
308 13277.419355 0.403741 -0.000000 0.403741 -7.877940 -0.000000
309 13320.527859 -1.558021 -0.000000 1.558021 3.851464 -3.141593
310 13363.636364 1.790022 0.000000 1.790022 5.057169 0.000000
311 13406.744868 0.227084 -0.000000 0.227084 -12.876279 -0.000000
312 13449.853372 -1.228806 -0.000000 1.228806 1.789666 -3.141593
313 13492.961877 0.053012 0.000000 0.053012 -25.512595 0.000000
314 13536.070381 0.011747 -0.000000 0.011747 -38.601406 -0.000000
315 13579.178886 1.619703 -0.000000 1.619703 4.188709 -0.000000
316 13622.287390 -1.913744 -0.000000 1.913744 5.637676 -3.141593
317 13665.395894 0.767794 0.000000 0.767794 -2.295110 0.000000
318 13708.504399 -0.396072 -0.000000 0.396072 -8.044514 -3.141593
319 13751.612903 0.397864 0.000000 0.397864 -8.005313 0.000000
320 13794.721408 0.212318 0.000000 0.212318 -13.460283 0.000000
321 13837.829912 -0.446953 -0.000000 0.446953 -6.994763 -3.141593
322 13880.938416 0.481752 0.000000 0.481752 -6.343528 0.000000
323 13924.046921 -1.496280 -0.000000 1.496280 3.500260 -3.141593
324 13967.155425 1.968495 0.000000 1.968495 5.882687 0.000000
325 14010.263930 -0.541821 0.000000 0.541821 -5.322880 3.141593
326 14053.372434 -0.257240 -0.000000 0.257240 -11.793236 -3.141593
327 14096.480938 -0.878223 0.000000 0.878223 -1.127902 3.141593
328 14139.589443 0.885426 -0.000000 0.885426 -1.056955 -0.000000
329 14182.697947 1.137831 0.000000 1.137831 1.121557 0.000000
330 14225.806452 -1.856806 -0.000000 1.856806 5.375333 -3.141593
331 14268.914956 0.680114 0.000000 0.680114 -3.348369 0.000000
332 14312.023460 -0.487448 0.000000 0.487448 -6.241435 3.141593
333 14355.131965 1.303918 -0.000000 1.303918 2.305002 -0.000000
334 14398.240469 -1.043280 -0.000000 1.043280 0.368017 -3.141593
335 14441.348974 0.229100 0.000000 0.229100 -12.799486 0.000000
336 14484.457478 0.084551 0.000000 0.084551 -21.457591 0.000000
337 14527.565982 -0.728448 -0.000000 0.728448 -2.752025 -3.141593
338 14570.674487 1.365539 -0.000000 1.365539 2.706082 -0.000000
339 14613.782991 -0.768442 -0.000000 0.768442 -2.287776 -3.141593
340 14656.891496 0.393200 0.000000 0.393200 -8.107731 0.000000
341 14700.000000 -1.500000 0.000000 1.500000 3.521825 3.141593
342 14743.108504 1.645826 0.000000 1.645826 4.327680 0.000000
343 14786.217009 0.276505 -0.000000 0.276505 -11.165953 -0.000000
344 14829.325513 -1.141172 0.000000 1.141172 1.147024 3.141593
345 14872.434018 0.015294 -0.000000 0.015294 -36.309440 -0.000000
346 14915.542522 -0.024768 0.000000 0.024768 -32.122030 3.141593
347 14958.651026 1.564584 0.000000 1.564584 3.887975 0.000000
348 15001.759531 -1.776982 0.000000 1.776982 4.993663 3.141593
349 15044.868035 0.694570 -0.000000 0.694570 -3.165677 -0.000000
350 15087.976540 -0.376681 -0.000000 0.376681 -8.480533 -3.141593
351 15131.085044 0.364511 -0.000000 0.364511 -8.765775 -0.000000
352 15174.193548 0.218262 -0.000000 0.218262 -13.220448 -0.000000
353 15217.302053 -0.417849 -0.000000 0.417849 -7.579620 -3.141593
354 15260.410557 0.469816 -0.000000 0.469816 -6.561438 -0.000000
355 15303.519062 -1.448097 -0.000000 1.448097 3.215953 -3.141593
356 15346.627566 1.840470 0.000000 1.840470 5.298574 0.000000
357 15389.736070 -0.461851 -0.000000 0.461851 -6.709960 -3.141593
358 15432.844575 -0.229811 0.000000 0.229811 -12.772570 3.141593
359 15475.953079 -0.864742 -0.000000 0.864742 -1.262268 -3.141593
360 15519.061584 0.795882 -0.000000 0.795882 -1.983024 -0.000000
361 15562.170088 1.133446 -0.000000 1.133446 1.088013 -0.000000
362 15605.278592 -1.738604 0.000000 1.738604 4.804013 3.141593
363 15648.387097 0.612366 0.000000 0.612366 -4.259775 0.000000
364 15691.495601 -0.482743 -0.000000 0.482743 -6.325687 -3.141593
365 15734.604106 1.249364 0.000000 1.249364 1.933779 0.000000
366 15777.712610 -0.963906 0.000000 0.963906 -0.319304 3.141593
367 15820.821114 0.201614 -0.000000 0.201614 -13.909594 -0.000000
368 15863.929619 0.089768 -0.000000 0.089768 -20.937583 -0.000000
369 15907.038123 -0.718714 0.000000 0.718714 -2.868872 3.141593
370 15950.146628 1.297696 -0.000000 1.297696 2.263459 -0.000000
371 15993.255132 -0.702425 -0.000000 0.702425 -3.067998 -3.141593
372 16036.363636 0.389217 -0.000000 0.389217 -8.196159 -0.000000
373 16079.472141 -1.460968 0.000000 1.460968 3.292812 3.141593
374 16122.580645 1.529753 -0.000000 1.529753 3.692424 -0.000000
375 16165.689150 0.321992 0.000000 0.321992 -9.843110 0.000000
376 16208.797654 -1.070960 0.000000 1.070960 0.595463 3.141593
377 16251.906158 -0.016957 -0.000000 0.016957 -35.412835 -3.141593
378 16295.014663 -0.059497 0.000000 0.059497 -24.510086 3.141593
379 16338.123167 1.527971 0.000000 1.527971 3.682303 0.000000
380 16381.231672 -1.669190 -0.000000 1.669190 4.450115 -3.141593
381 16424.340176 0.636231 -0.000000 0.636231 -3.927708 -0.000000
382 16467.448680 -0.363035 -0.000000 0.363035 -8.801041 -3.141593
383 16510.557185 0.337097 -0.000000 0.337097 -9.444899 -0.000000
384 16553.665689 0.225112 0.000000 0.225112 -12.952017 0.000000
385 16596.774194 -0.395217 -0.000000 0.395217 -8.063292 -3.141593
386 16639.882698 0.464566 0.000000 0.464566 -6.659059 0.000000
387 16682.991202 -1.417425 -0.000000 1.417425 3.030004 -3.141593
388 16726.099707 1.739771 0.000000 1.739771 4.809841 0.000000
389 16769.208211 -0.394628 -0.000000 0.394628 -8.076244 -3.141593
390 16812.316716 -0.204991 0.000000 0.204991 -13.765286 3.141593
391 16855.425220 -0.859191 0.000000 0.859191 -1.318203 3.141593
392 16898.533724 0.719953 0.000000 0.719953 -2.853920 0.000000
393 16941.642229 1.138388 0.000000 1.138388 1.125805 0.000000
394 16984.750733 -1.645493 -0.000000 1.645493 4.325919 -3.141593
395 17027.859238 0.557806 0.000000 0.557806 -5.070334 0.000000
396 17070.967742 -0.483972 0.000000 0.483972 -6.303599 3.141593
397 17114.076246 1.210033 0.000000 1.210033 1.655942 0.000000
398 17157.184751 -0.900146 0.000000 0.900146 -0.913737 3.141593
399 17200.293255 0.179128 -0.000000 0.179128 -14.936716 -0.000000
400 17243.401760 0.095827 -0.000000 0.095827 -20.370219 -0.000000
401 17286.510264 -0.716571 0.000000 0.716571 -2.894812 3.141593
402 17329.618768 1.246407 0.000000 1.246407 1.913200 0.000000
403 17372.727273 -0.648935 -0.000000 0.648935 -3.755975 -3.141593
404 17415.835777 0.390904 0.000000 0.390904 -8.158587 0.000000
405 17458.944282 -1.437741 -0.000000 1.437741 3.153616 -3.141593
406 17502.052786 1.435464 0.000000 1.435464 3.139848 0.000000
407 17545.161290 0.365350 -0.000000 0.365350 -8.745809 -0.000000
408 17588.269795 -1.014406 -0.000000 1.014406 0.124234 -3.141593
409 17631.378299 -0.045275 -0.000000 0.045275 -26.882753 -3.141593
410 17674.486804 -0.093567 -0.000000 0.093567 -20.577546 -3.141593
411 17717.595308 1.506960 -0.000000 1.506960 3.562037 -0.000000
412 17760.703812 -1.584348 -0.000000 1.584348 3.997011 -3.141593
413 17803.812317 0.589513 -0.000000 0.589513 -4.590126 -0.000000
414 17846.920821 -0.354099 -0.000000 0.354099 -9.017513 -3.141593
415 17890.029326 0.314251 0.000000 0.314251 -10.054458 0.000000
416 17933.137830 0.232995 -0.000000 0.232995 -12.653072 -0.000000
417 17976.246334 -0.377820 -0.000000 0.377820 -8.454306 -3.141593
418 18019.354839 0.465191 -0.000000 0.465191 -6.647366 -0.000000
419 18062.463343 -1.401690 -0.000000 1.401690 2.933038 -3.141593
420 18105.571848 1.660932 0.000000 1.660932 4.407036 0.000000
421 18148.680352 -0.336986 -0.000000 0.336986 -9.447772 -3.141593
422 18191.788856 -0.181914 -0.000000 0.181914 -14.802678 -3.141593
423 18234.897361 -0.860671 0.000000 0.860671 -1.303255 3.141593
424 18278.005865 0.654254 -0.000000 0.654254 -3.685069 -0.000000
425 18321.114370 1.152003 0.000000 1.152003 1.229073 0.000000
426 18364.222874 -1.572615 -0.000000 1.572615 3.932448 -3.141593
427 18407.331378 0.513644 -0.000000 0.513644 -5.786757 -0.000000
428 18450.439883 -0.490572 0.000000 0.490572 -6.185943 3.141593
429 18493.548387 1.183481 0.000000 1.183481 1.463223 0.000000
430 18536.656891 -0.848826 -0.000000 0.848826 -1.423626 -3.141593
431 18579.765396 0.160503 0.000000 0.160503 -15.890316 0.000000
432 18622.873900 0.102865 0.000000 0.102865 -19.754674 0.000000
433 18665.982405 -0.721301 0.000000 0.721301 -2.837675 3.141593
434 18709.090909 1.208842 -0.000000 1.208842 1.647389 -0.000000
435 18752.199413 -0.605415 -0.000000 0.605415 -4.358934 -3.141593
436 18795.307918 0.397786 -0.000000 0.397786 -8.007006 -0.000000
437 18838.416422 -1.428343 -0.000000 1.428343 3.096652 -3.141593
438 18881.524927 1.358547 -0.000000 1.358547 2.661493 -0.000000
439 18924.633431 0.408023 -0.000000 0.408023 -7.786313 -0.000000
440 18967.741935 -0.968908 -0.000000 0.968908 -0.274351 -3.141593
441 19010.850440 -0.070783 -0.000000 0.070783 -23.001427 -3.141593
442 19053.958944 -0.127935 -0.000000 0.127935 -17.860230 -3.141593
443 19097.067449 1.499777 0.000000 1.499777 3.520533 0.000000
444 19140.175953 -1.518336 -0.000000 1.518336 3.627358 -3.141593
445 19183.284457 0.552156 0.000000 0.552156 -5.158761 0.000000
446 19226.392962 -0.349205 -0.000000 0.349205 -9.138390 -3.141593
447 19269.501466 0.294999 0.000000 0.294999 -10.603598 0.000000
448 19312.609971 0.242066 -0.000000 0.242066 -12.321338 -0.000000
449 19355.718475 -0.364829 -0.000000 0.364829 -8.758219 -3.141593
450 19398.826979 0.471278 -0.000000 0.471278 -6.534453 -0.000000
451 19441.935484 -1.399353 0.000000 1.399353 2.918543 3.141593
452 19485.043988 1.600207 -0.000000 1.600207 4.083521 -0.000000
453 19528.152493 -0.286618 0.000000 0.286618 -10.853932 3.141593
454 19571.260997 -0.159887 0.000000 0.159887 -15.923716 3.141593
455 19614.369501 -0.868720 0.000000 0.868720 -1.222406 3.141593
456 19657.478006 0.596287 0.000000 0.596287 -4.490887 0.000000
457 19700.586510 1.174119 0.000000 1.174119 1.394244 0.000000
458 19743.695015 -1.516646 -0.000000 1.516646 3.617685 -3.141593
459 19786.803519 0.477926 -0.000000 0.477926 -6.412784 -0.000000
460 19829.912023 -0.502312 0.000000 0.502312 -5.980525 3.141593
461 19873.020528 1.168151 -0.000000 1.168151 1.349980 -0.000000
462 19916.129032 -0.807727 -0.000000 0.807727 -1.854709 -3.141593
463 19959.237537 0.144918 -0.000000 0.144918 -16.777565 -0.000000
464 20002.346041 0.111049 0.000000 0.111049 -19.089713 0.000000
465 20045.454545 -0.732593 -0.000000 0.732593 -2.702743 -3.141593
466 20088.563050 1.183128 0.000000 1.183128 1.460632 0.000000
467 20131.671554 -0.570069 -0.000000 0.570069 -4.881451 -3.141593
468 20174.780059 0.409699 -0.000000 0.409699 -7.750699 -0.000000
469 20217.888563 -1.431662 -0.000000 1.431662 3.116810 -3.141593
470 20260.997067 1.295871 0.000000 1.295871 2.251235 0.000000
471 20304.105572 0.451256 0.000000 0.451256 -6.911537 0.000000
472 20347.214076 -0.932647 -0.000000 0.932647 -0.605650 -3.141593
473 20390.322581 -0.094343 0.000000 0.094343 -20.505808 3.141593
474 20433.431085 -0.163486 -0.000000 0.163486 -15.730395 -3.141593
475 20476.539589 1.505477 0.000000 1.505477 3.553481 0.000000
476 20519.648094 -1.468338 -0.000000 1.468338 3.336521 -3.141593
477 20562.756598 0.522576 0.000000 0.522576 -5.637017 0.000000
478 20605.865103 -0.347947 -0.000000 0.347947 -9.169731 -3.141593
479 20648.973607 0.278626 0.000000 0.278626 -11.099556 0.000000
480 20692.082111 0.252519 0.000000 0.252519 -11.954108 0.000000
481 20735.190616 -0.355704 0.000000 0.355704 -8.978237 3.141593
482 20778.299120 0.482718 -0.000000 0.482718 -6.326131 -0.000000
483 20821.407625 -1.409655 -0.000000 1.409655 2.982258 -3.141593
484 20864.516129 1.555046 0.000000 1.555046 3.834865 0.000000
485 20907.624633 -0.241783 0.000000 0.241783 -12.331498 3.141593
486 20950.733138 -0.138318 -0.000000 0.138318 -17.182436 -3.141593
487 20993.841642 -0.883221 -0.000000 0.883221 -1.078613 -3.141593
488 21036.950147 0.544128 0.000000 0.544128 -5.285975 0.000000
489 21080.058651 1.204975 0.000000 1.204975 1.619562 0.000000
490 21123.167155 -1.475342 -0.000000 1.475342 3.377852 -3.141593
491 21166.275660 0.449278 -0.000000 0.449278 -6.949702 -0.000000
492 21209.384164 -0.519234 -0.000000 0.519234 -5.692740 -3.141593
493 21252.492669 1.163145 0.000000 1.163145 1.312678 0.000000
494 21295.601173 -0.775298 -0.000000 0.775298 -2.210632 -3.141593
495 21338.709677 0.131766 0.000000 0.131766 -17.603932 0.000000
496 21381.818182 0.120593 -0.000000 0.120593 -18.373591 -0.000000
497 21424.926686 -0.750478 -0.000000 0.750478 -2.493245 -3.141593
498 21468.035191 1.168098 -0.000000 1.168098 1.349587 -0.000000
499 21511.143695 -0.541632 -0.000000 0.541632 -5.325908 -3.141593
500 21554.252199 0.426745 -0.000000 0.426745 -7.396636 -0.000000
501 21597.360704 -1.447270 -0.000000 1.447270 3.210992 -3.141593
502 21640.469208 1.245205 0.000000 1.245205 1.904816 0.000000
503 21683.577713 0.496225 0.000000 0.496225 -6.086430 0.000000
504 21726.686217 -0.904365 -0.000000 0.904365 -0.873127 -3.141593
505 21769.794721 -0.116654 -0.000000 0.116654 -18.661985 -3.141593
506 21812.903226 -0.201112 0.000000 0.201112 -13.931228 3.141593
507 21856.011730 1.523788 0.000000 1.523788 3.658491 0.000000
508 21899.120235 -1.432486 0.000000 1.432486 3.121810 3.141593
509 21942.228739 0.499673 -0.000000 0.499673 -6.026278 -0.000000
510 21985.337243 -0.350123 0.000000 0.350123 -9.115590 3.141593
511 22028.445748 0.264602 0.000000 0.264602 -11.548147 0.000000
