00 0.000000 255.000000 0.000000 255.000000 48.130804 0.000000
01 43.108504 229.725311 0.000000 229.725311 47.224177 0.000000
02 86.217009 162.814789 0.000000 162.814789 44.233877 0.000000
03 129.325513 77.281540 0.000000 77.281540 37.761515 0.000000
04 172.434018 0.750000 0.000000 0.750000 -2.498775 0.000000
05 215.542522 -45.519592 0.000000 45.519592 33.163967 3.141593
06 258.651026 -54.269714 0.000000 54.269714 34.691151 3.141593
07 301.759531 -33.422302 0.000000 33.422302 30.480727 3.141593
08 344.868035 -0.750031 0.000000 0.750031 -2.498421 3.141593
09 387.976540 25.051376 0.000000 25.051376 27.976632 0.000000
10 431.085044 32.559570 0.000000 32.559570 30.253573 0.000000
11 474.193548 21.459976 0.000000 21.459976 26.632585 0.000000
12 517.302053 0.750061 0.000000 0.750061 -2.498068 0.000000
13 560.410557 -17.178360 0.000000 17.178360 24.699634 3.141593
14 603.519062 -23.254425 0.000000 23.254425 27.330112 3.141593
15 646.627566 -15.877060 0.000000 15.877060 24.015402 3.141593
16 689.736070 -0.750122 0.000000 0.750122 -2.497361 3.141593
17 732.844575 13.009796 0.000000 13.009796 22.285410 0.000000
18 775.953079 18.084274 0.000000 18.084274 25.146022 0.000000
19 819.061584 12.644455 0.000000 12.644455 22.038002 0.000000
20 862.170088 0.750198 0.000000 0.750198 -2.496478 0.000000
21 905.278592 -10.428833 0.000000 10.428833 20.364714 3.141593
22 948.387097 -14.793655 0.000000 14.793655 23.401510 3.141593
23 991.495601 -10.535919 0.000000 10.535919 20.453449 3.141593
24 1034.604106 -0.750290 0.000000 0.750290 -2.495418 3.141593
25 1077.712610 8.673447 0.000000 8.673447 18.763834 0.000000
26 1120.821114 12.515106 0.000000 12.515106 21.948691 0.000000
27 1163.929619 9.051865 0.000000 9.051865 19.134761 0.000000
28 1207.038123 0.750397 0.000000 0.750397 -2.494181 0.000000
29 1250.146628 -7.401993 0.000000 7.401993 17.386973 3.141593
30 1293.255132 -10.843796 0.000000 10.843796 20.703627 3.141593
31 1336.363636 -7.950562 0.000000 7.950562 18.007956 3.141593
32 1379.472141 -0.750519 0.000000 0.750519 -2.492769 3.141593
33 1422.580645 6.438492 0.000000 6.438492 16.175683 0.000000
34 1465.689150 9.565399 0.000000 9.565399 19.614062 0.000000
35 1508.797654 7.100784 0.000000 7.100784 17.026126 0.000000
36 1551.906158 0.750656 0.000000 0.750656 -2.491179 0.000000
37 1595.014663 -5.683075 0.000000 5.683075 15.091668 3.141593
38 1638.123167 -8.555832 0.000000 8.555832 18.645245 3.141593
39 1681.231672 -6.425156 0.000000 6.425156 16.157673 3.141593
40 1724.340176 -0.750824 0.000000 0.750824 -2.489237 3.141593
41 1767.448680 5.074829 0.000000 5.074829 14.108428 0.000000
42 1810.557185 7.738297 0.000000 7.738297 17.772907 0.000000
43 1853.665689 5.875061 0.000000 5.875061 15.380248 0.000000
44 1896.774194 0.750992 0.000000 0.750992 -2.487296 0.000000
45 1939.882698 -4.574493 0.000000 4.574493 13.206860 3.141593
46 1982.991202 -7.062698 0.000000 7.062698 16.979413 3.141593
47 2026.099707 -5.418472 0.000000 5.418472 14.677537 3.141593
48 2069.208211 -0.751190 0.000000 0.751190 -2.485002 3.141593
49 2112.316716 4.155655 0.000000 4.155655 12.372790 0.000000
50 2155.425220 6.494965 0.000000 6.494965 16.251536 0.000000
51 2198.533724 5.033371 0.000000 5.033371 14.037179 0.000000
52 2241.642229 0.751389 0.000000 0.751389 -2.482709 0.000000
53 2284.750733 -3.799850 0.000000 3.799850 11.595330 3.141593
54 2327.859238 -6.011124 0.000000 6.011124 15.579113 3.141593
55 2370.967742 -4.704163 0.000000 4.704163 13.449646 3.141593
56 2414.076246 -0.751617 0.000000 0.751617 -2.480063 3.141593
57 2457.184751 3.493820 0.000000 3.493820 10.866011 0.000000
58 2500.293255 5.593826 0.000000 5.593826 14.954180 0.000000
59 2543.401760 4.419495 0.000000 4.419495 12.907452 0.000000
60 2586.510264 0.751862 0.000000 0.751862 -2.477242 0.000000
61 2629.618768 -3.227737 0.000000 3.227737 10.177964 3.141593
62 2672.727273 -5.230194 0.000000 5.230194 14.370356 3.141593
63 2715.835777 -4.170883 0.000000 4.170883 12.404561 3.141593
64 2758.944282 -0.752106 0.000000 0.752106 -2.474422 3.141593
65 2802.052786 2.994263 0.000000 2.994263 9.525798 0.000000
66 2845.161290 4.910446 0.000000 4.910446 13.822419 0.000000
67 2888.269795 3.951859 0.000000 3.951859 11.936028 0.000000
68 2931.378299 0.752380 0.000000 0.752380 -2.471251 0.000000
69 2974.486804 -2.787689 0.000000 2.787689 8.904887 3.141593
70 3017.595308 -4.627090 0.000000 4.627090 13.306160 3.141593
71 3060.703812 -3.757431 0.000000 3.757431 11.497820 3.141593
72 3103.812317 -0.752670 0.000000 0.752670 -2.467905 3.141593
73 3146.920821 2.603622 0.000000 2.603622 8.311560 0.000000
74 3190.029326 4.374207 0.000000 4.374207 12.817986 0.000000
75 3233.137830 3.583679 0.000000 3.583679 11.086583 0.000000
76 3276.246334 0.752991 0.000000 0.752991 -2.464207 0.000000
77 3319.354839 -2.438538 0.000000 2.438538 7.742589 3.141593
78 3362.463343 -4.147110 0.000000 4.147110 12.354911 3.141593
79 3405.571848 -3.427444 0.000000 3.427444 10.699409 3.141593
80 3448.680352 -0.753311 0.000000 0.753311 -2.460512 3.141593
81 3491.788856 2.289612 0.000000 2.289612 7.195237 0.000000
82 3534.897361 3.942017 0.000000 3.942017 11.914369 0.000000
83 3578.005865 3.286194 0.000000 3.286194 10.333864 0.000000
84 3621.114370 0.753647 0.000000 0.753647 -2.456642 0.000000
85 3664.222874 -2.154572 0.000000 2.154572 6.667218 3.141593
86 3707.331378 -3.755875 0.000000 3.755875 11.494222 3.141593
87 3750.439883 -3.157883 0.000000 3.157883 9.987920 3.141593
88 3793.548387 -0.754013 0.000000 0.754013 -2.452423 3.141593
89 3836.656891 2.031540 0.000000 2.031540 6.156507 0.000000
90 3879.765396 3.586136 0.000000 3.586136 11.092535 0.000000
91 3922.873900 3.040787 0.000000 3.040787 9.659719 0.000000
92 3965.982405 0.754395 0.000000 0.754395 -2.448029 0.000000
93 4009.090909 -1.918976 0.000000 1.918976 5.661390 3.141593
94 4052.199413 -3.430725 0.000000 3.430725 10.707718 3.141593
95 4095.307918 -2.933502 0.000000 2.933502 9.347728 3.141593
96 4138.416422 -0.754776 0.000000 0.754776 -2.443638 3.141593
97 4181.524927 1.815567 0.000000 1.815567 5.180246 0.000000
98 4224.633431 3.287888 0.000000 3.287888 10.338339 0.000000
99 4267.741935 2.834824 0.000000 2.834824 9.050521 0.000000
100 4310.850440 0.755188 0.000000 0.755188 -2.438899 0.000000
101 4353.958944 -1.720230 0.000000 1.720230 4.711731 3.141593
102 4397.067449 -3.156113 0.000000 3.156113 9.983050 3.141593
103 4440.175953 -2.743774 0.000000 2.743774 8.766968 3.141593
104 4483.284457 -0.755615 0.000000 0.755615 -2.433986 3.141593
105 4526.392962 1.632050 0.000000 1.632050 4.254667 0.000000
106 4569.501466 3.034180 0.000000 3.034180 9.640826 0.000000
107 4612.609971 2.659485 0.000000 2.659485 8.495950 0.000000
108 4655.718475 0.756073 0.000000 0.756073 -2.428725 0.000000
109 4698.826979 -1.550217 0.000000 1.550217 3.807848 3.141593
110 4741.935484 -2.921005 0.000000 2.921005 9.310647 3.141593
111 4785.043988 -2.581223 0.000000 2.581223 8.236509 3.141593
112 4828.152493 -0.756531 0.000000 0.756531 -2.423468 3.141593
113 4871.260997 1.474075 0.000000 1.474075 3.370393 0.000000
114 4914.369501 2.815674 0.000000 2.815674 8.991647 0.000000
115 4957.478006 2.508362 0.000000 2.508362 7.987804 0.000000
116 5000.586510 0.757004 0.000000 0.757004 -2.418039 0.000000
117 5043.695015 -1.403030 0.000000 1.403030 2.941342 3.141593
118 5086.803519 -2.717361 0.000000 2.717361 8.682948 3.141593
119 5129.912023 -2.440369 0.000000 2.440369 7.749109 3.141593
120 5173.020528 -0.757507 0.000000 0.757507 -2.412263 3.141593
121 5216.129032 1.336563 0.000000 1.336563 2.519789 0.000000
122 5259.237537 2.625412 0.000000 2.625412 8.383949 0.000000
123 5302.346041 2.376755 0.000000 2.376755 7.519687 0.000000
124 5345.454545 0.758026 0.000000 0.758026 -2.406317 0.000000
125 5388.563050 -1.274261 0.000000 1.274261 2.105171 3.141593
126 5431.671554 -2.539185 0.000000 2.539185 8.093885 3.141593
127 5474.780059 -2.317123 0.000000 2.317123 7.298983 3.141593
128 5517.888563 -0.758560 0.000000 0.758560 -2.400199 3.141593
129 5560.997067 1.215698 0.000000 1.215698 1.696516 0.000000
130 5604.105572 2.458176 0.000000 2.458176 7.812258 0.000000
131 5647.214076 2.261093 0.000000 2.261093 7.086369 0.000000
132 5690.322581 0.759109 0.000000 0.759109 -2.393912 0.000000
133 5733.431085 -1.160568 0.000000 1.160568 1.293414 3.141593
134 5776.539589 -2.381912 0.000000 2.381912 7.538515 3.141593
135 5819.648094 -2.208344 0.000000 2.208344 6.881333 3.141593
136 5862.756598 -0.759674 0.000000 0.759674 -2.387454 3.141593
137 5905.865103 1.108551 0.000000 1.108551 0.895114 0.000000
138 5948.973607 2.309967 0.000000 2.309967 7.272116 0.000000
139 5992.082111 2.158615 0.000000 2.158615 6.683504 0.000000
140 6035.190616 0.760269 0.000000 0.760269 -2.380652 0.000000
141 6078.299120 -1.059387 0.000000 1.059387 0.501094 3.141593
142 6121.407625 -2.241989 0.000000 2.241989 7.012670 3.141593
143 6164.516129 -2.111633 0.000000 2.111633 6.492370 3.141593
144 6207.624633 -0.760880 0.000000 0.760880 -2.373682 3.141593
145 6250.733138 1.012848 0.000000 1.012848 0.110885 0.000000
146 6293.841642 2.177658 0.000000 2.177658 6.759794 0.000000
147 6336.950147 2.067184 0.000000 2.067184 6.307585 0.000000
148 6380.058651 0.761505 0.000000 0.761505 -2.366543 0.000000
149 6423.167155 -0.968689 0.000000 0.968689 -0.276313 3.141593
150 6466.275660 -2.116653 0.000000 2.116653 6.512995 3.141593
151 6509.384164 -2.025070 0.000000 2.025070 6.128802 3.141593
152 6552.492669 -0.762146 0.000000 0.762146 -2.359237 3.141593
153 6595.601173 0.926758 0.000000 0.926758 -0.660675 0.000000
154 6638.709677 2.058746 0.000000 2.058746 6.272057 0.000000
155 6681.818182 1.985107 0.000000 1.985107 5.955680 0.000000
156 6724.926686 0.762802 0.000000 0.762802 -2.351762 0.000000
157 6768.035191 -0.886856 0.000000 0.886856 -1.042937 3.141593
158 6811.143695 -2.003677 0.000000 2.003677 6.036556 3.141593
159 6854.252199 -1.947128 0.000000 1.947128 5.787891 3.141593
160 6897.360704 -0.763489 0.000000 0.763489 -2.343947 3.141593
161 6940.469208 0.848846 0.000000 0.848846 -1.423417 0.000000
162 6983.577713 1.951248 0.000000 1.951248 5.806250 0.000000
163 7026.686217 1.910995 0.000000 1.910995 5.625193 0.000000
164 7069.794721 0.764191 0.000000 0.764191 -2.335965 0.000000
165 7112.903226 -0.812592 0.000000 0.812592 -1.802554 3.141593
166 7156.011730 -1.901276 0.000000 1.901276 5.580902 3.141593
167 7199.120235 -1.876572 0.000000 1.876572 5.467303 3.141593
168 7242.228739 -0.764908 0.000000 0.764908 -2.327818 3.141593
169 7285.337243 0.777954 0.000000 0.777954 -2.180921 0.000000
170 7328.445748 1.853561 0.000000 1.853561 5.360140 0.000000
171 7371.554252 1.843735 0.000000 1.843735 5.313969 0.000000
172 7414.662757 0.765640 0.000000 0.765640 -2.319505 0.000000
173 7457.771261 -0.744827 0.000000 0.744827 -2.558889 3.141593
174 7500.879765 -1.807968 0.000000 1.807968 5.143815 3.141593
175 7543.988270 -1.812378 0.000000 1.812378 5.164975 3.141593
176 7587.096774 -0.766388 0.000000 0.766388 -2.311027 3.141593
177 7630.205279 0.713104 0.000000 0.713104 -2.936940 0.000000
178 7673.313783 1.764343 0.000000 1.764343 4.931662 0.000000
179 7716.422287 1.782410 0.000000 1.782410 5.020151 0.000000
180 7759.530792 0.767166 0.000000 0.767166 -2.302211 0.000000
181 7802.639296 -0.682693 0.000000 0.682693 -3.315485 3.141593
182 7845.747801 -1.722565 0.000000 1.722565 4.723511 3.141593
183 7888.856305 -1.753738 0.000000 1.753738 4.879296 3.141593
184 7931.964809 -0.767960 0.000000 0.767960 -2.293233 3.141593
185 7975.073314 0.653503 0.000000 0.653503 -3.695043 0.000000
186 8018.181818 1.682495 0.000000 1.682495 4.519076 0.000000
187 8061.290323 1.726273 0.000000 1.726273 4.742187 0.000000
188 8104.398827 0.768784 0.000000 0.768784 -2.283918 0.000000
189 8147.507331 -0.625458 0.000000 0.625458 -4.076040 3.141593
190 8190.615836 -1.644043 0.000000 1.644043 4.318263 3.141593
191 8233.724340 -1.699936 0.000000 1.699936 4.608651 3.141593
192 8276.832845 -0.769608 0.000000 0.769608 -2.274614 3.141593
193 8319.941349 0.598480 0.000000 0.598480 -4.459004 0.000000
194 8363.049853 1.607117 0.000000 1.607117 4.120948 0.000000
195 8406.158358 1.674683 0.000000 1.674683 4.478650 0.000000
196 8449.266862 0.770462 0.000000 0.770462 -2.264975 0.000000
197 8492.375367 -0.572510 0.000000 0.572510 -4.844342 3.141593
198 8535.483871 -1.571594 0.000000 1.571594 3.926809 3.141593
199 8578.592375 -1.650421 0.000000 1.650421 4.351896 3.141593
200 8621.700880 -0.771332 0.000000 0.771332 -2.255175 3.141593
201 8664.809384 0.547485 0.000000 0.547485 -5.232550 0.000000
202 8707.917889 1.537399 0.000000 1.537399 3.735734 0.000000
203 8751.026393 1.627106 0.000000 1.627106 4.228315 0.000000
204 8794.134897 0.772232 0.000000 0.772232 -2.245043 0.000000
205 8837.243402 -0.523346 0.000000 0.523346 -5.624223 3.141593
206 8880.351906 -1.504471 0.000000 1.504471 3.547675 3.141593
207 8923.460411 -1.604675 0.000000 1.604675 4.107743 3.141593
208 8966.568915 -0.773148 0.000000 0.773148 -2.234752 3.141593
209 9009.677419 0.500046 0.000000 0.500046 -6.019805 0.000000
210 9052.785924 1.472733 0.000000 1.472733 3.362478 0.000000
211 9095.894428 1.583084 0.000000 1.583084 3.990080 0.000000
212 9139.002933 0.774078 0.000000 0.774078 -2.224301 0.000000
213 9182.111437 -0.477524 0.000000 0.477524 -6.420099 3.141593
214 9225.219941 -1.442093 0.000000 1.442093 3.179865 3.141593
215 9268.328446 -1.562286 0.000000 1.562286 3.875213 3.141593
216 9311.436950 -0.775040 0.000000 0.775040 -2.213521 3.141593
217 9354.545455 0.455750 0.000000 0.455750 -6.825476 0.000000
218 9397.653959 1.412521 0.000000 1.412521 2.999900 0.000000
219 9440.762463 1.542236 0.000000 1.542236 3.763019 0.000000
220 9483.870968 0.776016 0.000000 0.776016 -2.202584 0.000000
221 9526.979472 -0.434677 0.000000 0.434677 -7.236664 3.141593
222 9570.087977 -1.383942 0.000000 1.383942 2.822356 3.141593
223 9613.196481 -1.522903 0.000000 1.522903 3.653447 3.141593
224 9656.304985 -0.777008 0.000000 0.777008 -2.191490 3.141593
225 9699.413490 0.414261 0.000000 0.414261 -7.654522 0.000000
226 9742.521994 1.356308 0.000000 1.356308 2.647166 0.000000
227 9785.630499 1.504227 0.000000 1.504227 3.546266 0.000000
228 9828.739003 0.778030 0.000000 0.778030 -2.180069 0.000000
229 9871.847507 -0.394470 0.000000 0.394470 -8.079716 3.141593
230 9914.956012 -1.329559 0.000000 1.329559 2.474154 3.141593
231 9958.064516 -1.486206 0.000000 1.486206 3.441581 3.141593
232 10001.173021 -0.779068 0.000000 0.779068 -2.168493 3.141593
233 10044.281525 0.375275 0.000000 0.375275 -8.513015 0.000000
234 10087.390029 1.303650 0.000000 1.303650 2.303220 0.000000
235 10130.498534 1.468781 0.000000 1.468781 3.339138 0.000000
236 10173.607038 0.780121 0.000000 0.780121 -2.156762 0.000000
237 10216.715543 -0.356628 0.000000 0.356628 -8.955681 3.141593
238 10259.824047 -1.278549 0.000000 1.278549 2.134349 3.141593
239 10302.932551 -1.451935 0.000000 1.451935 3.238942 3.141593
240 10346.041056 -0.781204 0.000000 0.781204 -2.144708 3.141593
241 10389.149560 0.338516 0.000000 0.338516 -9.408410 0.000000
242 10432.258065 1.254227 0.000000 1.254227 1.967521 0.000000
243 10475.366569 1.435638 0.000000 1.435638 3.140901 0.000000
244 10518.475073 0.782318 0.000000 0.782318 -2.132332 0.000000
245 10561.583578 -0.320908 0.000000 0.320908 -9.872400 3.141593
246 10604.692082 -1.230606 0.000000 1.230606 1.802381 3.141593
247 10647.800587 -1.419846 0.000000 1.419846 3.044822 3.141593
248 10690.909091 -0.783447 0.000000 0.783447 -2.119805 3.141593
249 10734.017595 0.303787 0.000000 0.303787 -10.348610 0.000000
250 10777.126100 1.207687 0.000000 1.207687 1.639091 0.000000
251 10820.234604 1.404572 0.000000 1.404572 2.950877 0.000000
252 10863.343109 0.784592 0.000000 0.784592 -2.107126 0.000000
253 10906.451613 -0.287109 0.000000 0.287109 -10.839053 3.141593
254 10949.560117 -1.185410 0.000000 1.185410 1.477368 3.141593
255 10992.668622 -1.389755 0.000000 1.389755 2.858766 3.141593
256 11035.777126 -0.785767 0.000000 0.785767 -2.094129 3.141593
257 11078.885630 0.270859 0.000000 0.270859 -11.345142 0.000000
258 11121.994135 1.163773 0.000000 1.163773 1.317362 0.000000
259 11165.102639 1.375397 0.000000 1.375397 2.768560 0.000000
260 11208.211144 0.786957 0.000000 0.786957 -2.080982 0.000000
261 11251.319648 -0.255020 0.000000 0.255020 -11.868510 3.141593
262 11294.428152 -1.142715 0.000000 1.142715 1.158762 3.141593
263 11337.536657 -1.361465 0.000000 1.361465 2.680133 3.141593
264 11380.645161 -0.788177 0.000000 0.788177 -2.067519 3.141593
265 11423.753666 0.239578 0.000000 0.239578 -12.411052 0.000000
266 11466.862170 1.122223 0.000000 1.122223 1.001583 0.000000
267 11509.970674 1.347961 0.000000 1.347961 2.593549 0.000000
268 11553.079179 0.789413 0.000000 0.789413 -2.053910 0.000000
269 11596.187683 -0.224487 0.000000 0.224487 -12.976164 3.141593
270 11639.296188 -1.102280 0.000000 1.102280 0.845836 3.141593
271 11682.404692 -1.334839 0.000000 1.334839 2.508577 3.141593
272 11725.513196 -0.790680 0.000000 0.790680 -2.039986 3.141593
273 11768.621701 0.209763 0.000000 0.209763 -13.565440 0.000000
274 11811.730205 1.082855 0.000000 1.082855 0.691408 0.000000
275 11854.838710 1.322098 0.000000 1.322098 2.425272 0.000000
276 11897.947214 0.791962 0.000000 0.791962 -2.025917 0.000000
277 11941.055718 -0.195374 0.000000 0.195374 -14.182685 3.141593
278 11984.164223 -1.063919 0.000000 1.063919 0.538172 3.141593
279 12027.272727 -1.309708 0.000000 1.309708 2.343487 3.141593
280 12070.381232 -0.793274 0.000000 0.793274 -2.011536 3.141593
281 12113.489736 0.181305 0.000000 0.181305 -14.831808 0.000000
282 12156.598240 1.045456 0.000000 1.045456 0.386115 0.000000
283 12199.706745 1.297684 0.000000 1.297684 2.263377 0.000000
284 12242.815249 0.794617 0.000000 0.794617 -1.996846 0.000000
285 12285.923754 -0.167542 0.000000 0.167542 -15.517552 3.141593
286 12329.032258 -1.027435 0.000000 1.027435 0.235090 3.141593
287 12372.140762 -1.285980 0.000000 1.285980 2.184686 3.141593
288 12415.249267 -0.795975 0.000000 0.795975 -1.982014 3.141593
289 12458.357771 0.154068 0.000000 0.154068 -16.245751 0.000000
290 12501.466276 1.009857 0.000000 1.009857 0.085199 0.000000
291 12544.574780 1.274597 0.000000 1.274597 2.107459 0.000000
292 12587.683284 0.797363 0.000000 0.797363 -1.966875 0.000000
293 12630.791789 -0.140869 0.000000 0.140869 -17.023683 3.141593
294 12673.900293 -0.992676 0.000000 0.992676 -0.063851 3.141593
295 12717.008798 -1.263519 0.000000 1.263519 2.031638 3.141593
296 12760.117302 -0.798782 0.000000 0.798782 -1.951431 3.141593
297 12803.225806 0.127930 0.000000 0.127930 -17.860573 0.000000
298 12846.334311 0.975906 0.000000 0.975906 -0.211837 0.000000
299 12889.442815 1.252731 0.000000 1.252731 1.957159 0.000000
300 12932.551320 0.800217 0.000000 0.800217 -1.935848 0.000000
301 12975.659824 -0.115250 0.000000 0.115250 -18.767209 3.141593
302 13018.768328 -0.959503 0.000000 0.959503 -0.359072 3.141593
303 13061.876833 -1.242233 0.000000 1.242233 1.884063 3.141593
304 13104.985337 -0.801682 0.000000 0.801682 -1.919963 3.141593
305 13148.093842 0.102798 0.000000 0.102798 -19.760268 0.000000
306 13191.202346 0.943466 0.000000 0.943466 -0.505473 0.000000
307 13234.310850 1.231995 0.000000 1.231995 1.812176 0.000000
308 13277.419355 0.803162 0.000000 0.803162 -1.903941 0.000000
309 13320.527859 -0.090591 0.000000 0.090591 -20.858258 3.141593
310 13363.636364 -0.927780 0.000000 0.927780 -0.651098 3.141593
311 13406.744868 -1.222031 0.000000 1.222031 1.741642 3.141593
312 13449.853372 -0.804688 0.000000 0.804688 -1.887455 3.141593
313 13492.961877 0.078598 0.000000 0.078598 -22.091768 0.000000
314 13536.070381 0.912415 0.000000 0.912415 -0.796156 0.000000
315 13579.178886 1.212311 0.000000 1.212311 1.672279 0.000000
316 13622.287390 0.806229 0.000000 0.806229 -1.870836 0.000000
317 13665.395894 -0.066818 0.000000 0.066818 -23.502100 3.141593
318 13708.504399 -0.897385 0.000000 0.897385 -0.940427 3.141593
319 13751.612903 -1.202835 0.000000 1.202835 1.604122 3.141593
320 13794.721408 -0.807800 0.000000 0.807800 -1.853920 3.141593
321 13837.829912 0.055222 0.000000 0.055222 -25.157827 0.000000
322 13880.938416 0.882645 0.000000 0.882645 -1.084282 0.000000
323 13924.046921 1.193604 0.000000 1.193604 1.537202 0.000000
324 13967.155425 0.809387 0.000000 0.809387 -1.836873 0.000000
325 14010.263930 -0.043839 0.000000 0.043839 -27.162886 3.141593
326 14053.372434 -0.868210 0.000000 0.868210 -1.227506 3.141593
327 14096.480938 -1.184586 0.000000 1.184586 1.471329 3.141593
328 14139.589443 -0.811020 0.000000 0.811020 -1.819370 3.141593
329 14182.697947 0.032623 0.000000 0.032623 -29.729445 0.000000
330 14225.806452 0.854050 0.000000 0.854050 -1.370337 0.000000
331 14268.914956 1.175781 0.000000 1.175781 1.406531 0.000000
332 14312.023460 0.812668 0.000000 0.812668 -1.801738 0.000000
333 14355.131965 -0.021576 0.000000 0.021576 -33.320610 3.141593
334 14398.240469 -0.840164 0.000000 0.840164 -1.512717 3.141593
335 14441.348974 -1.167191 0.000000 1.167191 1.342835 3.141593
336 14484.457478 -0.814346 0.000000 0.814346 -1.783817 3.141593
337 14527.565982 0.010712 0.000000 0.010712 -39.402856 0.000000
338 14570.674487 0.826538 0.000000 0.826538 -1.654743 0.000000
339 14613.782991 1.158813 0.000000 1.158813 1.280271 0.000000
340 14656.891496 0.816055 0.000000 0.816055 -1.765608 0.000000
341 14700.000000 0.000000 0.000000 0.000000 -inf 0.000000
342 14743.108504 -0.813171 0.000000 0.813171 -1.796358 3.141593
343 14786.217009 -1.150620 0.000000 1.150620 1.218635 3.141593
344 14829.325513 -0.817795 0.000000 0.817795 -1.747113 3.141593
345 14872.434018 -0.010559 0.000000 0.010559 -39.527477 3.141593
346 14915.542522 0.800034 0.000000 0.800034 -1.937836 0.000000
347 14958.651026 1.142624 0.000000 1.142624 1.158066 0.000000
348 15001.759531 0.819565 0.000000 0.819565 -1.728334 0.000000
349 15044.868035 0.020981 0.000000 0.020981 -33.563545 0.000000
350 15087.976540 -0.787125 0.000000 0.787125 -2.079130 3.141593
351 15131.085044 -1.134811 0.000000 1.134811 1.098474 3.141593
352 15174.193548 -0.821365 0.000000 0.821365 -1.709272 3.141593
353 15217.302053 -0.031265 0.000000 0.031265 -30.098759 3.141593
354 15260.410557 0.774445 0.000000 0.774445 -2.220193 0.000000
355 15303.519062 1.127167 0.000000 1.127167 1.039763 0.000000
356 15346.627566 0.823196 0.000000 0.823196 -1.689931 0.000000
357 15389.736070 0.041412 0.000000 0.041412 -27.657402 0.000000
358 15432.844575 -0.761978 0.000000 0.761978 -2.361150 3.141593
359 15475.953079 -1.119690 0.000000 1.119690 0.981956 3.141593
360 15519.061584 -0.825058 0.000000 0.825058 -1.670311 3.141593
361 15562.170088 -0.051437 0.000000 0.051437 -25.774424 3.141593
362 15605.278592 0.749725 0.000000 0.749725 -2.501956 0.000000
363 15648.387097 1.112396 0.000000 1.112396 0.925190 0.000000
364 15691.495601 0.826950 0.000000 0.826950 -1.650414 0.000000
365 15734.604106 0.061340 0.000000 0.061340 -24.245078 0.000000
366 15777.712610 -0.737656 0.000000 0.737656 -2.642927 3.141593
367 15820.821114 -1.105255 0.000000 1.105255 0.869251 3.141593
368 15863.929619 -0.828873 0.000000 0.828873 -1.630243 3.141593
369 15907.038123 -0.071136 0.000000 0.071136 -22.958153 3.141593
370 15950.146628 0.725784 0.000000 0.725784 -2.783849 0.000000
371 15993.255132 1.098267 0.000000 1.098267 0.814156 0.000000
372 16036.363636 0.830826 0.000000 0.830826 -1.609800 0.000000
373 16079.472141 0.080826 0.000000 0.080826 -21.848999 0.000000
374 16122.580645 -0.714081 0.000000 0.714081 -2.925053 3.141593
375 16165.689150 -1.091431 0.000000 1.091431 0.759923 3.141593
376 16208.797654 -0.832809 0.000000 0.832809 -1.589087 3.141593
377 16251.906158 -0.090424 0.000000 0.090424 -20.874366 3.141593
378 16295.014663 0.702576 0.000000 0.702576 -3.066138 0.000000
379 16338.123167 1.084732 0.000000 1.084732 0.706449 0.000000
380 16381.231672 0.834839 0.000000 0.834839 -1.567947 0.000000
381 16424.340176 0.099915 0.000000 0.099915 -20.007425 0.000000
382 16467.448680 -0.691223 0.000000 0.691223 -3.207635 3.141593
383 16510.557185 -1.078186 0.000000 1.078186 0.653874 3.141593
384 16553.665689 -0.836884 0.000000 0.836884 -1.546699 3.141593
385 16596.774194 -0.109299 0.000000 0.109299 -19.227700 3.141593
386 16639.882698 0.680038 0.000000 0.680038 -3.349331 0.000000
387 16682.991202 1.071777 0.000000 1.071777 0.602091 0.000000
388 16726.099707 0.838974 0.000000 0.838974 -1.525030 0.000000
389 16769.208211 0.118622 0.000000 0.118622 -18.516708 0.000000
390 16812.316716 -0.669006 0.000000 0.669006 -3.491395 3.141593
391 16855.425220 -1.065491 0.000000 1.065491 0.550993 3.141593
392 16898.533724 -0.841095 0.000000 0.841095 -1.503099 3.141593
393 16941.642229 -0.127853 0.000000 0.127853 -17.865755 3.141593
394 16984.750733 0.658112 0.000000 0.658112 -3.634009 0.000000
395 17027.859238 1.059341 0.000000 1.059341 0.500719 0.000000
396 17070.967742 0.843262 0.000000 0.843262 -1.480752 0.000000
397 17114.076246 0.136993 0.000000 0.136993 -17.266007 0.000000
398 17157.184751 -0.647385 0.000000 0.647385 -3.776752 3.141593
399 17200.293255 -1.053329 0.000000 1.053329 0.451285 3.141593
400 17243.401760 -0.845459 0.000000 0.845459 -1.458149 3.141593
401 17286.510264 -0.146072 0.000000 0.146072 -16.708637 3.141593
402 17329.618768 0.636780 0.000000 0.636780 -3.920215 0.000000
403 17372.727273 1.047424 0.000000 1.047424 0.402453 0.000000
404 17415.835777 0.847687 0.000000 0.847687 -1.435292 0.000000
405 17458.944282 0.155090 0.000000 0.155090 -16.188305 0.000000
406 17502.052786 -0.626312 0.000000 0.626312 -4.064182 3.141593
407 17545.161290 -1.041641 0.000000 1.041641 0.354363 3.141593
408 17588.269795 -0.849960 0.000000 0.849960 -1.412027 3.141593
409 17631.378299 -0.164032 0.000000 0.164032 -15.701429 3.141593
410 17674.486804 0.615967 0.000000 0.615967 -4.208854 0.000000
411 17717.595308 1.035980 0.000000 1.035980 0.307029 0.000000
412 17760.703812 0.852264 0.000000 0.852264 -1.388513 0.000000
413 17803.812317 0.172913 0.000000 0.172913 -15.243467 0.000000
414 17846.920821 -0.605743 0.000000 0.605743 -4.354226 3.141593
415 17890.029326 -1.030426 0.000000 1.030426 0.260336 3.141593
416 17933.137830 -0.854599 0.000000 0.854599 -1.364752 3.141593
417 17976.246334 -0.181747 0.000000 0.181747 -14.810634 3.141593
418 18019.354839 0.595642 0.000000 0.595642 -4.500292 0.000000
419 18062.463343 1.024979 0.000000 1.024979 0.214296 0.000000
420 18105.571848 0.856995 0.000000 0.856995 -1.340438 0.000000
421 18148.680352 0.190521 0.000000 0.190521 -14.401132 0.000000
422 18191.788856 -0.585663 0.000000 0.585663 -4.647047 3.141593
423 18234.897361 -1.019638 0.000000 1.019638 0.168921 3.141593
424 18278.005865 -0.859406 0.000000 0.859406 -1.316037 3.141593
425 18321.114370 -0.199249 0.000000 0.199249 -14.012065 3.141593
426 18364.222874 0.575775 0.000000 0.575775 -4.794942 0.000000
427 18407.331378 1.014404 0.000000 1.014404 0.124222 0.000000
428 18450.439883 0.861877 0.000000 0.861877 -1.291090 0.000000
429 18493.548387 0.207932 0.000000 0.207932 -13.641593 0.000000
430 18536.656891 -0.565994 0.000000 0.565994 -4.943759 3.141593
431 18579.765396 -1.009262 0.000000 1.009262 0.080079 3.141593
432 18622.873900 -0.864380 0.000000 0.864380 -1.265907 3.141593
433 18665.982405 -0.216568 0.000000 0.216568 -13.288115 3.141593
434 18709.090909 0.556320 0.000000 0.556320 -5.093504 0.000000
435 18752.199413 1.004227 0.000000 1.004227 0.036635 0.000000
436 18795.307918 0.866928 0.000000 0.866928 -1.240338 0.000000
437 18838.416422 0.225174 0.000000 0.225174 -12.949637 0.000000
438 18881.524927 -0.546722 0.000000 0.546722 -5.244662 3.141593
439 18924.633431 -0.999298 0.000000 0.999298 -0.006099 3.141593
440 18967.741935 -0.869507 0.000000 0.869507 -1.214540 3.141593
441 19010.850440 -0.233734 0.000000 0.233734 -12.625557 3.141593
442 19053.958944 0.537231 0.000000 0.537231 -5.396772 0.000000
443 19097.067449 0.994446 0.000000 0.994446 -0.048378 0.000000
444 19140.175953 0.872147 0.000000 0.872147 -1.188210 0.000000
445 19183.284457 0.242279 0.000000 0.242279 -12.313683 0.000000
446 19226.392962 -0.527817 0.000000 0.527817 -5.550336 3.141593
447 19269.501466 -0.989685 0.000000 0.989685 -0.090060 3.141593
448 19312.609971 -0.874817 0.000000 0.874817 -1.161657 3.141593
449 19355.718475 -0.250793 0.000000 0.250793 -12.013676 3.141593
450 19398.826979 0.518494 0.000000 0.518494 -5.705131 0.000000
451 19441.935484 0.985016 0.000000 0.985016 -0.131135 0.000000
452 19485.043988 0.877533 0.000000 0.877533 -1.134731 0.000000
453 19528.152493 0.259277 0.000000 0.259277 -11.724709 0.000000
454 19571.260997 -0.509247 0.000000 0.509247 -5.861433 3.141593
455 19614.369501 -0.980438 0.000000 0.980438 -0.171595 3.141593
456 19657.478006 -0.880310 0.000000 0.880310 -1.107287 3.141593
457 19700.586510 -0.267746 0.000000 0.267746 -11.445541 3.141593
458 19743.695015 0.500061 0.000000 0.500061 -6.019540 0.000000
459 19786.803519 0.975937 0.000000 0.975937 -0.211565 0.000000
460 19829.912023 0.883118 0.000000 0.883118 -1.079628 0.000000
461 19873.020528 0.276184 0.000000 0.276184 -11.176027 0.000000
462 19916.129032 -0.490952 0.000000 0.490952 -6.179228 3.141593
463 19959.237537 -0.971527 0.000000 0.971527 -0.250902 3.141593
464 20002.346041 -0.885971 0.000000 0.885971 -1.051609 3.141593
465 20045.454545 -0.284622 0.000000 0.284622 -10.914625 3.141593
466 20088.563050 0.481918 0.000000 0.481918 -6.340531 0.000000
467 20131.671554 0.967194 0.000000 0.967194 -0.289732 0.000000
468 20174.780059 0.888885 0.000000 0.888885 -1.023084 0.000000
469 20217.888563 0.293045 0.000000 0.293045 -10.661312 0.000000
470 20260.997067 -0.472931 0.000000 0.472931 -6.504046 3.141593
471 20304.105572 -0.962936 0.000000 0.962936 -0.328048 3.141593
472 20347.214076 -0.891830 0.000000 0.891830 -0.994354 3.141593
473 20390.322581 -0.301453 0.000000 0.301453 -10.415618 3.141593
474 20433.431085 0.464020 0.000000 0.464020 -6.669270 0.000000
475 20476.539589 0.958755 0.000000 0.958755 -0.365843 0.000000
476 20519.648094 0.894836 0.000000 0.894836 -0.965127 0.000000
477 20562.756598 0.309875 0.000000 0.309875 -10.176256 0.000000
478 20605.865103 -0.455154 0.000000 0.455154 -6.836825 3.141593
479 20648.973607 -0.954651 0.000000 0.954651 -0.403108 3.141593
480 20692.082111 -0.897903 0.000000 0.897903 -0.935407 3.141593
481 20735.190616 -0.318283 0.000000 0.318283 -9.943729 3.141593
482 20778.299120 0.446350 0.000000 0.446350 -7.006487 0.000000
483 20821.407625 0.950623 0.000000 0.950623 -0.439838 0.000000
484 20864.516129 0.901001 0.000000 0.901001 -0.905495 0.000000
485 20907.624633 0.326691 0.000000 0.326691 -9.717265 0.000000
486 20950.733138 -0.437592 0.000000 0.437592 -7.178621 3.141593
487 20993.841642 -0.946655 0.000000 0.946655 -0.476163 3.141593
488 21036.950147 -0.904175 0.000000 0.904175 -0.874952 3.141593
489 21080.058651 -0.335098 0.000000 0.335098 -9.496556 3.141593
490 21123.167155 0.428879 0.000000 0.428879 -7.353309 0.000000
491 21166.275660 0.942780 0.000000 0.942780 -0.511797 0.000000
492 21209.384164 0.907379 0.000000 0.907379 -0.844224 0.000000
493 21252.492669 0.343521 0.000000 0.343521 -9.280931 0.000000
494 21295.601173 -0.420197 0.000000 0.420197 -7.530951 3.141593
495 21338.709677 -0.938950 0.000000 0.938950 -0.547155 3.141593
496 21381.818182 -0.910660 0.000000 0.910660 -0.812877 3.141593
497 21424.926686 -0.351959 0.000000 0.351959 -9.070153 3.141593
498 21468.035191 0.411560 0.000000 0.411560 -7.711336 0.000000
499 21511.143695 0.935196 0.000000 0.935196 -0.581948 0.000000
500 21554.252199 0.913986 0.000000 0.913986 -0.781207 0.000000
501 21597.360704 0.360413 0.000000 0.360413 -8.864001 0.000000
502 21640.469208 -0.402969 0.000000 0.402969 -7.894559 3.141593
503 21683.577713 -0.931503 0.000000 0.931503 -0.616312 3.141593
504 21726.686217 -0.917374 0.000000 0.917374 -0.749075 3.141593
505 21769.794721 -0.368881 0.000000 0.368881 -8.662269 3.141593
506 21812.903226 0.394409 0.000000 0.394409 -8.081060 0.000000
507 21856.011730 0.927872 0.000000 0.927872 -0.650241 0.000000
508 21899.120235 0.920807 0.000000 0.920807 -0.716629 0.000000
509 21942.228739 0.377365 0.000000 0.377365 -8.464765 0.000000
510 21985.337243 -0.385864 0.000000 0.385864 -8.271309 3.141593
511 22028.445748 -0.924316 0.000000 0.924316 -0.683587 3.141593
