1.000000e+00 5.110000e+02 1.020026e-13 5.109839e+02 0.000000e+00 5.110000e+02 5.109839e+02 0 4.590000e+02 0.000000e+00 4.590000e+02 0.000000e+00 1.000000e+00
1.000000e+00 5.110000e+02 4.717765e-14 5.110092e+02 -5.873340e-15 5.110000e+02 5.110092e+02 1 5.111908e+01 -6.245005e-16 5.111897e+01 -0.000000e+00 1.000000e+00
1.000000e+00 5.110000e+02 1.057583e-13 5.109983e+02 -8.093786e-15 5.110000e+02 5.109983e+02 2 -4.852990e+01 -3.072542e-14 -4.853019e+01 -0.000000e+00 1.000000e+00
1.000000e+00 5.110000e+02 1.244721e-13 5.110017e+02 -9.433752e-15 5.110000e+02 5.110017e+02 3 4.438937e+01 2.886580e-15 4.438919e+01 0.000000e+00 1.000000e+00
1.000000e+00 5.110000e+02 1.791475e-13 5.109914e+02 -7.229894e-15 5.110000e+02 5.109914e+02 4 -3.894639e+01 -9.436896e-16 -3.894637e+01 -0.000000e+00 1.000000e+00
1.000000e+00 5.110000e+02 1.447289e-13 5.109938e+02 -6.345402e-15 5.110000e+02 5.109938e+02 5 3.252394e+01 6.994405e-15 3.252388e+01 0.000000e+00 1.000000e+00
1.000000e+00 5.110000e+02 1.458115e-13 5.109983e+02 -2.818427e-14 5.110000e+02 5.109983e+02 6 -2.549607e+01 9.159340e-15 -2.549645e+01 0.000000e+00 1.000000e+00
1.000000e+00 5.110000e+02 -5.666737e-14 5.109993e+02 3.924053e-15 5.110000e+02 5.109993e+02 7 1.826148e+01 7.993606e-15 1.826153e+01 0.000000e+00 1.000000e+00
1.000000e+00 5.110000e+02 -1.220872e-13 5.110009e+02 9.604730e-15 5.110000e+02 5.110009e+02 8 -1.121581e+01 9.381385e-15 -1.121571e+01 0.000000e+00 1.000000e+00
1.000000e+00 5.110000e+02 -4.552914e-14 5.109974e+02 -1.460464e-14 5.110000e+02 5.109974e+02 9 4.724732e+00 1.026262e-14 4.724937e+00 0.000000e+00 1.000000e+00
1.000000e+00 5.110000e+02 -8.612571e-14 5.109950e+02 6.091720e-14 5.110000e+02 5.109950e+02 10 9.001078e-01 1.473821e-14 8.999880e-01 0.000000e+00 1.000000e+00
1.000000e+00 5.110000e+02 -5.329071e-14 5.110012e+02 -3.907985e-14 5.110000e+02 5.110012e+02 11 -5.420508e+00 8.937295e-15 -5.420939e+00 0.000000e+00 1.000000e+00
1.000000e+00 5.110000e+02 -4.263256e-14 5.109934e+02 1.776357e-14 5.110000e+02 5.109934e+02 12 8.685151e+00 -1.360023e-15 8.685584e+00 -0.000000e+00 1.000000e+00
1.000000e+00 5.110000e+02 2.842171e-14 5.110025e+02 3.552714e-15 5.110000e+02 5.110025e+02 13 -1.063614e+01 3.996803e-15 -1.063614e+01 0.000000e+00 1.000000e+00
1.000000e+00 5.110000e+02 -9.947598e-14 5.110076e+02 0.000000e+00 5.110000e+02 5.110076e+02 14 1.130833e+01 9.436896e-15 1.130851e+01 0.000000e+00 1.000000e+00
1.000000e+00 5.110000e+02 -5.329071e-14 5.109942e+02 2.486900e-14 5.110000e+02 5.109942e+02 15 -1.082176e+01 6.827872e-15 -1.082174e+01 0.000000e+00 1.000000e+00
1.000000e+00 5.110000e+02 -9.237056e-14 5.109990e+02 7.105427e-15 5.110000e+02 5.109990e+02 16 9.367945e+00 8.604228e-15 9.367579e+00 0.000000e+00 1.000000e+00
1.000000e+00 5.110000e+02 -1.065814e-13 5.110023e+02 -2.842171e-14 5.110000e+02 5.110023e+02 17 -7.191330e+00 -2.026157e-15 -7.191149e+00 -0.000000e+00 1.000000e+00
1.000000e+00 5.110000e+02 -1.065814e-13 5.110026e+02 1.421085e-14 5.110000e+02 5.110026e+02 18 4.567583e+00 9.669349e-15 4.567351e+00 0.000000e+00 1.000000e+00
1.000000e+00 5.110000e+02 -1.421085e-14 5.109952e+02 -7.105427e-15 5.110000e+02 5.109952e+02 19 -1.780517e+00 6.800116e-15 -1.780716e+00 0.000000e+00 1.000000e+00
1.000000e+00 5.110000e+02 1.776357e-14 5.110012e+02 -1.421085e-14 5.110000e+02 5.110012e+02 20 -9.004314e-01 6.411538e-15 -9.008635e-01 0.000000e+00 1.000000e+00
1.000000e+00 5.110000e+02 1.421085e-14 5.109937e+02 -1.421085e-14 5.110000e+02 5.109937e+02 21 3.240385e+00 6.772360e-15 3.240132e+00 0.000000e+00 1.000000e+00
1.000000e+00 5.110000e+02 -6.394885e-14 5.109996e+02 -3.552714e-15 5.110000e+02 5.109996e+02 22 -5.055333e+00 6.772360e-15 -5.054991e+00 0.000000e+00 1.000000e+00
1.000000e+00 5.110000e+02 7.105427e-15 5.110030e+02 -2.131628e-14 5.110000e+02 5.110030e+02 23 6.223411e+00 9.214851e-15 6.223750e+00 0.000000e+00 1.000000e+00
1.000000e+00 5.110000e+02 -2.131628e-14 5.109988e+02 7.105427e-15 5.110000e+02 5.109988e+02 24 -6.690440e+00 7.605028e-15 -6.690378e+00 0.000000e+00 1.000000e+00
1.000000e+00 5.110000e+02 -2.486900e-14 5.109941e+02 -2.486900e-14 5.110000e+02 5.109941e+02 25 6.469547e+00 1.049161e-14 6.469758e+00 0.000000e+00 1.000000e+00
1.000000e+00 5.110000e+02 -2.842171e-14 5.110051e+02 3.552714e-15 5.110000e+02 5.110051e+02 26 -5.635169e+00 9.381385e-15 -5.635431e+00 0.000000e+00 1.000000e+00
1.000000e+00 5.110000e+02 -2.131628e-14 5.110045e+02 -4.618528e-14 5.110000e+02 5.110045e+02 27 4.312216e+00 5.828671e-15 4.312588e+00 0.000000e+00 1.000000e+00
1.000000e+00 5.110000e+02 -2.842171e-14 5.109993e+02 2.486900e-14 5.110000e+02 5.109993e+02 28 -2.661558e+00 8.090750e-15 -2.661443e+00 0.000000e+00 1.000000e+00
1.000000e+00 5.110000e+02 -1.101341e-13 5.109833e+02 1.065814e-14 5.110000e+02 5.109833e+02 29 8.632450e-01 4.884981e-15 8.632180e-01 0.000000e+00 1.000000e+00
1.000000e+00 5.110000e+02 -1.278977e-13 5.109958e+02 2.842171e-14 5.110000e+02 5.109958e+02 30 9.009720e-01 1.049161e-14 9.008635e-01 0.000000e+00 1.000000e+00
1.000000e+00 5.110000e+02 -1.456613e-13 5.109955e+02 0.000000e+00 5.110000e+02 5.109955e+02 31 -2.464263e+00 6.661338e-15 -2.464461e+00 0.000000e+00 1.000000e+00
1.000000e+00 5.110000e+02 -1.705303e-13 5.109903e+02 -7.105427e-14 5.110000e+02 5.109903e+02 32 3.689076e+00 1.071365e-14 3.689250e+00 0.000000e+00 1.000000e+00
1.000000e+00 5.110000e+02 -6.394885e-14 5.110101e+02 4.263256e-14 5.110000e+02 5.110101e+02 33 -4.478068e+00 2.053913e-15 -4.478053e+00 0.000000e+00 1.000000e+00
1.000000e+00 5.110000e+02 -2.131628e-14 5.110014e+02 -2.131628e-14 5.110000e+02 5.110014e+02 34 4.780804e+00 1.110223e-15 4.780967e+00 0.000000e+00 1.000000e+00
1.000000e+00 5.110000e+02 -9.237056e-14 5.109961e+02 7.460699e-14 5.110000e+02 5.109961e+02 35 -4.595833e+00 4.413137e-15 -4.596242e+00 0.000000e+00 1.000000e+00
1.000000e+00 5.110000e+02 -2.629008e-13 5.110053e+02 3.552714e-15 5.110000e+02 5.110053e+02 36 3.968164e+00 4.607426e-15 3.968527e+00 0.000000e+00 1.000000e+00
1.000000e+00 5.110000e+02 -8.881784e-14 5.109959e+02 -7.105427e-15 5.110000e+02 5.109959e+02 37 -2.982598e+00 4.204970e-15 -2.982742e+00 0.000000e+00 1.000000e+00
1.000000e+00 5.110000e+02 -1.492140e-13 5.109979e+02 1.421085e-14 5.110000e+02 5.109979e+02 38 1.753711e+00 5.495604e-15 1.753576e+00 0.000000e+00 1.000000e+00
1.000000e+00 5.110000e+02 -5.329071e-14 5.110079e+02 4.263256e-14 5.110000e+02 5.110079e+02 39 -4.135462e-01 -1.443290e-15 -4.132241e-01 -0.000000e+00 1.000000e+00
1.000000e+00 5.110000e+02 -1.527667e-13 5.110071e+02 1.065814e-14 5.110000e+02 5.110071e+02 40 -9.017315e-01 3.996803e-15 -9.017389e-01 0.000000e+00 1.000000e+00
1.000000e+00 5.110000e+02 -1.350031e-13 5.110052e+02 -2.486900e-14 5.110000e+02 5.110052e+02 41 2.064955e+00 9.048318e-15 2.065245e+00 0.000000e+00 1.000000e+00
1.000000e+00 5.110000e+02 -1.207923e-13 5.109953e+02 2.131628e-14 5.110000e+02 5.109953e+02 42 -2.969634e+00 4.884981e-15 -2.969610e+00 0.000000e+00 1.000000e+00
1.000000e+00 5.110000e+02 -1.492140e-13 5.110037e+02 -5.329071e-14 5.110000e+02 5.110037e+02 43 3.539172e+00 8.437695e-15 3.539544e+00 0.000000e+00 1.000000e+00
1.000000e+00 5.110000e+02 -3.552714e-14 5.110034e+02 -1.065814e-14 5.110000e+02 5.110034e+02 44 -3.732859e+00 3.941292e-15 -3.733024e+00 0.000000e+00 1.000000e+00
1.000000e+00 5.110000e+02 -1.989520e-13 5.110035e+02 -1.065814e-14 5.110000e+02 5.110035e+02 45 3.548207e+00 8.104628e-15 3.548299e+00 0.000000e+00 1.000000e+00
1.000000e+00 5.110000e+02 -1.492140e-13 5.109958e+02 1.065814e-14 5.110000e+02 5.109958e+02 46 -3.019567e+00 4.746203e-15 -3.019512e+00 0.000000e+00 1.000000e+00
1.000000e+00 5.110000e+02 -1.492140e-13 5.109968e+02 -2.842171e-14 5.110000e+02 5.109968e+02 47 2.213288e+00 4.884981e-15 2.213200e+00 0.000000e+00 1.000000e+00
1.000000e+00 5.110000e+02 -4.263256e-14 5.110029e+02 -3.552714e-14 5.110000e+02 5.110029e+02 48 -1.220020e+00 3.996803e-15 -1.220412e+00 0.000000e+00 1.000000e+00
1.000000e+00 5.110000e+02 -7.105427e-15 5.110071e+02 1.421085e-14 5.110000e+02 5.110071e+02 49 1.449962e-01 5.551115e-15 1.453288e-01 0.000000e+00 1.000000e+00
1.000000e+00 5.110000e+02 -2.842171e-14 5.109977e+02 1.421085e-14 5.110000e+02 5.109977e+02 50 9.027126e-01 4.662937e-15 9.026144e-01 0.000000e+00 1.000000e+00
1.000000e+00 5.110000e+02 -2.131628e-14 5.109978e+02 -1.065814e-14 5.110000e+02 5.109978e+02 51 -1.820905e+00 4.218847e-15 -1.820987e+00 0.000000e+00 1.000000e+00
1.000000e+00 5.110000e+02 -1.101341e-13 5.109955e+02 -1.065814e-14 5.110000e+02 5.109955e+02 52 2.523899e+00 5.440093e-15 2.523994e+00 0.000000e+00 1.000000e+00
1.000000e+00 5.110000e+02 -1.101341e-13 5.109954e+02 -4.263256e-14 5.110000e+02 5.109954e+02 53 -2.950250e+00 7.216450e-16 -2.950350e+00 0.000000e+00 1.000000e+00
1.000000e+00 5.110000e+02 -7.105427e-14 5.109993e+02 -1.421085e-14 5.110000e+02 5.109993e+02 54 3.067843e+00 3.219647e-15 3.067663e+00 0.000000e+00 1.000000e+00
1.000000e+00 5.110000e+02 -2.842171e-14 5.110056e+02 -1.065814e-14 5.110000e+02 5.110056e+02 55 -2.875989e+00 1.845746e-15 -2.875934e+00 0.000000e+00 1.000000e+00
1.000000e+00 5.110000e+02 6.039613e-14 5.109875e+02 -3.552714e-15 5.110000e+02 5.109875e+02 56 2.404397e+00 4.607426e-15 2.404054e+00 0.000000e+00 1.000000e+00
1.000000e+00 5.110000e+02 -2.842171e-14 5.109981e+02 -3.907985e-14 5.110000e+02 5.109981e+02 57 -1.709245e+00 1.443290e-15 -1.708927e+00 0.000000e+00 1.000000e+00
1.000000e+00 5.110000e+02 3.552714e-14 5.109994e+02 -7.105427e-15 5.110000e+02 5.109994e+02 58 8.668090e-01 1.665335e-15 8.667199e-01 0.000000e+00 1.000000e+00
1.000000e+00 5.110000e+02 5.684342e-14 5.109978e+02 -3.552714e-15 5.110000e+02 5.109978e+02 59 3.465234e-02 1.554312e-15 3.501899e-02 0.000000e+00 1.000000e+00
1.000000e+00 5.110000e+02 -4.263256e-14 5.110013e+02 7.105427e-14 5.110000e+02 5.110013e+02 60 -9.039187e-01 1.998401e-15 -9.034899e-01 0.000000e+00 1.000000e+00
1.000000e+00 5.110000e+02 1.421085e-14 5.110098e+02 -8.881784e-14 5.110000e+02 5.110098e+02 61 1.655835e+00 3.330669e-15 1.655523e+00 0.000000e+00 1.000000e+00
1.000000e+00 5.110000e+02 9.947598e-14 5.109972e+02 -1.421085e-14 5.110000e+02 5.109972e+02 62 -2.219469e+00 1.554312e-15 -2.219328e+00 0.000000e+00 1.000000e+00
1.000000e+00 5.110000e+02 -3.244007e-14 5.110025e+02 -2.236248e-15 5.110000e+02 5.110025e+02 63 2.544637e+00 -6.661338e-16 2.545005e+00 -0.000000e+00 1.000000e+00
1.000000e+00 5.110000e+02 1.274281e-14 5.110073e+02 -5.738682e-14 5.110000e+02 5.110073e+02 64 -2.606205e+00 -2.137179e-15 -2.606288e+00 -0.000000e+00 1.000000e+00
1.000000e+00 5.110000e+02 1.503267e-15 5.109988e+02 4.939972e-14 5.110000e+02 5.109988e+02 65 2.405821e+00 -7.771561e-16 2.405804e+00 -0.000000e+00 1.000000e+00
1.000000e+00 5.110000e+02 -4.627725e-14 5.109990e+02 1.195810e-14 5.110000e+02 5.109990e+02 66 -1.970974e+00 2.220446e-15 -1.970694e+00 0.000000e+00 1.000000e+00
1.000000e+00 5.110000e+02 5.910369e-15 5.109940e+02 -4.455204e-15 5.110000e+02 5.109940e+02 67 1.351556e+00 -3.552714e-15 1.351733e+00 -0.000000e+00 1.000000e+00
1.000000e+00 5.110000e+02 -1.937794e-14 5.110038e+02 6.490468e-15 5.110000e+02 5.110038e+02 68 -6.143152e-01 4.440892e-16 -6.145832e-01 0.000000e+00 1.000000e+00
1.000000e+00 5.110000e+02 -5.186483e-14 5.110048e+02 -1.928926e-14 5.110000e+02 5.110048e+02 69 -1.641787e-01 2.664535e-15 -1.645892e-01 0.000000e+00 1.000000e+00
1.000000e+00 5.110000e+02 -3.768515e-14 5.110075e+02 4.652637e-14 5.110000e+02 5.110075e+02 70 9.053542e-01 -3.552714e-15 9.052408e-01 -0.000000e+00 1.000000e+00
1.000000e+00 5.110000e+02 -9.070150e-15 5.110020e+02 7.274563e-15 5.110000e+02 5.110020e+02 71 -1.536439e+00 0.000000e+00 -1.536458e+00 0.000000e+00 1.000000e+00
1.000000e+00 5.110000e+02 2.842272e-14 5.109970e+02 -2.698839e-14 5.110000e+02 5.109970e+02 72 1.997490e+00 5.329071e-15 1.997833e+00 0.000000e+00 1.000000e+00
1.000000e+00 5.110000e+02 2.912421e-15 5.110017e+02 -1.480478e-14 5.110000e+02 5.110017e+02 73 -2.246980e+00 -7.105427e-15 -2.247344e+00 -0.000000e+00 1.000000e+00
1.000000e+00 5.110000e+02 3.683903e-14 5.109956e+02 -1.661356e-14 5.110000e+02 5.109956e+02 74 2.265430e+00 -2.664535e-15 2.265729e+00 -0.000000e+00 1.000000e+00
1.000000e+00 5.110000e+02 -5.656483e-15 5.110051e+02 1.100812e-14 5.110000e+02 5.110051e+02 75 -2.056783e+00 2.664535e-15 -2.056490e+00 0.000000e+00 1.000000e+00
1.000000e+00 5.110000e+02 4.480874e-15 5.110029e+02 5.517288e-14 5.110000e+02 5.110029e+02 76 1.647432e+00 0.000000e+00 1.647643e+00 0.000000e+00 1.000000e+00
1.000000e+00 5.110000e+02 -2.250415e-14 5.109906e+02 -1.935827e-14 5.110000e+02 5.109906e+02 77 -1.083063e+00 -2.664535e-15 -1.082962e+00 -0.000000e+00 1.000000e+00
1.000000e+00 5.110000e+02 -1.979851e-14 5.110030e+02 -2.350605e-15 5.110000e+02 5.110030e+02 78 4.236670e-01 -1.776357e-15 4.237298e-01 -0.000000e+00 1.000000e+00
1.000000e+00 5.110000e+02 2.584633e-14 5.110083e+02 -3.914230e-14 5.110000e+02 5.110083e+02 79 2.627355e-01 -4.440892e-16 2.626424e-01 -0.000000e+00 1.000000e+00
1.000000e+00 5.110000e+02 6.227604e-14 5.109954e+02 1.703282e-15 5.110000e+02 5.109954e+02 80 -9.070242e-01 -8.881784e-16 -9.069918e-01 -0.000000e+00 1.000000e+00
1.000000e+00 5.110000e+02 -6.293017e-15 5.109952e+02 3.187549e-14 5.110000e+02 5.109952e+02 81 1.445855e+00 3.552714e-15 1.446284e+00 0.000000e+00 1.000000e+00
1.000000e+00 5.110000e+02 2.704594e-14 5.109984e+02 5.659535e-16 5.110000e+02 5.109984e+02 82 -1.827808e+00 1.249001e-16 -1.827991e+00 0.000000e+00 1.000000e+00
1.000000e+00 5.110000e+02 1.472126e-14 5.110009e+02 3.795879e-14 5.110000e+02 5.110009e+02 83 2.018226e+00 2.220446e-15 2.017969e+00 0.000000e+00 1.000000e+00
1.000000e+00 5.110000e+02 -2.842171e-14 5.109989e+02 -5.684342e-14 5.110000e+02 5.109989e+02 84 -2.002281e+00 1.332268e-15 -2.002211e+00 0.000000e+00 1.000000e+00
1.000000e+00 5.110000e+02 -2.842171e-14 5.109904e+02 0.000000e+00 5.110000e+02 5.109904e+02 85 1.786020e+00 -8.881784e-16 1.785968e+00 -0.000000e+00 1.000000e+00
1.000000e+00 5.110000e+02 2.842171e-14 5.110127e+02 2.842171e-14 5.110000e+02 5.110127e+02 86 -1.395314e+00 3.108624e-15 -1.395507e+00 0.000000e+00 1.000000e+00
1.000000e+00 5.110000e+02 7.105427e-14 5.109946e+02 -4.263256e-14 5.110000e+02 5.109946e+02 87 8.728730e-01 0.000000e+00 8.728483e-01 0.000000e+00 1.000000e+00
1.000000e+00 5.110000e+02 2.842171e-14 5.110039e+02 -2.842171e-14 5.110000e+02 5.110039e+02 88 -2.736490e-01 2.220446e-16 -2.740236e-01 0.000000e+00 1.000000e+00
1.000000e+00 5.110000e+02 -2.842171e-14 5.109968e+02 -4.263256e-14 5.110000e+02 5.109968e+02 89 -3.408755e-01 6.661338e-16 -3.405597e-01 0.000000e+00 1.000000e+00
1.000000e+00 5.110000e+02 -5.684342e-14 5.110040e+02 -9.947598e-14 5.110000e+02 5.110040e+02 90 9.089351e-01 -2.220446e-16 9.087427e-01 -0.000000e+00 1.000000e+00
1.000000e+00 5.110000e+02 -4.263256e-14 5.110038e+02 0.000000e+00 5.110000e+02 5.110038e+02 91 -1.374630e+00 3.608225e-16 -1.374495e+00 0.000000e+00 1.000000e+00
1.000000e+00 5.110000e+02 1.421085e-14 5.109964e+02 0.000000e+00 5.110000e+02 5.109964e+02 92 1.693374e+00 9.992007e-16 1.693168e+00 0.000000e+00 1.000000e+00
1.000000e+00 5.110000e+02 2.842171e-14 5.110001e+02 -7.105427e-14 5.110000e+02 5.110001e+02 93 -1.836110e+00 5.551115e-16 -1.835870e+00 0.000000e+00 1.000000e+00
1.000000e+00 5.110000e+02 0.000000e+00 5.110035e+02 -2.842171e-14 5.110000e+02 5.110035e+02 94 1.791906e+00 1.110223e-15 1.792097e+00 0.000000e+00 1.000000e+00
1.000000e+00 5.110000e+02 -7.105427e-14 5.110053e+02 -2.842171e-14 5.110000e+02 5.110053e+02 95 -1.568704e+00 1.998401e-15 -1.568851e+00 0.000000e+00 1.000000e+00
1.000000e+00 5.110000e+02 -8.526513e-14 5.109930e+02 -4.263256e-14 5.110000e+02 5.109930e+02 96 1.192170e+00 1.554312e-15 1.192397e+00 0.000000e+00 1.000000e+00
1.000000e+00 5.110000e+02 1.421085e-14 5.109976e+02 -7.105427e-14 5.110000e+02 5.109976e+02 97 -7.028175e-01 1.443290e-15 -7.030062e-01 0.000000e+00 1.000000e+00
1.000000e+00 5.110000e+02 -2.842171e-14 5.109939e+02 1.421085e-14 5.110000e+02 5.109939e+02 98 1.516932e-01 6.661338e-16 1.514571e-01 0.000000e+00 1.000000e+00
1.000000e+00 5.110000e+02 2.842171e-14 5.109983e+02 7.105427e-14 5.110000e+02 5.109983e+02 99 4.048962e-01 2.331468e-15 4.044693e-01 0.000000e+00 1.000000e+00
1.000000e+00 5.110000e+02 1.421085e-14 5.109914e+02 -4.263256e-14 5.110000e+02 5.109914e+02 100 -9.110939e-01 4.718448e-16 -9.113692e-01 0.000000e+00 1.000000e+00
1.000000e+00 5.110000e+02 9.947598e-14 5.110052e+02 1.421085e-14 5.110000e+02 5.110052e+02 101 1.317056e+00 2.803313e-15 1.316714e+00 0.000000e+00 1.000000e+00
1.000000e+00 5.110000e+02 5.684342e-14 5.109892e+02 -4.263256e-14 5.110000e+02 5.109892e+02 102 -1.583818e+00 1.554312e-15 -1.583734e+00 0.000000e+00 1.000000e+00
1.000000e+00 5.110000e+02 1.136868e-13 5.109990e+02 4.263256e-14 5.110000e+02 5.109990e+02 103 1.687001e+00 3.108624e-15 1.687040e+00 0.000000e+00 1.000000e+00
1.000000e+00 5.110000e+02 8.526513e-14 5.109961e+02 2.842171e-14 5.110000e+02 5.109961e+02 104 -1.618997e+00 1.221245e-15 -1.618753e+00 0.000000e+00 1.000000e+00
1.000000e+00 5.110000e+02 2.842171e-14 5.109970e+02 -4.263256e-14 5.110000e+02 5.109970e+02 105 1.389448e+00 2.886580e-15 1.389378e+00 0.000000e+00 1.000000e+00
1.000000e+00 5.110000e+02 7.105427e-14 5.109968e+02 -2.842171e-14 5.110000e+02 5.109968e+02 106 -1.024006e+00 8.881784e-16 -1.024305e+00 0.000000e+00 1.000000e+00
1.000000e+00 5.110000e+02 9.947598e-14 5.109999e+02 4.263256e-14 5.110000e+02 5.109999e+02 107 5.615041e-01 7.771561e-16 5.611793e-01 0.000000e+00 1.000000e+00
1.000000e+00 5.110000e+02 1.705303e-13 5.110055e+02 1.421085e-14 5.110000e+02 5.110055e+02 108 -4.987366e-02 2.831069e-15 -4.990206e-02 0.000000e+00 1.000000e+00
1.000000e+00 5.110000e+02 8.526513e-14 5.110058e+02 -4.263256e-14 5.110000e+02 5.110058e+02 109 -4.587926e-01 1.221245e-15 -4.587487e-01 0.000000e+00 1.000000e+00
1.000000e+00 5.110000e+02 1.705303e-13 5.110047e+02 2.842171e-14 5.110000e+02 5.110047e+02 110 9.135092e-01 2.359224e-15 9.131201e-01 0.000000e+00 1.000000e+00
1.000000e+00 5.110000e+02 8.526513e-14 5.109928e+02 -2.842171e-14 5.110000e+02 5.109928e+02 111 -1.269477e+00 1.720846e-15 -1.269438e+00 0.000000e+00 1.000000e+00
1.000000e+00 5.110000e+02 2.842171e-14 5.110061e+02 1.421085e-14 5.110000e+02 5.110061e+02 112 1.492467e+00 1.110223e-15 1.492684e+00 0.000000e+00 1.000000e+00
1.000000e+00 5.110000e+02 2.842171e-14 5.110053e+02 -1.421085e-14 5.110000e+02 5.110053e+02 113 -1.562084e+00 2.220446e-16 -1.561847e+00 0.000000e+00 1.000000e+00
1.000000e+00 5.110000e+02 1.278977e-13 5.110144e+02 1.421085e-14 5.110000e+02 5.110144e+02 114 1.473601e+00 3.330669e-15 1.473424e+00 0.000000e+00 1.000000e+00
1.000000e+00 5.110000e+02 5.684342e-14 5.110051e+02 -1.421085e-14 5.110000e+02 5.110051e+02 115 -1.238203e+00 2.886580e-15 -1.237921e+00 0.000000e+00 1.000000e+00
1.000000e+00 5.110000e+02 7.105427e-14 5.110033e+02 -1.421085e-14 5.110000e+02 5.110033e+02 116 8.816352e-01 3.330669e-15 8.816030e-01 0.000000e+00 1.000000e+00
1.000000e+00 5.110000e+02 8.526513e-14 5.109994e+02 -4.263256e-14 5.110000e+02 5.109994e+02 117 -4.414205e-01 9.992007e-16 -4.412392e-01 0.000000e+00 1.000000e+00
1.000000e+00 5.110000e+02 5.684342e-14 5.109979e+02 2.842171e-14 5.110000e+02 5.109979e+02 118 -3.706121e-02 3.497203e-15 -3.676994e-02 0.000000e+00 1.000000e+00
1.000000e+00 5.110000e+02 1.421085e-13 5.110010e+02 2.842171e-14 5.110000e+02 5.110010e+02 119 5.052255e-01 2.248202e-15 5.051489e-01 0.000000e+00 1.000000e+00
1.000000e+00 5.110000e+02 7.105427e-14 5.109987e+02 5.684342e-14 5.110000e+02 5.109987e+02 120 -9.161904e-01 1.998401e-15 -9.166220e-01 0.000000e+00 1.000000e+00
1.000000e+00 5.110000e+02 -1.421085e-14 5.110052e+02 1.421085e-14 5.110000e+02 5.110052e+02 121 1.229447e+00 1.665335e-15 1.229166e+00 0.000000e+00 1.000000e+00
1.000000e+00 5.110000e+02 -1.421085e-14 5.110040e+02 0.000000e+00 5.110000e+02 5.110040e+02 122 -1.414830e+00 1.998401e-15 -1.414767e+00 0.000000e+00 1.000000e+00
1.000000e+00 5.110000e+02 5.684342e-14 5.110097e+02 0.000000e+00 5.110000e+02 5.110097e+02 123 1.455399e+00 3.108624e-15 1.455039e+00 0.000000e+00 1.000000e+00
1.000000e+00 5.110000e+02 1.421085e-14 5.109947e+02 1.421085e-14 5.110000e+02 5.109947e+02 124 -1.348966e+00 1.776357e-15 -1.349107e+00 0.000000e+00 1.000000e+00
1.000000e+00 5.110000e+02 5.684342e-14 5.110003e+02 0.000000e+00 5.110000e+02 5.110003e+02 125 1.108119e+00 2.664535e-15 1.108351e+00 0.000000e+00 1.000000e+00
1.000000e+00 5.110000e+02 -1.421085e-14 5.109998e+02 2.842171e-14 5.110000e+02 5.109998e+02 126 -7.587729e-01 1.110223e-15 -7.590366e-01 0.000000e+00 1.000000e+00
1.000000e+00 5.110000e+02 1.421085e-14 5.110067e+02 2.842171e-14 5.110000e+02 5.110067e+02 127 3.374047e-01 1.443290e-15 3.370578e-01 0.000000e+00 1.000000e+00
1.000000e+00 5.110000e+02 1.421085e-14 5.109995e+02 0.000000e+00 5.110000e+02 5.109995e+02 128 1.127349e-01 2.123302e-15 1.129362e-01 0.000000e+00 1.000000e+00
1.000000e+00 5.110000e+02 -1.136868e-13 5.109994e+02 -4.263256e-14 5.110000e+02 5.109994e+02 129 -5.460397e-01 2.331468e-15 -5.462962e-01 0.000000e+00 1.000000e+00
1.000000e+00 5.110000e+02 2.842171e-14 5.110058e+02 -1.421085e-14 5.110000e+02 5.110058e+02 130 9.191486e-01 8.881784e-16 9.192484e-01 0.000000e+00 1.000000e+00
1.000000e+00 5.110000e+02 1.421085e-14 5.110042e+02 -1.421085e-14 5.110000e+02 5.110042e+02 131 -1.195265e+00 1.110223e-15 -1.195023e+00 0.000000e+00 1.000000e+00
1.000000e+00 5.110000e+02 0.000000e+00 5.109979e+02 -2.842171e-14 5.110000e+02 5.109979e+02 132 1.347770e+00 1.554312e-15 1.347356e+00 0.000000e+00 1.000000e+00
1.000000e+00 5.110000e+02 2.842171e-14 5.110016e+02 4.263256e-14 5.110000e+02 5.110016e+02 133 -1.362768e+00 2.220446e-16 -1.363114e+00 0.000000e+00 1.000000e+00
1.000000e+00 5.110000e+02 7.105427e-14 5.110023e+02 -5.684342e-14 5.110000e+02 5.110023e+02 134 1.240338e+00 4.440892e-16 1.240548e+00 0.000000e+00 1.000000e+00
1.000000e+00 5.110000e+02 7.105427e-14 5.109916e+02 1.421085e-14 5.110000e+02 5.109916e+02 135 -9.943582e-01 2.220446e-16 -9.945393e-01 0.000000e+00 1.000000e+00
1.000000e+00 5.110000e+02 3.945571e-14 5.109973e+02 -2.166453e-14 5.110000e+02 5.109973e+02 136 6.509645e-01 5.551115e-16 6.513532e-01 0.000000e+00 1.000000e+00
1.000000e+00 5.110000e+02 7.089413e-14 5.110128e+02 3.281381e-14 5.110000e+02 5.110128e+02 137 -2.457857e-01 5.967449e-16 -2.460084e-01 0.000000e+00 1.000000e+00
1.000000e+00 5.110000e+02 1.094725e-13 5.110002e+02 -6.634233e-15 5.110000e+02 5.110002e+02 138 -1.797341e-01 -4.440892e-16 -1.794723e-01 -0.000000e+00 1.000000e+00
1.000000e+00 5.110000e+02 1.283777e-13 5.109999e+02 -1.554009e-14 5.110000e+02 5.109999e+02 139 5.825588e-01 2.220446e-15 5.821907e-01 0.000000e+00 1.000000e+00
1.000000e+00 5.110000e+02 7.743655e-14 5.109985e+02 -5.467501e-14 5.110000e+02 5.109985e+02 140 -9.223961e-01 -2.220446e-15 -9.227503e-01 -0.000000e+00 1.000000e+00
1.000000e+00 5.110000e+02 1.664065e-14 5.109988e+02 5.757114e-16 5.110000e+02 5.109988e+02 141 1.165713e+00 0.000000e+00 1.166132e+00 0.000000e+00 1.000000e+00
1.000000e+00 5.110000e+02 6.339711e-14 5.109971e+02 -3.922513e-14 5.110000e+02 5.109971e+02 142 -1.289029e+00 8.881784e-16 -1.288699e+00 0.000000e+00 1.000000e+00
1.000000e+00 5.110000e+02 8.773171e-14 5.109996e+02 -3.720982e-14 5.110000e+02 5.109996e+02 143 1.281172e+00 -2.664535e-15 1.280819e+00 -0.000000e+00 1.000000e+00
1.000000e+00 5.110000e+02 1.535381e-14 5.110076e+02 -9.006684e-15 5.110000e+02 5.110076e+02 144 -1.144269e+00 -5.329071e-15 -1.144245e+00 -0.000000e+00 1.000000e+00
1.000000e+00 5.110000e+02 6.613975e-14 5.110011e+02 1.380948e-14 5.110000e+02 5.110011e+02 145 8.934011e-01 -1.776357e-15 8.929842e-01 -0.000000e+00 1.000000e+00
1.000000e+00 5.110000e+02 7.406216e-14 5.110002e+02 9.738304e-15 5.110000e+02 5.110002e+02 146 -5.549581e-01 0.000000e+00 -5.550510e-01 0.000000e+00 1.000000e+00
1.000000e+00 5.110000e+02 1.413874e-13 5.110074e+02 4.692427e-15 5.110000e+02 5.110074e+02 147 1.638748e-01 0.000000e+00 1.637138e-01 0.000000e+00 1.000000e+00
1.000000e+00 5.110000e+02 3.621175e-14 5.109963e+02 -2.086558e-14 5.110000e+02 5.109963e+02 148 2.399606e-01 4.440892e-15 2.398801e-01 0.000000e+00 1.000000e+00
1.000000e+00 5.110000e+02 1.141618e-13 5.109892e+02 -4.906752e-14 5.110000e+02 5.109892e+02 149 -6.157611e-01 5.329071e-15 -6.154587e-01 0.000000e+00 1.000000e+00
1.000000e+00 5.110000e+02 5.891085e-14 5.109983e+02 -1.117119e-14 5.110000e+02 5.109983e+02 150 9.259471e-01 2.664535e-15 9.262522e-01 0.000000e+00 1.000000e+00
1.000000e+00 5.110000e+02 5.872245e-14 5.109941e+02 1.013295e-15 5.110000e+02 5.109941e+02 151 -1.139892e+00 -4.440892e-15 -1.139868e+00 -0.000000e+00 1.000000e+00
1.000000e+00 5.110000e+02 5.759024e-14 5.110025e+02 -2.255379e-14 5.110000e+02 5.110025e+02 152 1.236936e+00 4.440892e-16 1.237046e+00 0.000000e+00 1.000000e+00
1.000000e+00 5.110000e+02 1.409466e-14 5.109999e+02 -4.579757e-14 5.110000e+02 5.109999e+02 153 -1.208367e+00 -8.881784e-16 -1.208155e+00 -0.000000e+00 1.000000e+00
1.000000e+00 5.110000e+02 1.094110e-13 5.109971e+02 9.110009e-15 5.110000e+02 5.109971e+02 154 1.058192e+00 1.110223e-15 1.058449e+00 0.000000e+00 1.000000e+00
1.000000e+00 5.110000e+02 8.719455e-14 5.110014e+02 2.250728e-14 5.110000e+02 5.110014e+02 155 -8.026183e-01 2.220446e-16 -8.028103e-01 0.000000e+00 1.000000e+00
1.000000e+00 5.110000e+02 1.293144e-13 5.110112e+02 -5.734996e-15 5.110000e+02 5.110112e+02 156 4.683170e-01 2.220446e-16 4.683790e-01 0.000000e+00 1.000000e+00
1.000000e+00 5.110000e+02 1.278977e-13 5.110009e+02 5.684342e-14 5.110000e+02 5.110009e+02 157 -8.965011e-02 6.661338e-16 -8.929842e-02 0.000000e+00 1.000000e+00
1.000000e+00 5.110000e+02 7.815970e-14 5.109869e+02 3.552714e-14 5.110000e+02 5.109869e+02 158 -2.948499e-01 6.661338e-16 -2.950350e-01 0.000000e+00 1.000000e+00
1.000000e+00 5.110000e+02 7.105427e-14 5.110093e+02 3.552714e-14 5.110000e+02 5.110093e+02 159 6.463896e-01 1.998401e-15 6.461003e-01 0.000000e+00 1.000000e+00
1.000000e+00 5.110000e+02 7.105427e-15 5.110013e+02 -1.492140e-13 5.110000e+02 5.110013e+02 160 -9.298177e-01 -2.220446e-16 -9.297541e-01 -0.000000e+00 1.000000e+00
1.000000e+00 5.110000e+02 1.278977e-13 5.109864e+02 1.421085e-14 5.110000e+02 5.109864e+02 161 1.117130e+00 -4.440892e-16 1.117106e+00 -0.000000e+00 1.000000e+00
1.000000e+00 5.110000e+02 -2.131628e-14 5.110005e+02 7.105427e-15 5.110000e+02 5.110005e+02 162 -1.190226e+00 -8.881784e-16 -1.190646e+00 -0.000000e+00 1.000000e+00
1.000000e+00 5.110000e+02 7.815970e-14 5.109936e+02 -6.394885e-14 5.110000e+02 5.109936e+02 163 1.142650e+00 6.661338e-16 1.142494e+00 0.000000e+00 1.000000e+00
1.000000e+00 5.110000e+02 2.131628e-14 5.110134e+02 -2.131628e-14 5.110000e+02 5.110134e+02 164 -9.801497e-01 -7.771561e-16 -9.805317e-01 -0.000000e+00 1.000000e+00
1.000000e+00 5.110000e+02 1.350031e-13 5.109996e+02 5.684342e-14 5.110000e+02 5.109996e+02 165 7.199986e-01 1.387779e-15 7.196402e-01 0.000000e+00 1.000000e+00
1.000000e+00 5.110000e+02 1.136868e-13 5.109975e+02 3.552714e-14 5.110000e+02 5.109975e+02 166 -3.891714e-01 1.110223e-15 -3.895862e-01 0.000000e+00 1.000000e+00
1.000000e+00 5.110000e+02 4.263256e-14 5.109985e+02 -4.263256e-14 5.110000e+02 5.109985e+02 167 2.155539e-02 2.220446e-16 2.188687e-02 0.000000e+00 1.000000e+00
1.000000e+00 5.110000e+02 2.131628e-14 5.110020e+02 -2.131628e-14 5.110000e+02 5.110020e+02 168 3.455115e-01 6.661338e-16 3.458125e-01 0.000000e+00 1.000000e+00
1.000000e+00 5.110000e+02 1.421085e-14 5.110040e+02 -8.526513e-14 5.110000e+02 5.110040e+02 169 -6.750230e-01 2.220446e-16 -6.749910e-01 0.000000e+00 1.000000e+00
1.000000e+00 5.110000e+02 9.947598e-14 5.110053e+02 2.131628e-14 5.110000e+02 5.110053e+02 170 9.340260e-01 1.443290e-15 9.341315e-01 0.000000e+00 1.000000e+00
1.000000e+00 5.110000e+02 7.105427e-15 5.110055e+02 -5.684342e-14 5.110000e+02 5.110055e+02 171 -1.096908e+00 -9.992007e-16 -1.096970e+00 -0.000000e+00 1.000000e+00
1.000000e+00 5.110000e+02 7.815970e-14 5.110000e+02 1.421085e-14 5.110000e+02 5.110000e+02 172 1.147921e+00 0.000000e+00 1.147747e+00 0.000000e+00 1.000000e+00
1.000000e+00 5.110000e+02 0.000000e+00 5.109986e+02 -2.131628e-14 5.110000e+02 5.109986e+02 173 -1.082699e+00 -1.665335e-16 -1.082962e+00 -0.000000e+00 1.000000e+00
1.000000e+00 5.110000e+02 2.842171e-14 5.109931e+02 2.842171e-14 5.110000e+02 5.109931e+02 174 9.086175e-01 1.249001e-15 9.087427e-01 0.000000e+00 1.000000e+00
1.000000e+00 5.110000e+02 4.263256e-14 5.109927e+02 1.421085e-14 5.110000e+02 5.109927e+02 175 -6.439703e-01 8.326673e-16 -6.443494e-01 0.000000e+00 1.000000e+00
1.000000e+00 5.110000e+02 -4.263256e-14 5.110029e+02 7.105427e-15 5.110000e+02 5.110029e+02 176 3.160553e-01 1.443290e-15 3.160464e-01 0.000000e+00 1.000000e+00
1.000000e+00 5.110000e+02 7.105427e-15 5.110026e+02 -4.263256e-14 5.110000e+02 5.110026e+02 177 4.163448e-02 5.551115e-16 4.202279e-02 0.000000e+00 1.000000e+00
1.000000e+00 5.110000e+02 3.552714e-14 5.110017e+02 7.105427e-15 5.110000e+02 5.110017e+02 178 -3.928233e-01 9.992007e-16 -3.930881e-01 0.000000e+00 1.000000e+00
1.000000e+00 5.110000e+02 2.842171e-14 5.109998e+02 -7.105427e-15 5.110000e+02 5.109998e+02 179 7.021234e-01 6.661338e-16 7.021307e-01 0.000000e+00 1.000000e+00
1.000000e+00 5.110000e+02 3.552714e-14 5.110052e+02 3.552714e-14 5.110000e+02 5.110052e+02 180 -9.385926e-01 9.992007e-16 -9.385089e-01 0.000000e+00 1.000000e+00
1.000000e+00 5.110000e+02 -7.815970e-14 5.109990e+02 7.105427e-15 5.110000e+02 5.109990e+02 181 1.078823e+00 2.553513e-15 1.078585e+00 0.000000e+00 1.000000e+00
1.000000e+00 5.110000e+02 -9.237056e-14 5.109935e+02 7.105427e-15 5.110000e+02 5.109935e+02 182 -1.109252e+00 8.049117e-16 -1.109226e+00 0.000000e+00 1.000000e+00
1.000000e+00 5.110000e+02 -1.350031e-13 5.110025e+02 -7.105427e-15 5.110000e+02 5.110025e+02 183 1.027467e+00 1.582068e-15 1.027807e+00 0.000000e+00 1.000000e+00
1.000000e+00 5.110000e+02 -3.552714e-14 5.109957e+02 -2.842171e-14 5.110000e+02 5.109957e+02 184 -8.423832e-01 1.609823e-15 -8.422067e-01 0.000000e+00 1.000000e+00
1.000000e+00 5.110000e+02 -1.207923e-13 5.110088e+02 -4.263256e-14 5.110000e+02 5.110088e+02 185 5.732796e-01 1.443290e-15 5.734359e-01 0.000000e+00 1.000000e+00
1.000000e+00 5.110000e+02 -1.421085e-14 5.109982e+02 -5.684342e-14 5.110000e+02 5.109982e+02 186 -2.477945e-01 2.220446e-16 -2.477593e-01 0.000000e+00 1.000000e+00
1.000000e+00 5.110000e+02 -1.136868e-13 5.109957e+02 -4.973799e-14 5.110000e+02 5.109957e+02 187 -1.009047e-01 1.554312e-15 -1.006796e-01 0.000000e+00 1.000000e+00
1.000000e+00 5.110000e+02 -4.263256e-14 5.110154e+02 -2.842171e-14 5.110000e+02 5.110154e+02 188 4.374952e-01 1.665335e-15 4.377373e-01 0.000000e+00 1.000000e+00
1.000000e+00 5.110000e+02 4.973799e-14 5.109932e+02 0.000000e+00 5.110000e+02 5.109932e+02 189 -7.280686e-01 1.665335e-15 -7.283949e-01 0.000000e+00 1.000000e+00
1.000000e+00 5.110000e+02 7.105427e-15 5.109939e+02 -3.552714e-14 5.110000e+02 5.109939e+02 190 9.435410e-01 2.220446e-16 9.437617e-01 0.000000e+00 1.000000e+00
1.000000e+00 5.110000e+02 6.394885e-14 5.109992e+02 2.131628e-14 5.110000e+02 5.109992e+02 191 -1.062557e+00 2.109424e-15 -1.062826e+00 0.000000e+00 1.000000e+00
1.000000e+00 5.110000e+02 2.842171e-14 5.109940e+02 -2.842171e-14 5.110000e+02 5.109940e+02 192 1.073601e+00 2.081668e-16 1.073332e+00 0.000000e+00 1.000000e+00
1.000000e+00 5.110000e+02 -4.973799e-14 5.109900e+02 -1.421085e-14 5.110000e+02 5.109900e+02 193 -9.761081e-01 2.775558e-16 -9.761543e-01 0.000000e+00 1.000000e+00
1.000000e+00 5.110000e+02 -1.421085e-14 5.109892e+02 0.000000e+00 5.110000e+02 5.109892e+02 194 7.804644e-01 1.554312e-15 7.800480e-01 0.000000e+00 1.000000e+00
1.000000e+00 5.110000e+02 1.207923e-13 5.109982e+02 2.131628e-14 5.110000e+02 5.109982e+02 195 -5.069057e-01 1.110223e-15 -5.068998e-01 0.000000e+00 1.000000e+00
1.000000e+00 5.110000e+02 5.684342e-14 5.110085e+02 5.684342e-14 5.110000e+02 5.110085e+02 196 1.834293e-01 2.220446e-15 1.838497e-01 0.000000e+00 1.000000e+00
1.000000e+00 5.110000e+02 0.000000e+00 5.109954e+02 2.131628e-14 5.110000e+02 5.109954e+02 197 1.570647e-01 1.332268e-15 1.567100e-01 0.000000e+00 1.000000e+00
1.000000e+00 5.110000e+02 -2.842171e-14 5.109947e+02 -5.684342e-14 5.110000e+02 5.109947e+02 198 -4.801143e-01 1.665335e-15 -4.797601e-01 0.000000e+00 1.000000e+00
1.000000e+00 5.110000e+02 -7.105427e-15 5.110070e+02 5.684342e-14 5.110000e+02 5.110070e+02 199 7.531759e-01 4.996004e-16 7.529082e-01 0.000000e+00 1.000000e+00
1.000000e+00 5.110000e+02 -1.278977e-13 5.109941e+02 2.131628e-14 5.110000e+02 5.109941e+02 200 -9.488976e-01 8.326673e-16 -9.490146e-01 0.000000e+00 1.000000e+00
1.000000e+00 5.110000e+02 7.105427e-15 5.109970e+02 -2.842171e-14 5.110000e+02 5.109970e+02 201 1.047853e+00 1.720846e-15 1.047943e+00 0.000000e+00 1.000000e+00
1.000000e+00 5.110000e+02 7.105427e-14 5.109986e+02 0.000000e+00 5.110000e+02 5.109986e+02 202 -1.040464e+00 2.220446e-16 -1.040064e+00 0.000000e+00 1.000000e+00
1.000000e+00 5.110000e+02 -3.552714e-14 5.109981e+02 -2.131628e-14 5.110000e+02 5.109981e+02 203 9.279290e-01 -4.440892e-16 9.280032e-01 -0.000000e+00 1.000000e+00
1.000000e+00 5.110000e+02 -4.263256e-14 5.109974e+02 -2.131628e-14 5.110000e+02 5.109974e+02 204 -7.220492e-01 3.330669e-16 -7.222666e-01 0.000000e+00 1.000000e+00
1.000000e+00 5.110000e+02 -1.421085e-13 5.110009e+02 -1.492140e-13 5.110000e+02 5.110009e+02 205 4.440007e-01 1.776357e-15 4.438657e-01 0.000000e+00 1.000000e+00
1.000000e+00 5.110000e+02 -7.815970e-14 5.110047e+02 -7.105427e-14 5.110000e+02 5.110047e+02 206 -1.221584e-01 0.000000e+00 -1.225665e-01 0.000000e+00 1.000000e+00
1.000000e+00 5.110000e+02 -1.278977e-13 5.110121e+02 6.394885e-14 5.110000e+02 5.110121e+02 207 -2.107942e-01 6.661338e-16 -2.109894e-01 0.000000e+00 1.000000e+00
1.000000e+00 5.110000e+02 -7.815970e-14 5.110022e+02 7.105427e-15 5.110000e+02 5.110022e+02 208 5.211778e-01 2.220446e-16 5.209074e-01 0.000000e+00 1.000000e+00
1.000000e+00 5.110000e+02 -9.252198e-14 5.110038e+02 1.094663e-13 5.110000e+02 5.110038e+02 209 -7.777183e-01 1.665335e-15 -7.774215e-01 0.000000e+00 1.000000e+00
1.000000e+00 5.110000e+02 -2.422344e-14 5.109989e+02 1.014770e-14 5.110000e+02 5.109989e+02 210 9.546927e-01 1.068590e-15 9.542674e-01 0.000000e+00 1.000000e+00
1.000000e+00 5.110000e+02 -3.954441e-14 5.110038e+02 6.478216e-15 5.110000e+02 5.110038e+02 211 -1.034503e+00 1.554312e-15 -1.034811e+00 0.000000e+00 1.000000e+00
1.000000e+00 5.110000e+02 -2.562642e-14 5.110042e+02 -1.840097e-14 5.110000e+02 5.110042e+02 212 1.009425e+00 8.881784e-16 1.009422e+00 0.000000e+00 1.000000e+00
1.000000e+00 5.110000e+02 -1.173663e-13 5.110116e+02 -9.653823e-14 5.110000e+02 5.110116e+02 213 -8.823475e-01 2.220446e-15 -8.824785e-01 0.000000e+00 1.000000e+00
1.000000e+00 5.110000e+02 -1.149576e-13 5.110049e+02 -6.000002e-14 5.110000e+02 5.110049e+02 214 6.664526e-01 2.220446e-15 6.662362e-01 0.000000e+00 1.000000e+00
1.000000e+00 5.110000e+02 -2.729999e-14 5.110057e+02 -2.362271e-14 5.110000e+02 5.110057e+02 215 -3.838456e-01 8.881784e-16 -3.834579e-01 0.000000e+00 1.000000e+00
1.000000e+00 5.110000e+02 -7.289424e-14 5.109883e+02 3.452121e-14 5.110000e+02 5.109883e+02 216 6.329786e-02 -8.881784e-16 6.303418e-02 -0.000000e+00 1.000000e+00
1.000000e+00 5.110000e+02 -4.200537e-14 5.110060e+02 1.012710e-14 5.110000e+02 5.110060e+02 217 2.626772e-01 4.440892e-16 2.626424e-01 0.000000e+00 1.000000e+00
1.000000e+00 5.110000e+02 -7.233863e-14 5.109924e+02 -2.086471e-14 5.110000e+02 5.109924e+02 218 -5.611171e-01 1.332268e-15 -5.611793e-01 0.000000e+00 1.000000e+00
1.000000e+00 5.110000e+02 2.214131e-14 5.109990e+02 -2.386502e-14 5.110000e+02 5.109990e+02 219 8.019377e-01 0.000000e+00 8.019348e-01 0.000000e+00 1.000000e+00
1.000000e+00 5.110000e+02 -8.138200e-14 5.110004e+02 2.830288e-14 5.110000e+02 5.110004e+02 220 -9.609611e-01 2.220446e-15 -9.612712e-01 0.000000e+00 1.000000e+00
1.000000e+00 5.110000e+02 -7.921636e-14 5.109942e+02 -3.186665e-14 5.110000e+02 5.109942e+02 221 1.022339e+00 4.440892e-15 1.022554e+00 0.000000e+00 1.000000e+00
1.000000e+00 5.110000e+02 -1.662961e-14 5.110051e+02 -2.018795e-14 5.110000e+02 5.110051e+02 222 -9.801282e-01 -3.552714e-15 -9.805317e-01 -0.000000e+00 1.000000e+00
1.000000e+00 5.110000e+02 -1.081044e-13 5.109985e+02 -3.421872e-14 5.110000e+02 5.109985e+02 223 8.388666e-01 2.220446e-15 8.387048e-01 0.000000e+00 1.000000e+00
1.000000e+00 5.110000e+02 -3.593628e-14 5.110042e+02 -6.272348e-14 5.110000e+02 5.110042e+02 224 -6.130848e-01 -1.110223e-15 -6.128323e-01 -0.000000e+00 1.000000e+00
1.000000e+00 5.110000e+02 1.058268e-13 5.110019e+02 4.236097e-14 5.110000e+02 5.110019e+02 225 3.258162e-01 0.000000e+00 3.256766e-01 0.000000e+00 1.000000e+00
1.000000e+00 5.110000e+02 -2.741438e-14 5.110089e+02 -3.748586e-14 5.110000e+02 5.110089e+02 226 -6.250408e-03 -1.110223e-15 -6.128323e-03 -0.000000e+00 1.000000e+00
1.000000e+00 5.110000e+02 8.112857e-14 5.109974e+02 -1.357595e-14 5.110000e+02 5.109974e+02 227 -3.132281e-01 -1.276756e-15 -3.134199e-01 -0.000000e+00 1.000000e+00
1.000000e+00 5.110000e+02 -4.315602e-14 5.109987e+02 -6.210484e-14 5.110000e+02 5.109987e+02 228 6.003165e-01 -2.636780e-16 6.005756e-01 -0.000000e+00 1.000000e+00
1.000000e+00 5.110000e+02 -3.764651e-15 5.110024e+02 -3.520838e-14 5.110000e+02 5.110024e+02 229 -8.260547e-01 -1.609823e-15 -8.264481e-01 -0.000000e+00 1.000000e+00
0.000000e+00 -2.557954e-13 -5.900835e-14 -5.370960e-04 2.453593e-14 2.625134e-13 5.370960e-04 230 9.677423e-01 -6.661338e-16 9.673995e-01 -0.000000e+00 0.000000e+00
0.000000e+00 -2.842171e-14 -3.907985e-14 -4.804604e-03 6.572520e-14 4.832213e-14 4.804604e-03 231 -1.011218e+00 3.330669e-16 -1.011173e+00 0.000000e+00 0.000000e+00
0.000000e+00 3.552714e-13 -5.151435e-14 -8.481957e-03 4.440892e-14 3.589867e-13 8.481957e-03 232 9.522717e-01 1.110223e-15 9.525165e-01 0.000000e+00 0.000000e+00
0.000000e+00 5.115908e-13 -1.953993e-13 -6.291864e-03 -1.296740e-13 5.476367e-13 6.291864e-03 233 -7.970521e-01 9.436896e-16 -7.966820e-01 0.000000e+00 0.000000e+00
0.000000e+00 -1.421085e-14 -6.483702e-14 -6.808715e-03 1.554312e-14 6.637611e-14 6.808715e-03 234 5.614257e-01 -6.661338e-16 5.611793e-01 -0.000000e+00 0.000000e+00
0.000000e+00 1.563194e-13 -1.509903e-14 8.272371e-03 1.394440e-13 1.570469e-13 8.272371e-03 235 -2.693584e-01 -1.720846e-15 -2.696462e-01 -0.000000e+00 0.000000e+00
0.000000e+00 8.526513e-14 1.545430e-13 -6.324721e-03 2.060574e-13 1.765041e-13 6.324721e-03 236 -4.951905e-02 -1.082467e-15 -4.990206e-02 -0.000000e+00 0.000000e+00
0.000000e+00 -1.563194e-13 6.572520e-14 -1.094926e-03 1.296740e-13 1.695746e-13 1.094926e-03 237 3.629119e-01 -3.122502e-17 3.633220e-01 -0.000000e+00 0.000000e+00
0.000000e+00 0.000000e+00 -7.283063e-14 -5.573120e-03 3.019807e-14 7.283063e-14 5.573120e-03 238 -6.391278e-01 -2.081668e-16 -6.390965e-01 -0.000000e+00 0.000000e+00
0.000000e+00 5.684342e-14 1.243450e-13 -2.460854e-03 2.220446e-13 1.367218e-13 2.460854e-03 239 8.502765e-01 1.942890e-15 8.500859e-01 0.000000e+00 0.000000e+00
0.000000e+00 8.526513e-14 -2.593481e-13 1.305911e-02 -8.171241e-14 2.730047e-13 1.305911e-02 240 -9.750821e-01 -1.387779e-16 -9.752788e-01 -0.000000e+00 0.000000e+00
0.000000e+00 -1.989520e-13 3.730349e-14 6.123939e-03 1.776357e-13 2.024190e-13 6.123939e-03 241 1.001023e+00 2.220446e-16 1.000668e+00 0.000000e+00 0.000000e+00
0.000000e+00 9.947598e-14 -5.151435e-14 4.476125e-03 1.243450e-13 1.120232e-13 4.476125e-03 242 -9.255884e-01 -1.665335e-16 -9.253767e-01 -0.000000e+00 0.000000e+00
0.000000e+00 -2.842171e-14 -3.375078e-14 -5.607202e-03 2.309264e-14 4.412379e-14 5.607202e-03 243 7.565165e-01 5.551115e-16 7.564101e-01 0.000000e+00 0.000000e+00
0.000000e+00 1.421085e-13 -2.131628e-14 -2.860976e-03 1.012523e-13 1.436984e-13 2.860976e-03 244 -5.110058e-01 -6.106227e-16 -5.112772e-01 -0.000000e+00 0.000000e+00
0.000000e+00 -5.684342e-14 3.375078e-14 3.558037e-03 1.065814e-13 6.610816e-14 3.558037e-03 245 2.139666e-01 -2.775558e-16 2.136158e-01 -0.000000e+00 0.000000e+00
0.000000e+00 4.263256e-14 1.261213e-13 -1.088250e-02 2.202682e-13 1.331320e-13 1.088250e-02 246 1.045028e-01 -3.191891e-16 1.041815e-01 -0.000000e+00 0.000000e+00
0.000000e+00 7.105427e-14 -1.509903e-13 1.946514e-03 -3.019807e-14 1.668736e-13 1.946514e-03 247 -4.121610e-01 -8.465451e-16 -4.123486e-01 -0.000000e+00 0.000000e+00
0.000000e+00 0.000000e+00 8.260059e-14 5.488094e-03 2.247091e-13 8.260059e-14 5.488094e-03 248 6.778830e-01 9.159340e-16 6.776174e-01 0.000000e+00 0.000000e+00
0.000000e+00 8.526513e-14 1.953993e-14 6.221570e-04 1.483258e-13 8.747543e-14 6.221570e-04 249 -8.748043e-01 -5.551115e-17 -8.745992e-01 -0.000000e+00 0.000000e+00
0.000000e+00 1.136868e-13 1.616485e-13 5.135576e-04 1.918465e-13 1.976232e-13 5.135576e-04 250 9.830330e-01 1.221245e-15 9.831581e-01 0.000000e+00 0.000000e+00
0.000000e+00 -9.947598e-14 -1.421085e-13 -1.240378e-04 -3.552714e-14 1.734656e-13 1.240378e-04 251 -9.916563e-01 6.661338e-16 -9.919128e-01 0.000000e+00 0.000000e+00
0.000000e+00 9.947598e-14 5.195844e-14 6.227665e-03 1.239009e-13 1.122281e-13 6.227665e-03 252 8.998392e-01 -3.053113e-16 8.999880e-01 -0.000000e+00 0.000000e+00
0.000000e+00 4.973799e-13 7.105427e-15 -2.657918e-03 1.381117e-13 4.974307e-13 2.657918e-03 253 -7.169048e-01 -2.775558e-16 -7.170138e-01 -0.000000e+00 0.000000e+00
0.000000e+00 4.263256e-14 -1.421085e-14 -5.308108e-03 7.616130e-14 4.493867e-14 5.308108e-03 254 4.613895e-01 5.551115e-16 4.613752e-01 0.000000e+00 0.000000e+00
0.000000e+00 -5.684342e-14 4.252154e-14 -1.708020e-03 1.180167e-13 7.098772e-14 1.708020e-03 255 -1.591671e-01 1.960238e-16 -1.593364e-01 0.000000e+00 0.000000e+00
0.000000e+00 2.842171e-14 -4.202194e-14 -1.708020e-03 7.799317e-14 5.073103e-14 1.708020e-03 256 -1.591671e-01 6.852158e-17 -1.593364e-01 0.000000e+00 0.000000e+00
0.000000e+00 -1.421085e-13 5.018208e-14 -5.308108e-03 8.393286e-14 1.507086e-13 5.308108e-03 257 4.613895e-01 8.812395e-16 4.613752e-01 0.000000e+00 0.000000e+00
0.000000e+00 1.563194e-13 -1.687539e-14 -2.657918e-03 4.618528e-14 1.572277e-13 2.657918e-03 258 -7.169048e-01 1.665335e-16 -7.170138e-01 0.000000e+00 0.000000e+00
0.000000e+00 4.263256e-14 -2.930989e-14 6.227665e-03 3.552714e-14 5.173592e-14 6.227665e-03 259 8.998392e-01 1.082467e-15 8.999880e-01 0.000000e+00 0.000000e+00
0.000000e+00 1.421085e-14 -1.083578e-13 -1.240378e-04 3.375078e-14 1.092857e-13 1.240378e-04 260 -9.916563e-01 2.775558e-17 -9.919128e-01 0.000000e+00 0.000000e+00
0.000000e+00 3.410605e-13 -1.474376e-13 5.135576e-04 5.329071e-15 3.715644e-13 5.135576e-04 261 9.830330e-01 7.494005e-16 9.831581e-01 0.000000e+00 0.000000e+00
0.000000e+00 -8.526513e-14 -1.172396e-13 6.221570e-04 2.842171e-14 1.449664e-13 6.221570e-04 262 -8.748043e-01 4.996004e-16 -8.745992e-01 0.000000e+00 0.000000e+00
0.000000e+00 -1.421085e-14 -1.287859e-13 5.488094e-03 3.375078e-14 1.295675e-13 5.488094e-03 263 6.778830e-01 3.885781e-16 6.776174e-01 0.000000e+00 0.000000e+00
0.000000e+00 1.136868e-13 3.108624e-14 1.946514e-03 1.527667e-13 1.178603e-13 1.946514e-03 264 -4.121610e-01 8.465451e-16 -4.123486e-01 0.000000e+00 0.000000e+00
0.000000e+00 0.000000e+00 -9.592327e-14 -1.088250e-02 3.375078e-14 9.592327e-14 1.088250e-02 265 1.045028e-01 3.330669e-16 1.041815e-01 0.000000e+00 0.000000e+00
0.000000e+00 0.000000e+00 -5.861978e-14 3.558037e-03 3.375078e-14 5.861978e-14 3.558037e-03 266 2.139666e-01 1.249001e-15 2.136158e-01 0.000000e+00 0.000000e+00
0.000000e+00 3.126388e-13 -8.881784e-14 -2.860976e-03 1.119105e-13 3.250102e-13 2.860976e-03 267 -5.110058e-01 4.440892e-16 -5.112772e-01 0.000000e+00 0.000000e+00
0.000000e+00 2.557954e-13 -1.403322e-13 -5.607202e-03 4.618528e-14 2.917609e-13 5.607202e-03 268 7.565165e-01 7.771561e-16 7.564101e-01 0.000000e+00 0.000000e+00
0.000000e+00 3.268497e-13 -9.414691e-14 4.476125e-03 2.486900e-14 3.401387e-13 4.476125e-03 269 -9.255884e-01 2.775558e-16 -9.253767e-01 0.000000e+00 0.000000e+00
0.000000e+00 -2.842171e-14 -5.151435e-14 6.123939e-03 8.526513e-14 5.883470e-14 6.123939e-03 270 1.001023e+00 9.992007e-16 1.000668e+00 0.000000e+00 0.000000e+00
0.000000e+00 -1.136868e-13 -1.136868e-13 1.305911e-02 3.019807e-14 1.607775e-13 1.305911e-02 271 -9.750821e-01 5.828671e-16 -9.752788e-01 0.000000e+00 0.000000e+00
0.000000e+00 2.842171e-14 -1.296740e-13 -2.460854e-03 -3.552714e-15 1.327522e-13 2.460854e-03 272 8.502765e-01 3.885781e-16 8.500859e-01 0.000000e+00 0.000000e+00
0.000000e+00 1.705303e-13 -1.065814e-14 -5.573120e-03 8.881784e-15 1.708630e-13 5.573120e-03 273 -6.391278e-01 1.471046e-15 -6.390965e-01 0.000000e+00 0.000000e+00
0.000000e+00 -8.526513e-14 -1.758593e-13 -1.094926e-03 1.953993e-14 1.954396e-13 1.094926e-03 274 3.629119e-01 8.777701e-16 3.633220e-01 0.000000e+00 0.000000e+00
0.000000e+00 3.694822e-13 -1.048051e-13 -6.324721e-03 9.947598e-14 3.840589e-13 6.324721e-03 275 -4.951905e-02 6.106227e-16 -4.990206e-02 0.000000e+00 0.000000e+00
0.000000e+00 2.557954e-13 -7.460699e-14 8.272371e-03 5.861978e-14 2.664535e-13 8.272371e-03 276 -2.693584e-01 1.110223e-16 -2.696462e-01 0.000000e+00 0.000000e+00
0.000000e+00 -1.563194e-13 -8.171241e-14 -6.808715e-03 9.303669e-14 1.763879e-13 6.808715e-03 277 5.614257e-01 1.942890e-15 5.611793e-01 0.000000e+00 0.000000e+00
0.000000e+00 4.689582e-13 -6.572520e-14 -6.291864e-03 1.723066e-13 4.735416e-13 6.291864e-03 278 -7.970521e-01 5.551115e-16 -7.966820e-01 0.000000e+00 0.000000e+00
0.000000e+00 -1.136868e-13 -5.684342e-14 -8.481957e-03 1.296740e-13 1.271057e-13 8.481957e-03 279 9.522717e-01 1.221245e-15 9.525165e-01 0.000000e+00 0.000000e+00
0.000000e+00 5.684342e-14 4.440892e-15 -4.804604e-03 1.776357e-14 5.701663e-14 4.804604e-03 280 -1.011218e+00 1.110223e-16 -1.011173e+00 0.000000e+00 0.000000e+00
0.000000e+00 -1.421085e-13 -2.928213e-14 -5.370960e-04 6.289413e-14 1.450940e-13 5.370960e-04 281 9.677423e-01 1.110223e-15 9.673995e-01 0.000000e+00 0.000000e+00
1.000000e+00 5.110000e+02 -4.303134e-14 5.110024e+02 -2.028380e-14 5.110000e+02 5.110024e+02 282 -8.260547e-01 1.054712e-15 -8.264481e-01 0.000000e+00 1.000000e+00
1.000000e+00 5.110000e+02 -7.186697e-14 5.109987e+02 4.377141e-14 5.110000e+02 5.109987e+02 283 6.003165e-01 1.124101e-15 6.005756e-01 0.000000e+00 1.000000e+00
1.000000e+00 5.110000e+02 -8.813293e-14 5.109974e+02 -4.558073e-14 5.110000e+02 5.109974e+02 284 -3.132281e-01 2.164935e-15 -3.134199e-01 0.000000e+00 1.000000e+00
1.000000e+00 5.110000e+02 -1.332019e-13 5.110089e+02 -1.927234e-14 5.110000e+02 5.110089e+02 285 -6.250408e-03 3.330669e-16 -6.128323e-03 0.000000e+00 1.000000e+00
1.000000e+00 5.110000e+02 -1.258627e-15 5.110019e+02 4.963824e-14 5.110000e+02 5.110019e+02 286 3.258162e-01 1.554312e-15 3.256766e-01 0.000000e+00 1.000000e+00
1.000000e+00 5.110000e+02 -9.634727e-14 5.110042e+02 8.064946e-15 5.110000e+02 5.110042e+02 287 -6.130848e-01 -1.110223e-15 -6.128323e-01 -0.000000e+00 1.000000e+00
1.000000e+00 5.110000e+02 -5.500456e-14 5.109985e+02 3.539270e-14 5.110000e+02 5.109985e+02 288 8.388666e-01 1.776357e-15 8.387048e-01 0.000000e+00 1.000000e+00
1.000000e+00 5.110000e+02 -1.486595e-13 5.110051e+02 -1.010931e-13 5.110000e+02 5.110051e+02 289 -9.801282e-01 -8.881784e-16 -9.805317e-01 -0.000000e+00 1.000000e+00
1.000000e+00 5.110000e+02 -1.079974e-13 5.109942e+02 -3.446267e-14 5.110000e+02 5.109942e+02 290 1.022339e+00 1.776357e-15 1.022554e+00 0.000000e+00 1.000000e+00
1.000000e+00 5.110000e+02 -2.438298e-14 5.110004e+02 1.147064e-14 5.110000e+02 5.110004e+02 291 -9.609611e-01 -2.664535e-15 -9.612712e-01 -0.000000e+00 1.000000e+00
1.000000e+00 5.110000e+02 -1.131540e-13 5.109990e+02 2.386502e-14 5.110000e+02 5.109990e+02 292 8.019377e-01 0.000000e+00 8.019348e-01 0.000000e+00 1.000000e+00
1.000000e+00 5.110000e+02 -4.207345e-14 5.109924e+02 -1.817481e-14 5.110000e+02 5.109924e+02 293 -5.611171e-01 -2.664535e-15 -5.611793e-01 -0.000000e+00 1.000000e+00
1.000000e+00 5.110000e+02 -1.390794e-13 5.110060e+02 -5.579304e-15 5.110000e+02 5.110060e+02 294 2.626772e-01 -3.552714e-15 2.626424e-01 -0.000000e+00 1.000000e+00
1.000000e+00 5.110000e+02 -1.356597e-13 5.109883e+02 -6.037965e-14 5.110000e+02 5.109883e+02 295 6.329786e-02 -4.884981e-15 6.303418e-02 -0.000000e+00 1.000000e+00
1.000000e+00 5.110000e+02 -5.245591e-14 5.110057e+02 8.083703e-15 5.110000e+02 5.110057e+02 296 -3.838456e-01 -2.664535e-15 -3.834579e-01 -0.000000e+00 1.000000e+00
1.000000e+00 5.110000e+02 -9.168285e-14 5.110049e+02 2.662567e-14 5.110000e+02 5.110049e+02 297 6.664526e-01 0.000000e+00 6.662362e-01 0.000000e+00 1.000000e+00
1.000000e+00 5.110000e+02 -8.438586e-14 5.110116e+02 -1.030339e-14 5.110000e+02 5.110116e+02 298 -8.823475e-01 4.440892e-16 -8.824785e-01 0.000000e+00 1.000000e+00
1.000000e+00 5.110000e+02 -4.864169e-14 5.110042e+02 2.914639e-14 5.110000e+02 5.110042e+02 299 1.009425e+00 -1.554312e-15 1.009422e+00 -0.000000e+00 1.000000e+00
1.000000e+00 5.110000e+02 -1.146892e-13 5.110038e+02 -3.275266e-15 5.110000e+02 5.110038e+02 300 -1.034503e+00 -1.554312e-15 -1.034811e+00 -0.000000e+00 1.000000e+00
1.000000e+00 5.110000e+02 -7.005863e-14 5.109989e+02 -1.495505e-14 5.110000e+02 5.109989e+02 301 9.546927e-01 -5.342948e-16 9.542674e-01 -0.000000e+00 1.000000e+00
1.000000e+00 5.110000e+02 -1.361347e-14 5.110038e+02 -9.752399e-14 5.110000e+02 5.110038e+02 302 -7.777183e-01 -1.387779e-15 -7.774215e-01 -0.000000e+00 1.000000e+00
1.000000e+00 5.110000e+02 5.684342e-14 5.110022e+02 1.421085e-14 5.110000e+02 5.110022e+02 303 5.211778e-01 -8.881784e-16 5.209074e-01 -0.000000e+00 1.000000e+00
1.000000e+00 5.110000e+02 -6.394885e-14 5.110121e+02 -9.947598e-14 5.110000e+02 5.110121e+02 304 -2.107942e-01 -2.220446e-15 -2.109894e-01 -0.000000e+00 1.000000e+00
1.000000e+00 5.110000e+02 2.131628e-14 5.110047e+02 -3.552714e-14 5.110000e+02 5.110047e+02 305 -1.221584e-01 -1.332268e-15 -1.225665e-01 -0.000000e+00 1.000000e+00
1.000000e+00 5.110000e+02 4.973799e-14 5.110009e+02 1.563194e-13 5.110000e+02 5.110009e+02 306 4.440007e-01 -6.661338e-16 4.438657e-01 -0.000000e+00 1.000000e+00
1.000000e+00 5.110000e+02 -1.207923e-13 5.109974e+02 -1.421085e-14 5.110000e+02 5.109974e+02 307 -7.220492e-01 -1.776357e-15 -7.222666e-01 -0.000000e+00 1.000000e+00
1.000000e+00 5.110000e+02 -9.237056e-14 5.109981e+02 0.000000e+00 5.110000e+02 5.109981e+02 308 9.279290e-01 -6.661338e-16 9.280032e-01 -0.000000e+00 1.000000e+00
1.000000e+00 5.110000e+02 -4.973799e-14 5.109986e+02 -5.684342e-14 5.110000e+02 5.109986e+02 309 -1.040464e+00 -1.110223e-15 -1.040064e+00 -0.000000e+00 1.000000e+00
1.000000e+00 5.110000e+02 0.000000e+00 5.109970e+02 -7.105427e-15 5.110000e+02 5.109970e+02 310 1.047853e+00 -1.026956e-15 1.047943e+00 -0.000000e+00 1.000000e+00
1.000000e+00 5.110000e+02 1.705303e-13 5.109941e+02 -2.842171e-14 5.110000e+02 5.109941e+02 311 -9.488976e-01 -8.881784e-16 -9.490146e-01 -0.000000e+00 1.000000e+00
1.000000e+00 5.110000e+02 7.815970e-14 5.110070e+02 -4.263256e-14 5.110000e+02 5.110070e+02 312 7.531759e-01 8.881784e-16 7.529082e-01 0.000000e+00 1.000000e+00
1.000000e+00 5.110000e+02 -2.842171e-14 5.109947e+02 -2.842171e-14 5.110000e+02 5.109947e+02 313 -4.801143e-01 -8.881784e-16 -4.797601e-01 -0.000000e+00 1.000000e+00
1.000000e+00 5.110000e+02 -9.947598e-14 5.109954e+02 -4.973799e-14 5.110000e+02 5.109954e+02 314 1.570647e-01 -4.440892e-16 1.567100e-01 -0.000000e+00 1.000000e+00
1.000000e+00 5.110000e+02 -7.105427e-15 5.110085e+02 -3.552714e-14 5.110000e+02 5.110085e+02 315 1.834293e-01 -1.554312e-15 1.838497e-01 -0.000000e+00 1.000000e+00
1.000000e+00 5.110000e+02 2.842171e-14 5.109982e+02 2.842171e-14 5.110000e+02 5.109982e+02 316 -5.069057e-01 -7.771561e-16 -5.068998e-01 -0.000000e+00 1.000000e+00
1.000000e+00 5.110000e+02 9.237056e-14 5.109892e+02 1.421085e-14 5.110000e+02 5.109892e+02 317 7.804644e-01 -2.220446e-16 7.800480e-01 -0.000000e+00 1.000000e+00
1.000000e+00 5.110000e+02 -4.263256e-14 5.109900e+02 -9.947598e-14 5.110000e+02 5.109900e+02 318 -9.761081e-01 -7.771561e-16 -9.761543e-01 -0.000000e+00 1.000000e+00
1.000000e+00 5.110000e+02 9.237056e-14 5.109940e+02 -1.421085e-14 5.110000e+02 5.109940e+02 319 1.073601e+00 -5.967449e-16 1.073332e+00 -0.000000e+00 1.000000e+00
1.000000e+00 5.110000e+02 3.552714e-14 5.109992e+02 4.263256e-14 5.110000e+02 5.109992e+02 320 -1.062557e+00 -2.442491e-15 -1.062826e+00 -0.000000e+00 1.000000e+00
1.000000e+00 5.110000e+02 8.526513e-14 5.109939e+02 0.000000e+00 5.110000e+02 5.109939e+02 321 9.435410e-01 -3.885781e-16 9.437617e-01 -0.000000e+00 1.000000e+00
1.000000e+00 5.110000e+02 -2.131628e-14 5.109932e+02 -4.973799e-14 5.110000e+02 5.109932e+02 322 -7.280686e-01 -1.332268e-15 -7.283949e-01 -0.000000e+00 1.000000e+00
1.000000e+00 5.110000e+02 1.421085e-14 5.110154e+02 7.105427e-15 5.110000e+02 5.110154e+02 323 4.374952e-01 0.000000e+00 4.377373e-01 0.000000e+00 1.000000e+00
1.000000e+00 5.110000e+02 1.776357e-13 5.109957e+02 7.815970e-14 5.110000e+02 5.109957e+02 324 -1.009047e-01 -1.110223e-15 -1.006796e-01 -0.000000e+00 1.000000e+00
1.000000e+00 5.110000e+02 4.263256e-14 5.109982e+02 0.000000e+00 5.110000e+02 5.109982e+02 325 -2.477945e-01 -1.221245e-15 -2.477593e-01 -0.000000e+00 1.000000e+00
1.000000e+00 5.110000e+02 1.278977e-13 5.110088e+02 0.000000e+00 5.110000e+02 5.110088e+02 326 5.732796e-01 -1.110223e-15 5.734359e-01 -0.000000e+00 1.000000e+00
1.000000e+00 5.110000e+02 6.394885e-14 5.109957e+02 1.421085e-14 5.110000e+02 5.109957e+02 327 -8.423832e-01 -3.330669e-16 -8.422067e-01 -0.000000e+00 1.000000e+00
1.000000e+00 5.110000e+02 1.421085e-13 5.110025e+02 2.131628e-14 5.110000e+02 5.110025e+02 328 1.027467e+00 -5.551115e-16 1.027807e+00 -0.000000e+00 1.000000e+00
1.000000e+00 5.110000e+02 5.684342e-14 5.109935e+02 0.000000e+00 5.110000e+02 5.109935e+02 329 -1.109252e+00 -4.163336e-16 -1.109226e+00 -0.000000e+00 1.000000e+00
1.000000e+00 5.110000e+02 1.350031e-13 5.109990e+02 9.947598e-14 5.110000e+02 5.109990e+02 330 1.078823e+00 6.661338e-16 1.078585e+00 0.000000e+00 1.000000e+00
1.000000e+00 5.110000e+02 7.105427e-14 5.110052e+02 -4.263256e-14 5.110000e+02 5.110052e+02 331 -9.385926e-01 0.000000e+00 -9.385089e-01 0.000000e+00 1.000000e+00
1.000000e+00 5.110000e+02 1.421085e-14 5.109998e+02 -7.105427e-14 5.110000e+02 5.109998e+02 332 7.021234e-01 2.220446e-16 7.021307e-01 0.000000e+00 1.000000e+00
1.000000e+00 5.110000e+02 1.136868e-13 5.110017e+02 6.394885e-14 5.110000e+02 5.110017e+02 333 -3.928233e-01 -1.110223e-15 -3.930881e-01 -0.000000e+00 1.000000e+00
1.000000e+00 5.110000e+02 6.394885e-14 5.110026e+02 0.000000e+00 5.110000e+02 5.110026e+02 334 4.163448e-02 -8.881784e-16 4.202279e-02 -0.000000e+00 1.000000e+00
1.000000e+00 5.110000e+02 8.526513e-14 5.110029e+02 1.421085e-14 5.110000e+02 5.110029e+02 335 3.160553e-01 -8.881784e-16 3.160464e-01 -0.000000e+00 1.000000e+00
1.000000e+00 5.110000e+02 -6.394885e-14 5.109927e+02 -4.263256e-14 5.110000e+02 5.109927e+02 336 -6.439703e-01 1.332268e-15 -6.443494e-01 0.000000e+00 1.000000e+00
1.000000e+00 5.110000e+02 -1.278977e-13 5.109931e+02 -1.278977e-13 5.110000e+02 5.109931e+02 337 9.086175e-01 -9.436896e-16 9.087427e-01 -0.000000e+00 1.000000e+00
1.000000e+00 5.110000e+02 -6.394885e-14 5.109986e+02 -9.237056e-14 5.110000e+02 5.109986e+02 338 -1.082699e+00 3.885781e-16 -1.082962e+00 0.000000e+00 1.000000e+00
1.000000e+00 5.110000e+02 1.065814e-13 5.110000e+02 2.131628e-14 5.110000e+02 5.110000e+02 339 1.147921e+00 9.992007e-16 1.147747e+00 0.000000e+00 1.000000e+00
1.000000e+00 5.110000e+02 -2.842171e-14 5.110055e+02 -5.684342e-14 5.110000e+02 5.110055e+02 340 -1.096908e+00 -1.110223e-16 -1.096970e+00 -0.000000e+00 1.000000e+00
1.000000e+00 5.110000e+02 -7.105427e-15 5.110053e+02 -5.684342e-14 5.110000e+02 5.110053e+02 341 9.340260e-01 5.551115e-16 9.341315e-01 0.000000e+00 1.000000e+00
1.000000e+00 5.110000e+02 2.131628e-14 5.110040e+02 -3.552714e-14 5.110000e+02 5.110040e+02 342 -6.750230e-01 -1.110223e-15 -6.749910e-01 -0.000000e+00 1.000000e+00
1.000000e+00 5.110000e+02 -1.278977e-13 5.110020e+02 -7.815970e-14 5.110000e+02 5.110020e+02 343 3.455115e-01 2.220446e-16 3.458125e-01 0.000000e+00 1.000000e+00
1.000000e+00 5.110000e+02 -4.973799e-14 5.109985e+02 2.842171e-14 5.110000e+02 5.109985e+02 344 2.155539e-02 2.220446e-16 2.188687e-02 0.000000e+00 1.000000e+00
1.000000e+00 5.110000e+02 -1.421085e-14 5.109975e+02 -9.947598e-14 5.110000e+02 5.109975e+02 345 -3.891714e-01 -2.220446e-16 -3.895862e-01 -0.000000e+00 1.000000e+00
1.000000e+00 5.110000e+02 9.947598e-14 5.109996e+02 2.131628e-14 5.110000e+02 5.109996e+02 346 7.199986e-01 1.165734e-15 7.196402e-01 0.000000e+00 1.000000e+00
1.000000e+00 5.110000e+02 7.105427e-15 5.110134e+02 -2.842171e-14 5.110000e+02 5.110134e+02 347 -9.801497e-01 1.526557e-16 -9.805317e-01 0.000000e+00 1.000000e+00
1.000000e+00 5.110000e+02 -2.131628e-14 5.109936e+02 -1.136868e-13 5.110000e+02 5.109936e+02 348 1.142650e+00 7.771561e-16 1.142494e+00 0.000000e+00 1.000000e+00
1.000000e+00 5.110000e+02 7.105427e-14 5.110005e+02 -7.105427e-14 5.110000e+02 5.110005e+02 349 -1.190226e+00 0.000000e+00 -1.190646e+00 0.000000e+00 1.000000e+00
1.000000e+00 5.110000e+02 7.105427e-14 5.109864e+02 4.263256e-14 5.110000e+02 5.109864e+02 350 1.117130e+00 8.881784e-16 1.117106e+00 0.000000e+00 1.000000e+00
1.000000e+00 5.110000e+02 1.492140e-13 5.110013e+02 1.421085e-14 5.110000e+02 5.110013e+02 351 -9.298177e-01 2.220446e-16 -9.297541e-01 0.000000e+00 1.000000e+00
1.000000e+00 5.110000e+02 1.065814e-13 5.110093e+02 -7.105427e-14 5.110000e+02 5.110093e+02 352 6.463896e-01 1.776357e-15 6.461003e-01 0.000000e+00 1.000000e+00
1.000000e+00 5.110000e+02 0.000000e+00 5.109869e+02 -2.842171e-14 5.110000e+02 5.109869e+02 353 -2.948499e-01 -6.661338e-16 -2.950350e-01 -0.000000e+00 1.000000e+00
1.000000e+00 5.110000e+02 4.263256e-14 5.110009e+02 -8.526513e-14 5.110000e+02 5.110009e+02 354 -8.965011e-02 1.110223e-15 -8.929842e-02 0.000000e+00 1.000000e+00
1.000000e+00 5.110000e+02 6.703497e-14 5.110112e+02 7.121040e-15 5.110000e+02 5.110112e+02 355 4.683170e-01 2.220446e-16 4.683790e-01 0.000000e+00 1.000000e+00
1.000000e+00 5.110000e+02 1.528321e-13 5.110014e+02 -3.793287e-14 5.110000e+02 5.110014e+02 356 -8.026183e-01 -1.665335e-16 -8.028103e-01 -0.000000e+00 1.000000e+00
1.000000e+00 5.110000e+02 -2.263049e-14 5.109971e+02 1.795005e-14 5.110000e+02 5.109971e+02 357 1.058192e+00 8.881784e-16 1.058449e+00 0.000000e+00 1.000000e+00
1.000000e+00 5.110000e+02 2.731788e-14 5.109999e+02 1.065901e-14 5.110000e+02 5.109999e+02 358 -1.208367e+00 -8.881784e-16 -1.208155e+00 -0.000000e+00 1.000000e+00
1.000000e+00 5.110000e+02 4.626896e-15 5.110025e+02 -1.282026e-14 5.110000e+02 5.110025e+02 359 1.236936e+00 4.440892e-16 1.237046e+00 0.000000e+00 1.000000e+00
1.000000e+00 5.110000e+02 3.499298e-14 5.109941e+02 -1.440059e-14 5.110000e+02 5.109941e+02 360 -1.139892e+00 8.881784e-16 -1.139868e+00 0.000000e+00 1.000000e+00
1.000000e+00 5.110000e+02 1.049631e-13 5.109983e+02 1.931268e-14 5.110000e+02 5.109983e+02 361 9.259471e-01 0.000000e+00 9.262522e-01 0.000000e+00 1.000000e+00
1.000000e+00 5.110000e+02 -4.668744e-15 5.109892e+02 2.489892e-14 5.110000e+02 5.109892e+02 362 -6.157611e-01 -1.776357e-15 -6.154587e-01 -0.000000e+00 1.000000e+00
1.000000e+00 5.110000e+02 1.930243e-13 5.109963e+02 -7.802353e-15 5.110000e+02 5.109963e+02 363 2.399606e-01 8.881784e-16 2.398801e-01 0.000000e+00 1.000000e+00
1.000000e+00 5.110000e+02 3.345095e-14 5.110074e+02 -1.103674e-14 5.110000e+02 5.110074e+02 364 1.638748e-01 1.776357e-15 1.637138e-01 0.000000e+00 1.000000e+00
1.000000e+00 5.110000e+02 5.646024e-14 5.110002e+02 -9.738521e-15 5.110000e+02 5.110002e+02 365 -5.549581e-01 -7.105427e-15 -5.550510e-01 -0.000000e+00 1.000000e+00
1.000000e+00 5.110000e+02 -1.384741e-14 5.110011e+02 -1.542191e-14 5.110000e+02 5.110011e+02 366 8.934011e-01 -8.881784e-16 8.929842e-01 -0.000000e+00 1.000000e+00
1.000000e+00 5.110000e+02 4.254062e-14 5.110076e+02 2.834083e-14 5.110000e+02 5.110076e+02 367 -1.144269e+00 8.881784e-16 -1.144245e+00 0.000000e+00 1.000000e+00
1.000000e+00 5.110000e+02 2.034395e-14 5.109996e+02 5.094319e-14 5.110000e+02 5.109996e+02 368 1.281172e+00 -8.881784e-16 1.280819e+00 -0.000000e+00 1.000000e+00
1.000000e+00 5.110000e+02 5.697627e-14 5.109971e+02 3.864097e-15 5.110000e+02 5.109971e+02 369 -1.289029e+00 0.000000e+00 -1.288699e+00 0.000000e+00 1.000000e+00
1.000000e+00 5.110000e+02 1.318119e-13 5.109988e+02 -4.085491e-15 5.110000e+02 5.109988e+02 370 1.165713e+00 8.881784e-16 1.166132e+00 0.000000e+00 1.000000e+00
1.000000e+00 5.110000e+02 -5.878993e-14 5.109985e+02 3.040103e-16 5.110000e+02 5.109985e+02 371 -9.223961e-01 4.440892e-16 -9.227503e-01 0.000000e+00 1.000000e+00
1.000000e+00 5.110000e+02 9.112434e-14 5.109999e+02 1.638446e-14 5.110000e+02 5.109999e+02 372 5.825588e-01 -8.881784e-16 5.821907e-01 -0.000000e+00 1.000000e+00
1.000000e+00 5.110000e+02 6.020806e-14 5.110002e+02 1.953255e-14 5.110000e+02 5.110002e+02 373 -1.797341e-01 -1.776357e-15 -1.794723e-01 -0.000000e+00 1.000000e+00
1.000000e+00 5.110000e+02 6.406676e-14 5.110128e+02 -3.868975e-14 5.110000e+02 5.110128e+02 374 -2.457857e-01 -7.494005e-16 -2.460084e-01 -0.000000e+00 1.000000e+00
1.000000e+00 5.110000e+02 -1.266800e-15 5.109973e+02 -1.890025e-14 5.110000e+02 5.109973e+02 375 6.509645e-01 -2.220446e-16 6.513532e-01 -0.000000e+00 1.000000e+00
1.000000e+00 5.110000e+02 5.684342e-14 5.109916e+02 -1.421085e-14 5.110000e+02 5.109916e+02 376 -9.943582e-01 -1.554312e-15 -9.945393e-01 -0.000000e+00 1.000000e+00
1.000000e+00 5.110000e+02 8.526513e-14 5.110023e+02 -2.842171e-14 5.110000e+02 5.110023e+02 377 1.240338e+00 -2.886580e-15 1.240548e+00 -0.000000e+00 1.000000e+00
1.000000e+00 5.110000e+02 8.526513e-14 5.110016e+02 -1.278977e-13 5.110000e+02 5.110016e+02 378 -1.362768e+00 -1.554312e-15 -1.363114e+00 -0.000000e+00 1.000000e+00
1.000000e+00 5.110000e+02 7.105427e-14 5.109979e+02 4.263256e-14 5.110000e+02 5.109979e+02 379 1.347770e+00 -1.998401e-15 1.347356e+00 -0.000000e+00 1.000000e+00
1.000000e+00 5.110000e+02 1.421085e-13 5.110042e+02 1.421085e-14 5.110000e+02 5.110042e+02 380 -1.195265e+00 -3.108624e-15 -1.195023e+00 -0.000000e+00 1.000000e+00
1.000000e+00 5.110000e+02 2.842171e-14 5.110058e+02 -2.842171e-14 5.110000e+02 5.110058e+02 381 9.191486e-01 -1.554312e-15 9.192484e-01 -0.000000e+00 1.000000e+00
1.000000e+00 5.110000e+02 8.526513e-14 5.109994e+02 -4.263256e-14 5.110000e+02 5.109994e+02 382 -5.460397e-01 0.000000e+00 -5.462962e-01 0.000000e+00 1.000000e+00
1.000000e+00 5.110000e+02 1.563194e-13 5.109995e+02 -1.421085e-14 5.110000e+02 5.109995e+02 383 1.127349e-01 -2.109424e-15 1.129362e-01 -0.000000e+00 1.000000e+00
1.000000e+00 5.110000e+02 1.847411e-13 5.110067e+02 0.000000e+00 5.110000e+02 5.110067e+02 384 3.374047e-01 -1.942890e-15 3.370578e-01 -0.000000e+00 1.000000e+00
1.000000e+00 5.110000e+02 -2.842171e-14 5.109998e+02 -8.526513e-14 5.110000e+02 5.109998e+02 385 -7.587729e-01 -1.887379e-15 -7.590366e-01 -0.000000e+00 1.000000e+00
1.000000e+00 5.110000e+02 1.421085e-14 5.110003e+02 -5.684342e-14 5.110000e+02 5.110003e+02 386 1.108119e+00 -1.776357e-15 1.108351e+00 -0.000000e+00 1.000000e+00
1.000000e+00 5.110000e+02 8.526513e-14 5.109947e+02 2.842171e-14 5.110000e+02 5.109947e+02 387 -1.348966e+00 -1.776357e-15 -1.349107e+00 -0.000000e+00 1.000000e+00
1.000000e+00 5.110000e+02 5.684342e-14 5.110097e+02 5.684342e-14 5.110000e+02 5.110097e+02 388 1.455399e+00 -1.554312e-15 1.455039e+00 -0.000000e+00 1.000000e+00
1.000000e+00 5.110000e+02 -1.421085e-14 5.110040e+02 0.000000e+00 5.110000e+02 5.110040e+02 389 -1.414830e+00 -1.776357e-15 -1.414767e+00 -0.000000e+00 1.000000e+00
1.000000e+00 5.110000e+02 9.947598e-14 5.110052e+02 -8.526513e-14 5.110000e+02 5.110052e+02 390 1.229447e+00 -1.554312e-15 1.229166e+00 -0.000000e+00 1.000000e+00
1.000000e+00 5.110000e+02 1.705303e-13 5.109987e+02 1.421085e-14 5.110000e+02 5.109987e+02 391 -9.161904e-01 -2.442491e-15 -9.166220e-01 -0.000000e+00 1.000000e+00
1.000000e+00 5.110000e+02 8.526513e-14 5.110010e+02 -7.105427e-14 5.110000e+02 5.110010e+02 392 5.052255e-01 -8.326673e-16 5.051489e-01 -0.000000e+00 1.000000e+00
1.000000e+00 5.110000e+02 5.684342e-14 5.109979e+02 -5.684342e-14 5.110000e+02 5.109979e+02 393 -3.706121e-02 -2.498002e-15 -3.676994e-02 -0.000000e+00 1.000000e+00
1.000000e+00 5.110000e+02 7.105427e-14 5.109994e+02 -1.421085e-14 5.110000e+02 5.109994e+02 394 -4.414205e-01 -9.992007e-16 -4.412392e-01 -0.000000e+00 1.000000e+00
1.000000e+00 5.110000e+02 1.421085e-14 5.110033e+02 -7.105427e-14 5.110000e+02 5.110033e+02 395 8.816352e-01 -2.331468e-15 8.816030e-01 -0.000000e+00 1.000000e+00
1.000000e+00 5.110000e+02 -7.105427e-14 5.110051e+02 -9.947598e-14 5.110000e+02 5.110051e+02 396 -1.238203e+00 -1.887379e-15 -1.237921e+00 -0.000000e+00 1.000000e+00
1.000000e+00 5.110000e+02 9.947598e-14 5.110144e+02 1.421085e-14 5.110000e+02 5.110144e+02 397 1.473601e+00 -1.998401e-15 1.473424e+00 -0.000000e+00 1.000000e+00
1.000000e+00 5.110000e+02 1.847411e-13 5.110053e+02 4.263256e-14 5.110000e+02 5.110053e+02 398 -1.562084e+00 -1.887379e-15 -1.561847e+00 -0.000000e+00 1.000000e+00
1.000000e+00 5.110000e+02 1.705303e-13 5.110061e+02 -4.263256e-14 5.110000e+02 5.110061e+02 399 1.492467e+00 4.440892e-16 1.492684e+00 0.000000e+00 1.000000e+00
1.000000e+00 5.110000e+02 9.947598e-14 5.109928e+02 -2.842171e-14 5.110000e+02 5.109928e+02 400 -1.269477e+00 -9.992007e-16 -1.269438e+00 -0.000000e+00 1.000000e+00
1.000000e+00 5.110000e+02 1.421085e-13 5.110047e+02 2.842171e-14 5.110000e+02 5.110047e+02 401 9.135092e-01 -1.026956e-15 9.131201e-01 -0.000000e+00 1.000000e+00
1.000000e+00 5.110000e+02 5.684342e-14 5.110058e+02 -2.842171e-14 5.110000e+02 5.110058e+02 402 -4.587926e-01 -1.082467e-15 -4.587487e-01 -0.000000e+00 1.000000e+00
1.000000e+00 5.110000e+02 5.684342e-14 5.110055e+02 1.421085e-14 5.110000e+02 5.110055e+02 403 -4.987366e-02 -8.326673e-16 -4.990206e-02 -0.000000e+00 1.000000e+00
1.000000e+00 5.110000e+02 1.136868e-13 5.109999e+02 -5.684342e-14 5.110000e+02 5.109999e+02 404 5.615041e-01 4.440892e-16 5.611793e-01 0.000000e+00 1.000000e+00
1.000000e+00 5.110000e+02 5.684342e-14 5.109968e+02 -2.842171e-14 5.110000e+02 5.109968e+02 405 -1.024006e+00 -2.109424e-15 -1.024305e+00 -0.000000e+00 1.000000e+00
1.000000e+00 5.110000e+02 1.136868e-13 5.109970e+02 1.421085e-14 5.110000e+02 5.109970e+02 406 1.389448e+00 -1.665335e-15 1.389378e+00 -0.000000e+00 1.000000e+00
1.000000e+00 5.110000e+02 1.563194e-13 5.109961e+02 -2.842171e-14 5.110000e+02 5.109961e+02 407 -1.618997e+00 -1.887379e-15 -1.618753e+00 -0.000000e+00 1.000000e+00
1.000000e+00 5.110000e+02 1.989520e-13 5.109990e+02 -2.842171e-14 5.110000e+02 5.109990e+02 408 1.687001e+00 -1.332268e-15 1.687040e+00 -0.000000e+00 1.000000e+00
1.000000e+00 5.110000e+02 1.563194e-13 5.109892e+02 8.526513e-14 5.110000e+02 5.109892e+02 409 -1.583818e+00 5.551115e-16 -1.583734e+00 0.000000e+00 1.000000e+00
1.000000e+00 5.110000e+02 9.947598e-14 5.110052e+02 -2.842171e-14 5.110000e+02 5.110052e+02 410 1.317056e+00 -2.303713e-15 1.316714e+00 -0.000000e+00 1.000000e+00
1.000000e+00 5.110000e+02 1.421085e-13 5.109914e+02 -2.842171e-14 5.110000e+02 5.109914e+02 411 -9.110939e-01 1.387779e-16 -9.113692e-01 0.000000e+00 1.000000e+00
1.000000e+00 5.110000e+02 1.136868e-13 5.109983e+02 -4.263256e-14 5.110000e+02 5.109983e+02 412 4.048962e-01 -4.440892e-16 4.044693e-01 -0.000000e+00 1.000000e+00
1.000000e+00 5.110000e+02 1.421085e-13 5.109939e+02 -1.421085e-14 5.110000e+02 5.109939e+02 413 1.516932e-01 -6.661338e-16 1.514571e-01 -0.000000e+00 1.000000e+00
1.000000e+00 5.110000e+02 1.421085e-13 5.109976e+02 2.842171e-14 5.110000e+02 5.109976e+02 414 -7.028175e-01 -4.440892e-16 -7.030062e-01 -0.000000e+00 1.000000e+00
1.000000e+00 5.110000e+02 8.526513e-14 5.109930e+02 1.421085e-14 5.110000e+02 5.109930e+02 415 1.192170e+00 -4.440892e-16 1.192397e+00 -0.000000e+00 1.000000e+00
1.000000e+00 5.110000e+02 2.842171e-14 5.110053e+02 -2.842171e-14 5.110000e+02 5.110053e+02 416 -1.568704e+00 -8.881784e-16 -1.568851e+00 -0.000000e+00 1.000000e+00
1.000000e+00 5.110000e+02 5.684342e-14 5.110035e+02 0.000000e+00 5.110000e+02 5.110035e+02 417 1.791906e+00 2.220446e-16 1.792097e+00 0.000000e+00 1.000000e+00
1.000000e+00 5.110000e+02 1.278977e-13 5.110001e+02 2.842171e-14 5.110000e+02 5.110001e+02 418 -1.836110e+00 2.220446e-16 -1.835870e+00 0.000000e+00 1.000000e+00
1.000000e+00 5.110000e+02 1.421085e-14 5.109964e+02 -4.263256e-14 5.110000e+02 5.109964e+02 419 1.693374e+00 9.436896e-16 1.693168e+00 0.000000e+00 1.000000e+00
1.000000e+00 5.110000e+02 7.105427e-14 5.110038e+02 1.421085e-14 5.110000e+02 5.110038e+02 420 -1.374630e+00 3.469447e-16 -1.374495e+00 0.000000e+00 1.000000e+00
1.000000e+00 5.110000e+02 9.947598e-14 5.110040e+02 -2.842171e-14 5.110000e+02 5.110040e+02 421 9.089351e-01 -1.110223e-16 9.087427e-01 -0.000000e+00 1.000000e+00
1.000000e+00 5.110000e+02 -4.263256e-14 5.109968e+02 2.842171e-14 5.110000e+02 5.109968e+02 422 -3.408755e-01 0.000000e+00 -3.405597e-01 0.000000e+00 1.000000e+00
1.000000e+00 5.110000e+02 1.421085e-14 5.110039e+02 -4.263256e-14 5.110000e+02 5.110039e+02 423 -2.736490e-01 -1.332268e-15 -2.740236e-01 -0.000000e+00 1.000000e+00
1.000000e+00 5.110000e+02 -8.526513e-14 5.109946e+02 -1.421085e-14 5.110000e+02 5.109946e+02 424 8.728730e-01 -1.554312e-15 8.728483e-01 -0.000000e+00 1.000000e+00
1.000000e+00 5.110000e+02 4.263256e-14 5.110127e+02 -9.947598e-14 5.110000e+02 5.110127e+02 425 -1.395314e+00 4.440892e-16 -1.395507e+00 0.000000e+00 1.000000e+00
1.000000e+00 5.110000e+02 -7.105427e-14 5.109904e+02 2.842171e-14 5.110000e+02 5.109904e+02 426 1.786020e+00 -1.998401e-15 1.785968e+00 -0.000000e+00 1.000000e+00
1.000000e+00 5.110000e+02 7.105427e-14 5.109989e+02 5.684342e-14 5.110000e+02 5.109989e+02 427 -2.002281e+00 6.661338e-16 -2.002211e+00 0.000000e+00 1.000000e+00
1.000000e+00 5.110000e+02 9.471751e-15 5.110009e+02 -7.182492e-14 5.110000e+02 5.110009e+02 428 2.018226e+00 0.000000e+00 2.017969e+00 0.000000e+00 1.000000e+00
1.000000e+00 5.110000e+02 6.273407e-14 5.109984e+02 -3.757086e-14 5.110000e+02 5.109984e+02 429 -1.827808e+00 -7.494005e-16 -1.827991e+00 -0.000000e+00 1.000000e+00
1.000000e+00 5.110000e+02 5.081048e-15 5.109952e+02 -1.019004e-14 5.110000e+02 5.109952e+02 430 1.445855e+00 -6.661338e-16 1.446284e+00 -0.000000e+00 1.000000e+00
1.000000e+00 5.110000e+02 9.213436e-15 5.109954e+02 -1.080559e-14 5.110000e+02 5.109954e+02 431 -9.070242e-01 -1.110223e-15 -9.069918e-01 -0.000000e+00 1.000000e+00
1.000000e+00 5.110000e+02 6.052412e-14 5.110083e+02 6.312225e-15 5.110000e+02 5.110083e+02 432 2.627355e-01 -3.552714e-15 2.626424e-01 -0.000000e+00 1.000000e+00
1.000000e+00 5.110000e+02 4.152298e-15 5.110030e+02 -5.158797e-15 5.110000e+02 5.110030e+02 433 4.236670e-01 -4.440892e-15 4.237298e-01 -0.000000e+00 1.000000e+00
1.000000e+00 5.110000e+02 5.732459e-14 5.109906e+02 5.234040e-15 5.110000e+02 5.109906e+02 434 -1.083063e+00 1.776357e-15 -1.082962e+00 0.000000e+00 1.000000e+00
1.000000e+00 5.110000e+02 5.382435e-14 5.110029e+02 -6.628465e-14 5.110000e+02 5.110029e+02 435 1.647432e+00 -2.664535e-15 1.647643e+00 -0.000000e+00 1.000000e+00
1.000000e+00 5.110000e+02 -1.230270e-14 5.110051e+02 -2.117859e-14 5.110000e+02 5.110051e+02 436 -2.056783e+00 -3.552714e-15 -2.056490e+00 -0.000000e+00 1.000000e+00
1.000000e+00 5.110000e+02 -3.122663e-14 5.109956e+02 3.069181e-14 5.110000e+02 5.109956e+02 437 2.265430e+00 1.776357e-15 2.265729e+00 0.000000e+00 1.000000e+00
1.000000e+00 5.110000e+02 -1.138536e-14 5.110017e+02 1.480305e-14 5.110000e+02 5.110017e+02 438 -2.246980e+00 7.105427e-15 -2.247344e+00 0.000000e+00 1.000000e+00
1.000000e+00 5.110000e+02 -1.059695e-15 5.109970e+02 2.885496e-15 5.110000e+02 5.109970e+02 439 1.997490e+00 -2.664535e-15 1.997833e+00 -0.000000e+00 1.000000e+00
1.000000e+00 5.110000e+02 3.944157e-14 5.110020e+02 -1.956920e-14 5.110000e+02 5.110020e+02 440 -1.536439e+00 2.664535e-15 -1.536458e+00 0.000000e+00 1.000000e+00
1.000000e+00 5.110000e+02 7.534805e-14 5.110075e+02 -6.030766e-14 5.110000e+02 5.110075e+02 441 9.053542e-01 -1.776357e-15 9.052408e-01 -0.000000e+00 1.000000e+00
1.000000e+00 5.110000e+02 6.833010e-14 5.110048e+02 2.894429e-14 5.110000e+02 5.110048e+02 442 -1.641787e-01 1.776357e-15 -1.645892e-01 0.000000e+00 1.000000e+00
1.000000e+00 5.110000e+02 2.975811e-14 5.110038e+02 -1.430778e-14 5.110000e+02 5.110038e+02 443 -6.143152e-01 -2.664535e-15 -6.145832e-01 -0.000000e+00 1.000000e+00
1.000000e+00 5.110000e+02 7.052870e-15 5.109940e+02 -2.952098e-14 5.110000e+02 5.109940e+02 444 1.351556e+00 4.440892e-16 1.351733e+00 0.000000e+00 1.000000e+00
1.000000e+00 5.110000e+02 2.531893e-15 5.109990e+02 -1.761091e-14 5.110000e+02 5.109990e+02 445 -1.970974e+00 -1.776357e-15 -1.970694e+00 -0.000000e+00 1.000000e+00
1.000000e+00 5.110000e+02 9.179774e-14 5.109988e+02 -1.596878e-14 5.110000e+02 5.109988e+02 446 2.405821e+00 1.221245e-15 2.405804e+00 0.000000e+00 1.000000e+00
1.000000e+00 5.110000e+02 1.774004e-14 5.110073e+02 3.267482e-14 5.110000e+02 5.110073e+02 447 -2.606205e+00 -1.568190e-15 -2.606288e+00 -0.000000e+00 1.000000e+00
1.000000e+00 5.110000e+02 -2.683048e-14 5.110025e+02 8.750758e-15 5.110000e+02 5.110025e+02 448 2.544637e+00 -3.885781e-16 2.545005e+00 -0.000000e+00 1.000000e+00
1.000000e+00 5.110000e+02 5.684342e-14 5.109972e+02 4.973799e-14 5.110000e+02 5.109972e+02 449 -2.219469e+00 -1.776357e-15 -2.219328e+00 -0.000000e+00 1.000000e+00
1.000000e+00 5.110000e+02 -1.421085e-14 5.110098e+02 7.105427e-15 5.110000e+02 5.110098e+02 450 1.655835e+00 -2.442491e-15 1.655523e+00 -0.000000e+00 1.000000e+00
1.000000e+00 5.110000e+02 -7.460699e-14 5.110013e+02 -7.815970e-14 5.110000e+02 5.110013e+02 451 -9.039187e-01 -1.776357e-15 -9.034899e-01 -0.000000e+00 1.000000e+00
1.000000e+00 5.110000e+02 5.684342e-14 5.109978e+02 -7.105427e-15 5.110000e+02 5.109978e+02 452 3.465234e-02 -3.552714e-15 3.501899e-02 -0.000000e+00 1.000000e+00
1.000000e+00 5.110000e+02 -2.486900e-14 5.109994e+02 2.842171e-14 5.110000e+02 5.109994e+02 453 8.668090e-01 -3.330669e-15 8.667199e-01 -0.000000e+00 1.000000e+00
1.000000e+00 5.110000e+02 -4.263256e-14 5.109981e+02 -2.486900e-14 5.110000e+02 5.109981e+02 454 -1.709245e+00 -2.442491e-15 -1.708927e+00 -0.000000e+00 1.000000e+00
1.000000e+00 5.110000e+02 -1.776357e-14 5.109875e+02 -3.552714e-14 5.110000e+02 5.109875e+02 455 2.404397e+00 4.996004e-16 2.404054e+00 0.000000e+00 1.000000e+00
1.000000e+00 5.110000e+02 3.197442e-14 5.110056e+02 -4.618528e-14 5.110000e+02 5.110056e+02 456 -2.875989e+00 -5.689893e-15 -2.875934e+00 -0.000000e+00 1.000000e+00
1.000000e+00 5.110000e+02 -3.552714e-14 5.109993e+02 1.065814e-14 5.110000e+02 5.109993e+02 457 3.067843e+00 -3.580469e-15 3.067663e+00 -0.000000e+00 1.000000e+00
1.000000e+00 5.110000e+02 -7.460699e-14 5.109954e+02 -1.421085e-14 5.110000e+02 5.109954e+02 458 -2.950250e+00 -5.606626e-15 -2.950350e+00 -0.000000e+00 1.000000e+00
1.000000e+00 5.110000e+02 -6.750156e-14 5.109955e+02 -5.329071e-14 5.110000e+02 5.109955e+02 459 2.523899e+00 -2.997602e-15 2.523994e+00 -0.000000e+00 1.000000e+00
1.000000e+00 5.110000e+02 3.907985e-14 5.109978e+02 -2.131628e-14 5.110000e+02 5.109978e+02 460 -1.820905e+00 -3.219647e-15 -1.820987e+00 -0.000000e+00 1.000000e+00
1.000000e+00 5.110000e+02 -7.105427e-14 5.109977e+02 1.421085e-14 5.110000e+02 5.109977e+02 461 9.027126e-01 -5.884182e-15 9.026144e-01 -0.000000e+00 1.000000e+00
1.000000e+00 5.110000e+02 -1.421085e-14 5.110071e+02 -3.552714e-15 5.110000e+02 5.110071e+02 462 1.449962e-01 -5.440093e-15 1.453288e-01 -0.000000e+00 1.000000e+00
1.000000e+00 5.110000e+02 -4.263256e-14 5.110029e+02 2.486900e-14 5.110000e+02 5.110029e+02 463 -1.220020e+00 -5.662137e-15 -1.220412e+00 -0.000000e+00 1.000000e+00
1.000000e+00 5.110000e+02 1.065814e-14 5.109968e+02 3.552714e-15 5.110000e+02 5.109968e+02 464 2.213288e+00 -4.440892e-15 2.213200e+00 -0.000000e+00 1.000000e+00
1.000000e+00 5.110000e+02 -1.243450e-13 5.109958e+02 -3.552714e-14 5.110000e+02 5.109958e+02 465 -3.019567e+00 -4.926615e-15 -3.019512e+00 -0.000000e+00 1.000000e+00
1.000000e+00 5.110000e+02 3.907985e-14 5.110035e+02 0.000000e+00 5.110000e+02 5.110035e+02 466 3.548207e+00 -5.065393e-15 3.548299e+00 -0.000000e+00 1.000000e+00
1.000000e+00 5.110000e+02 -2.842171e-14 5.110034e+02 -4.263256e-14 5.110000e+02 5.110034e+02 467 -3.732859e+00 -4.274359e-15 -3.733024e+00 -0.000000e+00 1.000000e+00
1.000000e+00 5.110000e+02 1.101341e-13 5.110037e+02 2.131628e-14 5.110000e+02 5.110037e+02 468 3.539172e+00 -7.216450e-15 3.539544e+00 -0.000000e+00 1.000000e+00
1.000000e+00 5.110000e+02 -5.684342e-14 5.109953e+02 -3.552714e-14 5.110000e+02 5.109953e+02 469 -2.969634e+00 -7.160939e-15 -2.969610e+00 -0.000000e+00 1.000000e+00
1.000000e+00 5.110000e+02 -6.394885e-14 5.110052e+02 -1.421085e-14 5.110000e+02 5.110052e+02 470 2.064955e+00 -7.160939e-15 2.065245e+00 -0.000000e+00 1.000000e+00
1.000000e+00 5.110000e+02 -1.207923e-13 5.110071e+02 0.000000e+00 5.110000e+02 5.110071e+02 471 -9.017315e-01 -2.886580e-15 -9.017389e-01 -0.000000e+00 1.000000e+00
1.000000e+00 5.110000e+02 -1.705303e-13 5.110079e+02 -4.263256e-14 5.110000e+02 5.110079e+02 472 -4.135462e-01 4.440892e-16 -4.132241e-01 0.000000e+00 1.000000e+00
1.000000e+00 5.110000e+02 -5.684342e-14 5.109979e+02 -6.039613e-14 5.110000e+02 5.109979e+02 473 1.753711e+00 -2.747802e-15 1.753576e+00 -0.000000e+00 1.000000e+00
1.000000e+00 5.110000e+02 1.776357e-14 5.109959e+02 -3.197442e-14 5.110000e+02 5.109959e+02 474 -2.982598e+00 -4.496403e-15 -2.982742e+00 -0.000000e+00 1.000000e+00
1.000000e+00 5.110000e+02 7.460699e-14 5.110053e+02 7.105427e-14 5.110000e+02 5.110053e+02 475 3.968164e+00 -3.497203e-15 3.968527e+00 -0.000000e+00 1.000000e+00
1.000000e+00 5.110000e+02 -1.634248e-13 5.109961e+02 -6.750156e-14 5.110000e+02 5.109961e+02 476 -4.595833e+00 -4.080070e-15 -4.596242e+00 -0.000000e+00 1.000000e+00
1.000000e+00 5.110000e+02 -1.350031e-13 5.110014e+02 -2.842171e-14 5.110000e+02 5.110014e+02 477 4.780804e+00 3.774758e-15 4.780967e+00 0.000000e+00 1.000000e+00
1.000000e+00 5.110000e+02 -1.705303e-13 5.110101e+02 -1.065814e-14 5.110000e+02 5.110101e+02 478 -4.478068e+00 -9.325873e-15 -4.478053e+00 -0.000000e+00 1.000000e+00
1.000000e+00 5.110000e+02 -4.263256e-14 5.109903e+02 3.907985e-14 5.110000e+02 5.109903e+02 479 3.689076e+00 -8.493206e-15 3.689250e+00 -0.000000e+00 1.000000e+00
1.000000e+00 5.110000e+02 -1.918465e-13 5.109955e+02 -9.592327e-14 5.110000e+02 5.109955e+02 480 -2.464263e+00 -6.716849e-15 -2.464461e+00 -0.000000e+00 1.000000e+00
1.000000e+00 5.110000e+02 -1.563194e-13 5.109958e+02 -1.421085e-14 5.110000e+02 5.109958e+02 481 9.009720e-01 -8.493206e-15 9.008635e-01 -0.000000e+00 1.000000e+00
1.000000e+00 5.110000e+02 -8.881784e-14 5.109833e+02 -3.552714e-15 5.110000e+02 5.109833e+02 482 8.632450e-01 -3.858025e-15 8.632180e-01 -0.000000e+00 1.000000e+00
1.000000e+00 5.110000e+02 -1.030287e-13 5.109993e+02 -2.131628e-14 5.110000e+02 5.109993e+02 483 -2.661558e+00 -1.051936e-14 -2.661443e+00 -0.000000e+00 1.000000e+00
1.000000e+00 5.110000e+02 -9.237056e-14 5.110045e+02 2.842171e-14 5.110000e+02 5.110045e+02 484 4.312216e+00 -6.265821e-15 4.312588e+00 -0.000000e+00 1.000000e+00
1.000000e+00 5.110000e+02 -1.740830e-13 5.110051e+02 -7.105427e-15 5.110000e+02 5.110051e+02 485 -5.635169e+00 -7.299716e-15 -5.635431e+00 -0.000000e+00 1.000000e+00
1.000000e+00 5.110000e+02 -2.096101e-13 5.109941e+02 -5.684342e-14 5.110000e+02 5.109941e+02 486 6.469547e+00 -3.996803e-15 6.469758e+00 -0.000000e+00 1.000000e+00
1.000000e+00 5.110000e+02 -1.065814e-13 5.109988e+02 -1.421085e-14 5.110000e+02 5.109988e+02 487 -6.690440e+00 -7.382983e-15 -6.690378e+00 -0.000000e+00 1.000000e+00
1.000000e+00 5.110000e+02 -9.947598e-14 5.110030e+02 1.421085e-14 5.110000e+02 5.110030e+02 488 6.223411e+00 -3.386180e-15 6.223750e+00 -0.000000e+00 1.000000e+00
1.000000e+00 5.110000e+02 -5.684342e-14 5.109996e+02 0.000000e+00 5.110000e+02 5.109996e+02 489 -5.055333e+00 -8.104628e-15 -5.054991e+00 -0.000000e+00 1.000000e+00
1.000000e+00 5.110000e+02 -5.329071e-14 5.109937e+02 4.263256e-14 5.110000e+02 5.109937e+02 490 3.240385e+00 -6.161738e-15 3.240132e+00 -0.000000e+00 1.000000e+00
1.000000e+00 5.110000e+02 -3.552714e-14 5.110012e+02 6.394885e-14 5.110000e+02 5.110012e+02 491 -9.004314e-01 6.661338e-16 -9.008635e-01 0.000000e+00 1.000000e+00
1.000000e+00 5.110000e+02 -1.989520e-13 5.109952e+02 -6.039613e-14 5.110000e+02 5.109952e+02 492 -1.780517e+00 -2.678413e-15 -1.780716e+00 -0.000000e+00 1.000000e+00
1.000000e+00 5.110000e+02 -7.460699e-14 5.110026e+02 -1.421085e-14 5.110000e+02 5.110026e+02 493 4.567583e+00 -3.920475e-16 4.567351e+00 -0.000000e+00 1.000000e+00
1.000000e+00 5.110000e+02 -1.030287e-13 5.110023e+02 -4.618528e-14 5.110000e+02 5.110023e+02 494 -7.191330e+00 -1.007527e-14 -7.191149e+00 -0.000000e+00 1.000000e+00
1.000000e+00 5.110000e+02 -1.421085e-14 5.109990e+02 -2.486900e-14 5.110000e+02 5.109990e+02 495 9.367945e+00 2.109424e-15 9.367579e+00 0.000000e+00 1.000000e+00
1.000000e+00 5.110000e+02 1.776357e-14 5.109942e+02 -2.842171e-14 5.110000e+02 5.109942e+02 496 -1.082176e+01 -7.993606e-15 -1.082174e+01 -0.000000e+00 1.000000e+00
1.000000e+00 5.110000e+02 -6.039613e-14 5.110076e+02 -3.552714e-14 5.110000e+02 5.110076e+02 497 1.130833e+01 -3.830269e-15 1.130851e+01 -0.000000e+00 1.000000e+00
1.000000e+00 5.110000e+02 -2.842171e-14 5.110025e+02 -2.842171e-14 5.110000e+02 5.110025e+02 498 -1.063614e+01 -5.440093e-15 -1.063614e+01 -0.000000e+00 1.000000e+00
1.000000e+00 5.110000e+02 -8.526513e-14 5.109934e+02 2.842171e-14 5.110000e+02 5.109934e+02 499 8.685151e+00 -8.132384e-15 8.685584e+00 -0.000000e+00 1.000000e+00
1.000000e+00 5.110000e+02 -8.526513e-14 5.110012e+02 -2.131628e-14 5.110000e+02 5.110012e+02 500 -5.420508e+00 -7.716050e-15 -5.420939e+00 -0.000000e+00 1.000000e+00
1.000000e+00 5.110000e+02 1.472747e-14 5.109950e+02 -6.275059e-14 5.110000e+02 5.109950e+02 501 9.001078e-01 3.080869e-15 8.999880e-01 0.000000e+00 1.000000e+00
1.000000e+00 5.110000e+02 7.044622e-14 5.109974e+02 -1.601887e-14 5.110000e+02 5.109974e+02 502 4.724732e+00 5.419276e-15 4.724937e+00 0.000000e+00 1.000000e+00
1.000000e+00 5.110000e+02 2.181649e-14 5.110009e+02 3.831939e-14 5.110000e+02 5.110009e+02 503 -1.121581e+01 1.665335e-15 -1.121571e+01 0.000000e+00 1.000000e+00
1.000000e+00 5.110000e+02 -8.414846e-14 5.109993e+02 -2.076909e-14 5.110000e+02 5.109993e+02 504 1.826148e+01 1.998401e-15 1.826153e+01 0.000000e+00 1.000000e+00
1.000000e+00 5.110000e+02 -9.204547e-14 5.109983e+02 6.305720e-16 5.110000e+02 5.109983e+02 505 -2.549607e+01 3.219647e-15 -2.549645e+01 0.000000e+00 1.000000e+00
1.000000e+00 5.110000e+02 -1.297483e-13 5.109938e+02 -3.962976e-15 5.110000e+02 5.109938e+02 506 3.252394e+01 1.126876e-14 3.252388e+01 0.000000e+00 1.000000e+00
1.000000e+00 5.110000e+02 -4.799472e-14 5.109914e+02 3.549027e-15 5.110000e+02 5.109914e+02 507 -3.894639e+01 9.992007e-16 -3.894637e+01 0.000000e+00 1.000000e+00
1.000000e+00 5.110000e+02 -4.551415e-14 5.110017e+02 -8.402567e-16 5.110000e+02 5.110017e+02 508 4.438937e+01 1.665335e-14 4.438919e+01 0.000000e+00 1.000000e+00
1.000000e+00 5.110000e+02 1.273556e-14 5.109983e+02 2.203532e-15 5.110000e+02 5.109983e+02 509 -4.852990e+01 -4.918288e-14 -4.853019e+01 -0.000000e+00 1.000000e+00
1.000000e+00 5.110000e+02 1.392363e-14 5.110092e+02 1.362625e-15 5.110000e+02 5.110092e+02 510 5.111908e+01 1.351697e-14 5.111897e+01 0.000000e+00 1.000000e+00
