1.000000e+00 2.550000e+02 -1.727785e-13 2.550400e+02 0.000000e+00 2.550000e+02 2.550400e+02 0 2.290000e+02 0.000000e+00 2.290000e+02 0.000000e+00 1.000000e+00
1.000000e+00 2.550000e+02 -1.735223e-13 2.549998e+02 -1.078998e-14 2.550000e+02 2.549998e+02 1 2.555830e+01 -6.189493e-15 2.555782e+01 -0.000000e+00 1.000000e+00
1.000000e+00 2.550000e+02 -1.347189e-13 2.549726e+02 -1.423341e-15 2.550000e+02 2.549726e+02 2 -2.426012e+01 -1.609823e-14 -2.425791e+01 -0.000000e+00 1.000000e+00
1.000000e+00 2.550000e+02 -1.736513e-13 2.549754e+02 1.074358e-14 2.550000e+02 2.549754e+02 3 2.218423e+01 1.443290e-15 2.218226e+01 0.000000e+00 1.000000e+00
1.000000e+00 2.550000e+02 -1.760406e-13 2.550075e+02 -4.700233e-15 2.550000e+02 2.550075e+02 4 -1.945559e+01 -3.608225e-15 -1.945665e+01 -0.000000e+00 1.000000e+00
1.000000e+00 2.550000e+02 -1.558278e-13 2.549941e+02 -6.631848e-15 2.550000e+02 2.549941e+02 5 1.623637e+01 8.937295e-15 1.623484e+01 0.000000e+00 1.000000e+00
1.000000e+00 2.550000e+02 -2.135029e-13 2.550264e+02 -4.579670e-15 2.550000e+02 2.550264e+02 6 -1.271437e+01 1.185163e-14 -1.271252e+01 0.000000e+00 1.000000e+00
1.000000e+00 2.550000e+02 -1.980663e-13 2.550194e+02 -1.433575e-14 2.550000e+02 2.550194e+02 7 9.089758e+00 1.154632e-14 9.092349e+00 0.000000e+00 1.000000e+00
1.000000e+00 2.550000e+02 -1.870029e-13 2.549748e+02 -7.828807e-15 2.550000e+02 2.549748e+02 8 -5.561159e+00 6.911138e-15 -5.563036e+00 0.000000e+00 1.000000e+00
1.000000e+00 2.550000e+02 -2.135171e-13 2.550104e+02 1.310584e-14 2.550000e+02 2.550104e+02 9 2.312125e+00 1.031120e-14 2.313272e+00 0.000000e+00 1.000000e+00
1.000000e+00 2.550000e+02 -1.900712e-13 2.550267e+02 -1.587792e-14 2.550000e+02 2.550267e+02 10 5.009501e-01 1.079692e-14 5.031892e-01 0.000000e+00 1.000000e+00
1.000000e+00 2.550000e+02 -1.773672e-13 2.549468e+02 -1.693090e-15 2.550000e+02 2.549468e+02 11 -2.758605e+00 9.103829e-15 -2.760552e+00 0.000000e+00 1.000000e+00
1.000000e+00 2.550000e+02 -1.882715e-13 2.550101e+02 1.199041e-14 2.550000e+02 2.550101e+02 12 4.385069e+00 8.715251e-15 4.381939e+00 0.000000e+00 1.000000e+00
1.000000e+00 2.550000e+02 -1.845881e-13 2.550122e+02 -2.189221e-14 2.550000e+02 2.550122e+02 13 -5.351557e+00 5.162537e-15 -5.353374e+00 0.000000e+00 1.000000e+00
1.000000e+00 2.550000e+02 -1.837631e-13 2.550027e+02 -1.291849e-14 2.550000e+02 2.550027e+02 14 5.675949e+00 5.717649e-15 5.674856e+00 0.000000e+00 1.000000e+00
1.000000e+00 2.550000e+02 3.157362e-15 2.550285e+02 -1.642523e-14 2.550000e+02 2.550285e+02 15 -5.418976e+00 -2.664535e-15 -5.416272e+00 -0.000000e+00 1.000000e+00
1.000000e+00 2.550000e+02 3.176133e-14 2.549878e+02 -7.750744e-15 2.550000e+02 2.549878e+02 16 4.677329e+00 3.830269e-15 4.675466e+00 0.000000e+00 1.000000e+00
1.000000e+00 2.550000e+02 1.318356e-14 2.549827e+02 -4.751372e-15 2.550000e+02 2.549827e+02 17 -3.574329e+00 -5.329071e-15 -3.571245e+00 -0.000000e+00 1.000000e+00
1.000000e+00 2.550000e+02 1.754618e-14 2.549972e+02 -3.076858e-14 2.550000e+02 2.549972e+02 18 2.248984e+00 -5.217070e-16 2.250374e+00 -0.000000e+00 1.000000e+00
1.000000e+00 2.550000e+02 4.455137e-14 2.550249e+02 4.984657e-15 2.550000e+02 2.550249e+02 19 -8.443521e-01 -1.117708e-15 -8.456374e-01 -0.000000e+00 1.000000e+00
1.000000e+00 2.550000e+02 7.878547e-15 2.549961e+02 1.264362e-15 2.550000e+02 2.549961e+02 20 -5.038187e-01 -3.084911e-17 -5.031892e-01 -0.000000e+00 1.000000e+00
1.000000e+00 2.550000e+02 -9.159881e-15 2.549051e+02 -4.084238e-15 2.550000e+02 2.549051e+02 21 1.677282e+00 1.825533e-15 1.677297e+00 0.000000e+00 1.000000e+00
1.000000e+00 2.550000e+02 -2.114251e-14 2.550320e+02 7.423040e-16 2.550000e+02 2.550320e+02 22 -2.583538e+00 -1.764698e-15 -2.585833e+00 -0.000000e+00 1.000000e+00
1.000000e+00 2.550000e+02 -1.449996e-14 2.549818e+02 -4.734732e-16 2.550000e+02 2.549818e+02 23 3.161533e+00 4.615113e-15 3.158910e+00 0.000000e+00 1.000000e+00
1.000000e+00 2.550000e+02 3.313892e-15 2.549746e+02 -5.467413e-15 2.550000e+02 2.549746e+02 24 -3.384473e+00 1.872185e-15 -3.382550e+00 0.000000e+00 1.000000e+00
1.000000e+00 2.550000e+02 -1.880833e-14 2.549849e+02 1.569725e-14 2.550000e+02 2.549849e+02 25 3.259630e+00 3.069033e-15 3.256752e+00 0.000000e+00 1.000000e+00
1.000000e+00 2.550000e+02 -2.280512e-14 2.550000e+02 -3.690526e-15 2.550000e+02 2.550000e+02 26 -2.825309e+00 1.931765e-15 -2.823450e+00 0.000000e+00 1.000000e+00
1.000000e+00 2.550000e+02 -3.872962e-15 2.549938e+02 -1.838605e-14 2.550000e+02 2.549938e+02 27 2.145360e+00 3.347277e-15 2.145543e+00 0.000000e+00 1.000000e+00
1.000000e+00 2.550000e+02 7.408625e-15 2.550609e+02 -9.939992e-15 2.550000e+02 2.550609e+02 28 -1.301804e+00 3.516506e-15 -1.299905e+00 0.000000e+00 1.000000e+00
1.000000e+00 2.550000e+02 -5.579531e-15 2.550431e+02 -8.548771e-16 2.550000e+02 2.550431e+02 29 3.863169e-01 2.630481e-15 3.843806e-01 0.000000e+00 1.000000e+00
1.000000e+00 2.550000e+02 -2.117167e-15 2.550421e+02 -1.507875e-15 2.550000e+02 2.550421e+02 30 5.086609e-01 4.018297e-15 5.101779e-01 0.000000e+00 1.000000e+00
1.000000e+00 2.550000e+02 5.155269e-15 2.549935e+02 -9.567879e-15 2.550000e+02 2.549935e+02 31 -1.298387e+00 1.889969e-15 -1.299905e+00 0.000000e+00 1.000000e+00
1.000000e+00 2.550000e+02 -3.768268e-14 2.550380e+02 -1.156431e-14 2.550000e+02 2.550380e+02 32 1.913132e+00 -1.841900e-16 1.914914e+00 -0.000000e+00 1.000000e+00
1.000000e+00 2.550000e+02 4.787534e-15 2.549929e+02 -6.088076e-15 2.550000e+02 2.549929e+02 33 -2.303755e+00 5.689923e-16 -2.306284e+00 0.000000e+00 1.000000e+00
1.000000e+00 2.550000e+02 3.615972e-14 2.549855e+02 8.743791e-15 2.550000e+02 2.549855e+02 34 2.445125e+00 -4.773959e-15 2.446059e+00 -0.000000e+00 1.000000e+00
1.000000e+00 2.550000e+02 -1.446232e-14 2.550136e+02 -4.286468e-14 2.550000e+02 2.550136e+02 35 -2.337179e+00 -5.151761e-16 -2.334239e+00 -0.000000e+00 1.000000e+00
1.000000e+00 2.550000e+02 5.335349e-14 2.550367e+02 -1.584573e-14 2.550000e+02 2.550367e+02 36 2.003632e+00 -1.204556e-15 2.005768e+00 -0.000000e+00 1.000000e+00
1.000000e+00 2.550000e+02 -6.637881e-17 2.550375e+02 -2.559170e-14 2.550000e+02 2.550375e+02 37 -1.488552e+00 -9.822294e-16 -1.488601e+00 -0.000000e+00 1.000000e+00
1.000000e+00 2.550000e+02 -6.986792e-16 2.549344e+02 -1.759128e-14 2.550000e+02 2.549344e+02 38 8.512151e-01 1.610709e-15 8.526261e-01 0.000000e+00 1.000000e+00
1.000000e+00 2.550000e+02 2.587149e-14 2.550231e+02 -3.149377e-14 2.550000e+02 2.550231e+02 39 -1.597834e-01 -4.340132e-16 -1.607410e-01 -0.000000e+00 1.000000e+00
1.000000e+00 2.550000e+02 4.065454e-15 2.550035e+02 -1.135757e-14 2.550000e+02 2.550035e+02 40 -5.155718e-01 7.608341e-17 -5.171667e-01 0.000000e+00 1.000000e+00
1.000000e+00 2.550000e+02 -3.039897e-14 2.549696e+02 -6.928399e-14 2.550000e+02 2.549696e+02 41 1.109432e+00 1.567001e-15 1.111209e+00 0.000000e+00 1.000000e+00
1.000000e+00 2.550000e+02 -2.651659e-15 2.549975e+02 5.693184e-15 2.550000e+02 2.549975e+02 42 -1.567158e+00 1.884393e-16 -1.565477e+00 0.000000e+00 1.000000e+00
1.000000e+00 2.550000e+02 -7.420665e-15 2.550257e+02 -1.989562e-14 2.550000e+02 2.550257e+02 43 1.849660e+00 2.194934e-15 1.852016e+00 0.000000e+00 1.000000e+00
1.000000e+00 2.550000e+02 -1.926840e-15 2.550141e+02 -3.982400e-14 2.550000e+02 2.550141e+02 44 -1.936491e+00 5.086037e-16 -1.935881e+00 0.000000e+00 1.000000e+00
1.000000e+00 2.550000e+02 1.411678e-14 2.549636e+02 -1.119340e-14 2.550000e+02 2.549636e+02 45 1.827065e+00 2.588638e-15 1.824061e+00 0.000000e+00 1.000000e+00
1.000000e+00 2.550000e+02 1.042818e-15 2.549870e+02 -7.641510e-15 2.550000e+02 2.549870e+02 46 -1.539925e+00 1.081587e-15 -1.537523e+00 0.000000e+00 1.000000e+00
1.000000e+00 2.550000e+02 4.760970e-14 2.550142e+02 1.152372e-14 2.550000e+02 2.550142e+02 47 1.110229e+00 2.405050e-15 1.111209e+00 0.000000e+00 1.000000e+00
1.000000e+00 2.550000e+02 4.238382e-14 2.549813e+02 2.909541e-15 2.550000e+02 2.549813e+02 48 -5.857308e-01 1.385294e-16 -5.870540e-01 0.000000e+00 1.000000e+00
1.000000e+00 2.550000e+02 7.257501e-15 2.550539e+02 -2.224390e-14 2.550000e+02 2.550539e+02 49 2.170197e-02 2.211282e-16 2.096622e-02 0.000000e+00 1.000000e+00
1.000000e+00 2.550000e+02 3.396753e-14 2.550088e+02 -1.447502e-14 2.550000e+02 2.550088e+02 50 5.246909e-01 1.093025e-15 5.241554e-01 0.000000e+00 1.000000e+00
1.000000e+00 2.550000e+02 4.470095e-14 2.550111e+02 -2.295465e-14 2.550000e+02 2.550111e+02 51 -1.000000e+00 -4.218847e-15 -9.993896e-01 -0.000000e+00 1.000000e+00
1.000000e+00 2.550000e+02 2.567523e-14 2.549853e+02 1.299281e-14 2.550000e+02 2.549853e+02 52 1.359565e+00 -7.428797e-16 1.362804e+00 -0.000000e+00 1.000000e+00
1.000000e+00 2.550000e+02 3.595210e-14 2.549810e+02 3.354450e-14 2.550000e+02 2.549810e+02 53 -1.571572e+00 4.663482e-16 -1.572466e+00 0.000000e+00 1.000000e+00
1.000000e+00 2.550000e+02 -7.519571e-15 2.550074e+02 6.310944e-15 2.550000e+02 2.550074e+02 54 1.619738e+00 -4.132401e-16 1.621387e+00 -0.000000e+00 1.000000e+00
1.000000e+00 2.550000e+02 5.768583e-15 2.550350e+02 2.256219e-14 2.550000e+02 2.550350e+02 55 -1.504416e+00 4.882483e-17 -1.502579e+00 0.000000e+00 1.000000e+00
1.000000e+00 2.550000e+02 -1.206782e-15 2.549930e+02 -3.819650e-15 2.550000e+02 2.549930e+02 56 1.242049e+00 -8.053420e-16 1.243995e+00 -0.000000e+00 1.000000e+00
1.000000e+00 2.550000e+02 -8.319645e-15 2.549518e+02 -1.071193e-14 2.550000e+02 2.549518e+02 57 -8.630829e-01 5.451409e-16 -8.596149e-01 0.000000e+00 1.000000e+00
1.000000e+00 2.550000e+02 8.764673e-15 2.550026e+02 -2.964115e-15 2.550000e+02 2.550026e+02 58 4.085756e-01 -3.700523e-16 4.053468e-01 -0.000000e+00 1.000000e+00
1.000000e+00 2.550000e+02 -1.071284e-14 2.549804e+02 8.522941e-15 2.550000e+02 2.549804e+02 59 7.412635e-02 7.047446e-16 7.687613e-02 0.000000e+00 1.000000e+00
1.000000e+00 2.550000e+02 4.353432e-14 2.550266e+02 -7.352911e-15 2.550000e+02 2.550266e+02 60 -5.362090e-01 -2.195081e-16 -5.381329e-01 -0.000000e+00 1.000000e+00
1.000000e+00 2.550000e+02 5.636051e-14 2.549537e+02 5.335818e-15 2.550000e+02 2.549537e+02 61 9.322231e-01 8.891859e-16 9.295022e-01 0.000000e+00 1.000000e+00
1.000000e+00 2.550000e+02 3.349928e-14 2.549434e+02 -7.337034e-15 2.550000e+02 2.549434e+02 62 -1.224462e+00 1.221158e-15 -1.223029e+00 0.000000e+00 1.000000e+00
1.000000e+00 2.550000e+02 3.914222e-14 2.550057e+02 -3.833974e-15 2.550000e+02 2.550057e+02 63 1.386469e+00 9.264605e-16 1.383770e+00 0.000000e+00 1.000000e+00
1.000000e+00 2.550000e+02 1.174799e-14 2.549442e+02 -2.325028e-14 2.550000e+02 2.549442e+02 64 -1.405360e+00 1.361545e-15 -1.404736e+00 0.000000e+00 1.000000e+00
1.000000e+00 2.550000e+02 1.267653e-14 2.550005e+02 -2.015076e-14 2.550000e+02 2.550005e+02 65 1.282756e+00 4.477963e-16 1.285928e+00 0.000000e+00 1.000000e+00
1.000000e+00 2.550000e+02 1.062269e-14 2.550190e+02 -1.093462e-14 2.550000e+02 2.550190e+02 66 -1.034275e+00 2.822314e-16 -1.034333e+00 0.000000e+00 1.000000e+00
1.000000e+00 2.550000e+02 -6.853813e-15 2.549538e+02 -1.654982e-14 2.550000e+02 2.549538e+02 67 6.876623e-01 1.792872e-17 6.848964e-01 0.000000e+00 1.000000e+00
1.000000e+00 2.550000e+02 3.368617e-14 2.549898e+02 7.728158e-15 2.550000e+02 2.549898e+02 68 -2.797728e-01 -3.885781e-15 -2.795495e-01 -0.000000e+00 1.000000e+00
1.000000e+00 2.550000e+02 2.323146e-14 2.549439e+02 8.309051e-15 2.550000e+02 2.549439e+02 69 -1.472754e-01 1.699394e-16 -1.467635e-01 0.000000e+00 1.000000e+00
1.000000e+00 2.550000e+02 2.316336e-14 2.550000e+02 3.948041e-15 2.550000e+02 2.550000e+02 70 5.503788e-01 -8.502527e-16 5.521104e-01 -0.000000e+00 1.000000e+00
1.000000e+00 2.550000e+02 3.042655e-14 2.550032e+02 1.884082e-14 2.550000e+02 2.550032e+02 71 -8.897342e-01 -6.414718e-16 -8.875698e-01 -0.000000e+00 1.000000e+00
1.000000e+00 2.550000e+02 3.663600e-14 2.549880e+02 8.052140e-15 2.550000e+02 2.549880e+02 72 1.132710e+00 8.239861e-16 1.132176e+00 0.000000e+00 1.000000e+00
1.000000e+00 2.550000e+02 6.995467e-15 2.550593e+02 5.898303e-15 2.550000e+02 2.550593e+02 73 -1.256931e+00 -1.603373e-15 -1.257973e+00 -0.000000e+00 1.000000e+00
1.000000e+00 2.550000e+02 1.325786e-14 2.550113e+02 -1.563135e-14 2.550000e+02 2.550113e+02 74 1.252296e+00 1.036423e-15 1.250984e+00 0.000000e+00 1.000000e+00
1.000000e+00 2.550000e+02 3.978343e-14 2.550368e+02 1.937162e-15 2.550000e+02 2.550368e+02 75 -1.121734e+00 -4.045979e-16 -1.125187e+00 -0.000000e+00 1.000000e+00
1.000000e+00 2.550000e+02 3.415624e-14 2.549841e+02 1.224148e-15 2.550000e+02 2.549841e+02 76 8.806781e-01 -7.643605e-17 8.805811e-01 -0.000000e+00 1.000000e+00
1.000000e+00 2.550000e+02 5.690232e-14 2.550233e+02 4.240142e-15 2.550000e+02 2.550233e+02 77 -5.552937e-01 -2.712105e-16 -5.521104e-01 -0.000000e+00 1.000000e+00
1.000000e+00 2.550000e+02 2.856774e-14 2.549959e+02 1.946655e-15 2.550000e+02 2.549959e+02 78 1.796931e-01 -1.109086e-15 1.817072e-01 -0.000000e+00 1.000000e+00
1.000000e+00 2.550000e+02 3.366821e-14 2.550095e+02 -7.466110e-15 2.550000e+02 2.550095e+02 79 2.075948e-01 1.187721e-15 2.096622e-01 0.000000e+00 1.000000e+00
1.000000e+00 2.550000e+02 5.994483e-14 2.549644e+02 1.507421e-15 2.550000e+02 2.549644e+02 80 -5.675290e-01 -9.470365e-16 -5.660878e-01 -0.000000e+00 1.000000e+00
1.000000e+00 2.550000e+02 3.993675e-14 2.549958e+02 -6.892804e-15 2.550000e+02 2.549958e+02 81 8.644478e-01 3.962656e-15 8.666036e-01 0.000000e+00 1.000000e+00
1.000000e+00 2.550000e+02 4.022510e-14 2.550054e+02 -1.732184e-14 2.550000e+02 2.550054e+02 82 -1.069561e+00 -4.974297e-15 -1.069277e+00 -0.000000e+00 1.000000e+00
1.000000e+00 2.550000e+02 8.317331e-14 2.550132e+02 -3.295559e-15 2.550000e+02 2.550132e+02 83 1.163707e+00 1.602904e-15 1.167119e+00 0.000000e+00 1.000000e+00
1.000000e+00 2.550000e+02 5.268983e-14 2.550031e+02 -3.795337e-15 2.550000e+02 2.550031e+02 84 -1.139114e+00 -3.012213e-15 -1.139164e+00 -0.000000e+00 1.000000e+00
1.000000e+00 2.550000e+02 8.540323e-14 2.549352e+02 6.153481e-15 2.550000e+02 2.549352e+02 85 1.000000e+00 0.000000e+00 9.993896e-01 0.000000e+00 1.000000e+00
1.000000e+00 2.550000e+02 7.854731e-14 2.551009e+02 -2.116852e-14 2.550000e+02 2.551009e+02 86 -7.619829e-01 5.551115e-17 -7.617725e-01 0.000000e+00 1.000000e+00
1.000000e+00 2.550000e+02 8.691200e-14 2.550060e+02 6.930396e-15 2.550000e+02 2.550060e+02 87 4.503583e-01 -1.026956e-15 4.472793e-01 -0.000000e+00 1.000000e+00
1.000000e+00 2.550000e+02 9.445667e-14 2.550008e+02 1.510999e-14 2.550000e+02 2.550008e+02 88 -9.744540e-02 -8.881784e-16 -9.784234e-02 -0.000000e+00 1.000000e+00
1.000000e+00 2.550000e+02 8.061917e-14 2.550107e+02 -6.877904e-15 2.550000e+02 2.550107e+02 89 -2.607313e-01 -2.775558e-16 -2.585833e-01 -0.000000e+00 1.000000e+00
1.000000e+00 2.550000e+02 4.662547e-14 2.549930e+02 8.691701e-15 2.550000e+02 2.549930e+02 90 5.880851e-01 -5.551115e-16 5.870540e-01 -0.000000e+00 1.000000e+00
1.000000e+00 2.550000e+02 4.195465e-14 2.549495e+02 -3.397448e-14 2.550000e+02 2.549495e+02 91 -8.520697e-01 -1.471046e-15 -8.526261e-01 -0.000000e+00 1.000000e+00
1.000000e+00 2.550000e+02 5.145206e-14 2.549470e+02 3.713297e-15 2.550000e+02 2.549470e+02 92 1.026887e+00 -4.243047e-16 1.027345e+00 -0.000000e+00 1.000000e+00
1.000000e+00 2.550000e+02 3.454425e-14 2.549729e+02 1.552534e-15 2.550000e+02 2.549729e+02 93 -1.095981e+00 -6.721121e-16 -1.097232e+00 -0.000000e+00 1.000000e+00
1.000000e+00 2.550000e+02 1.813112e-14 2.550168e+02 -1.853599e-14 2.550000e+02 2.550168e+02 94 1.053590e+00 3.533496e-16 1.055300e+00 0.000000e+00 1.000000e+00
1.000000e+00 2.550000e+02 4.049715e-14 2.550161e+02 3.391455e-15 2.550000e+02 2.550161e+02 95 -9.051986e-01 -3.672300e-17 -9.085360e-01 -0.000000e+00 1.000000e+00
1.000000e+00 2.550000e+02 1.853313e-14 2.549410e+02 -2.296465e-14 2.550000e+02 2.549410e+02 96 6.668681e-01 6.304072e-16 6.639302e-01 0.000000e+00 1.000000e+00
1.000000e+00 2.550000e+02 4.329805e-14 2.549550e+02 -1.963630e-14 2.550000e+02 2.549550e+02 97 -3.635214e-01 -7.971043e-18 -3.634144e-01 -0.000000e+00 1.000000e+00
1.000000e+00 2.550000e+02 2.295213e-14 2.550182e+02 -1.358654e-14 2.550000e+02 2.550182e+02 98 2.635924e-02 1.102252e-15 2.795495e-02 0.000000e+00 1.000000e+00
1.000000e+00 2.550000e+02 3.119529e-14 2.550241e+02 -3.765556e-15 2.550000e+02 2.550241e+02 99 3.103231e-01 1.327996e-16 3.075045e-01 0.000000e+00 1.000000e+00
1.000000e+00 2.550000e+02 7.497161e-14 2.549943e+02 -1.277978e-14 2.550000e+02 2.549943e+02 100 -6.125973e-01 2.815413e-16 -6.150090e-01 0.000000e+00 1.000000e+00
1.000000e+00 2.550000e+02 6.944144e-14 2.550033e+02 6.541534e-15 2.550000e+02 2.550033e+02 101 8.502958e-01 9.099557e-16 8.526261e-01 0.000000e+00 1.000000e+00
1.000000e+00 2.550000e+02 4.861267e-14 2.549642e+02 8.606370e-15 2.550000e+02 2.549642e+02 102 -1.000000e+00 1.606906e-15 -9.993896e-01 0.000000e+00 1.000000e+00
1.000000e+00 2.550000e+02 4.426744e-14 2.550489e+02 -1.173677e-14 2.550000e+02 2.550489e+02 103 1.047329e+00 2.564455e-16 1.048311e+00 0.000000e+00 1.000000e+00
1.000000e+00 2.550000e+02 6.327205e-14 2.550352e+02 7.396378e-15 2.550000e+02 2.550352e+02 104 -9.883096e-01 -5.981538e-16 -9.854122e-01 -0.000000e+00 1.000000e+00
1.000000e+00 2.550000e+02 7.088583e-14 2.549877e+02 1.868253e-14 2.550000e+02 2.549877e+02 105 8.296901e-01 3.854845e-16 8.316599e-01 0.000000e+00 1.000000e+00
1.000000e+00 2.550000e+02 1.494873e-14 2.550036e+02 -4.398003e-15 2.550000e+02 2.550036e+02 106 -5.881883e-01 -6.913287e-16 -5.870540e-01 -0.000000e+00 1.000000e+00
1.000000e+00 2.550000e+02 8.253658e-15 2.550133e+02 -1.508705e-14 2.550000e+02 2.550133e+02 107 2.887427e-01 -2.916593e-16 2.865383e-01 -0.000000e+00 1.000000e+00
1.000000e+00 2.550000e+02 5.205382e-15 2.550288e+02 -1.632432e-14 2.550000e+02 2.550288e+02 108 3.804409e-02 -9.182103e-16 3.494369e-02 -0.000000e+00 1.000000e+00
1.000000e+00 2.550000e+02 -2.336514e-14 2.549818e+02 -1.845147e-14 2.550000e+02 2.549818e+02 109 -3.590110e-01 -6.575582e-16 -3.564257e-01 -0.000000e+00 1.000000e+00
1.000000e+00 2.550000e+02 -2.571222e-14 2.549907e+02 -2.236472e-14 2.550000e+02 2.549907e+02 110 6.417821e-01 -6.581854e-16 6.429640e-01 -0.000000e+00 1.000000e+00
1.000000e+00 2.550000e+02 1.171443e-14 2.550019e+02 -3.812097e-14 2.550000e+02 2.550019e+02 111 -8.580107e-01 -1.071815e-15 -8.596149e-01 -0.000000e+00 1.000000e+00
1.000000e+00 2.550000e+02 3.213354e-15 2.550174e+02 -1.248447e-14 2.550000e+02 2.550174e+02 112 9.862027e-01 -4.790788e-16 9.854122e-01 -0.000000e+00 1.000000e+00
1.000000e+00 2.550000e+02 -6.590084e-14 2.549851e+02 -5.165552e-14 2.550000e+02 2.549851e+02 113 -1.013839e+00 2.585256e-16 -1.013367e+00 0.000000e+00 1.000000e+00
1.000000e+00 2.550000e+02 -1.920114e-14 2.549827e+02 -3.458077e-14 2.550000e+02 2.549827e+02 114 9.385895e-01 4.836048e-16 9.364910e-01 0.000000e+00 1.000000e+00
0.000000e+00 2.842171e-14 4.036314e-15 -3.349107e-02 9.035253e-14 2.870689e-14 3.349107e-02 115 -7.684997e-01 6.499087e-16 -7.687613e-01 0.000000e+00 0.000000e+00
0.000000e+00 4.263256e-14 1.130875e-14 3.170022e-02 9.459949e-14 4.410695e-14 3.170022e-02 116 5.211395e-01 -1.144107e-16 5.241554e-01 -0.000000e+00 0.000000e+00
0.000000e+00 0.000000e+00 1.395921e-14 5.285642e-02 6.798913e-14 1.395921e-14 5.285642e-02 117 -2.217996e-01 -1.970714e-16 -2.236396e-01 -0.000000e+00 0.000000e+00
0.000000e+00 1.421085e-14 -5.344963e-14 1.914745e-02 7.346537e-14 5.530652e-14 1.914745e-02 118 -9.907810e-02 1.188803e-17 -9.784234e-02 0.000000e+00 0.000000e+00
0.000000e+00 5.684342e-14 -1.229472e-13 4.334208e-02 -3.103293e-14 1.354518e-13 4.334208e-02 119 4.089771e-01 5.601650e-16 4.123356e-01 0.000000e+00 0.000000e+00
0.000000e+00 -4.263256e-14 8.640741e-14 4.131843e-02 1.252515e-13 9.635235e-14 4.131843e-02 120 -6.765818e-01 2.084616e-16 -6.779077e-01 0.000000e+00 0.000000e+00
0.000000e+00 2.842171e-14 -9.344645e-14 4.950055e-03 -6.829238e-16 9.767309e-14 4.950055e-03 121 8.749234e-01 -9.002413e-16 8.735923e-01 -0.000000e+00 0.000000e+00
0.000000e+00 1.136868e-13 -8.291747e-14 -2.327211e-04 -1.658238e-14 1.407125e-13 2.327211e-04 122 -9.840809e-01 -7.485310e-16 -9.854122e-01 -0.000000e+00 0.000000e+00
0.000000e+00 5.684342e-14 2.061760e-14 -2.867593e-02 8.657609e-14 6.046701e-14 2.867593e-02 123 9.931706e-01 2.796514e-16 9.924009e-01 0.000000e+00 0.000000e+00
0.000000e+00 2.842171e-14 -1.676107e-14 -3.111577e-02 7.552944e-14 3.299586e-14 3.111577e-02 124 -9.014246e-01 -1.327173e-15 -9.015473e-01 -0.000000e+00 0.000000e+00
0.000000e+00 0.000000e+00 6.515846e-14 -7.681302e-03 1.325865e-13 6.515846e-14 7.681302e-03 125 7.182526e-01 -1.108510e-15 7.198401e-01 -0.000000e+00 0.000000e+00
0.000000e+00 -8.526513e-14 7.948008e-14 1.672158e-02 1.263020e-13 1.165643e-13 1.672158e-02 126 -4.622828e-01 -1.122373e-15 -4.612568e-01 -0.000000e+00 0.000000e+00
0.000000e+00 -2.842171e-14 -4.572602e-14 3.554584e-02 4.876755e-14 5.383923e-14 3.554584e-02 127 1.594788e-01 -9.128879e-16 1.607410e-01 -0.000000e+00 0.000000e+00
0.000000e+00 -7.105427e-14 2.004910e-14 3.554584e-02 1.363554e-13 7.382869e-14 3.554584e-02 128 1.594788e-01 -6.927140e-16 1.607410e-01 -0.000000e+00 0.000000e+00
0.000000e+00 -8.526513e-14 1.938944e-14 1.672158e-02 1.069759e-13 8.744194e-14 1.672158e-02 129 -4.622828e-01 -8.871461e-16 -4.612568e-01 -0.000000e+00 0.000000e+00
0.000000e+00 -2.842171e-14 -3.796690e-14 -7.681302e-03 2.858333e-14 4.742657e-14 7.681302e-03 130 7.182526e-01 1.173238e-16 7.198401e-01 0.000000e+00 0.000000e+00
0.000000e+00 -7.105427e-14 1.334978e-14 -3.111577e-02 6.290262e-14 7.229749e-14 3.111577e-02 131 -9.014246e-01 -5.669524e-16 -9.015473e-01 -0.000000e+00 0.000000e+00
0.000000e+00 0.000000e+00 1.728409e-14 -2.867593e-02 6.075156e-14 1.728409e-14 2.867593e-02 132 9.931706e-01 9.229287e-16 9.924009e-01 0.000000e+00 0.000000e+00
0.000000e+00 -5.684342e-14 -4.617894e-14 -2.327211e-04 7.345367e-14 7.323708e-14 2.327211e-04 133 -9.840809e-01 -1.020302e-15 -9.854122e-01 -0.000000e+00 0.000000e+00
0.000000e+00 -9.947598e-14 -2.636574e-14 4.950055e-03 5.730955e-14 1.029108e-13 4.950055e-03 134 8.749234e-01 8.709290e-16 8.735923e-01 0.000000e+00 0.000000e+00
0.000000e+00 2.842171e-14 -3.657660e-14 4.131843e-02 4.661798e-14 4.632107e-14 4.131843e-02 135 -6.765818e-01 -5.292506e-17 -6.779077e-01 -0.000000e+00 0.000000e+00
0.000000e+00 0.000000e+00 -7.748506e-14 4.334208e-02 2.583140e-14 7.748506e-14 4.334208e-02 136 4.089771e-01 -6.788721e-16 4.123356e-01 -0.000000e+00 0.000000e+00
0.000000e+00 7.105427e-14 -2.025497e-14 1.914745e-02 5.276953e-14 7.388487e-14 1.914745e-02 137 -9.907810e-02 1.249909e-17 -9.784234e-02 0.000000e+00 0.000000e+00
0.000000e+00 0.000000e+00 -8.953155e-14 5.285642e-02 -9.088062e-15 8.953155e-14 5.285642e-02 138 -2.217996e-01 -5.001866e-16 -2.236396e-01 -0.000000e+00 0.000000e+00
0.000000e+00 2.842171e-14 -5.674742e-14 3.170022e-02 1.861791e-14 6.346702e-14 3.170022e-02 139 5.211395e-01 -5.282479e-16 5.241554e-01 -0.000000e+00 0.000000e+00
0.000000e+00 4.263256e-14 -3.848978e-16 -3.349107e-02 3.486915e-14 4.263430e-14 3.349107e-02 140 -7.684997e-01 -7.288653e-16 -7.687613e-01 -0.000000e+00 0.000000e+00
1.000000e+00 2.550000e+02 9.240704e-15 2.549827e+02 -1.318103e-14 2.550000e+02 2.549827e+02 141 9.385895e-01 -6.933233e-16 9.364910e-01 -0.000000e+00 1.000000e+00
1.000000e+00 2.550000e+02 1.657483e-15 2.549851e+02 -1.485584e-14 2.550000e+02 2.549851e+02 142 -1.013839e+00 -1.534277e-15 -1.013367e+00 -0.000000e+00 1.000000e+00
1.000000e+00 2.550000e+02 2.878402e-14 2.550174e+02 2.413142e-14 2.550000e+02 2.550174e+02 143 9.862027e-01 -1.406972e-15 9.854122e-01 -0.000000e+00 1.000000e+00
1.000000e+00 2.550000e+02 -1.631686e-14 2.550019e+02 1.379685e-14 2.550000e+02 2.550019e+02 144 -8.580107e-01 -1.106414e-15 -8.596149e-01 -0.000000e+00 1.000000e+00
1.000000e+00 2.550000e+02 2.165250e-14 2.549907e+02 -1.812085e-14 2.550000e+02 2.549907e+02 145 6.417821e-01 -8.787388e-16 6.429640e-01 -0.000000e+00 1.000000e+00
1.000000e+00 2.550000e+02 5.757275e-14 2.549818e+02 1.094685e-14 2.550000e+02 2.549818e+02 146 -3.590110e-01 -9.665952e-16 -3.564257e-01 -0.000000e+00 1.000000e+00
1.000000e+00 2.550000e+02 6.154087e-14 2.550288e+02 6.951960e-15 2.550000e+02 2.550288e+02 147 3.804409e-02 -4.234667e-16 3.494369e-02 -0.000000e+00 1.000000e+00
1.000000e+00 2.550000e+02 7.520725e-14 2.550133e+02 5.884696e-15 2.550000e+02 2.550133e+02 148 2.887427e-01 -4.108606e-16 2.865383e-01 -0.000000e+00 1.000000e+00
1.000000e+00 2.550000e+02 8.154558e-14 2.550036e+02 9.174788e-16 2.550000e+02 2.550036e+02 149 -5.881883e-01 2.800021e-16 -5.870540e-01 0.000000e+00 1.000000e+00
1.000000e+00 2.550000e+02 -7.564976e-15 2.549877e+02 8.031462e-15 2.550000e+02 2.549877e+02 150 8.296901e-01 -3.135608e-16 8.316599e-01 -0.000000e+00 1.000000e+00
1.000000e+00 2.550000e+02 -6.182770e-15 2.550352e+02 2.279570e-14 2.550000e+02 2.550352e+02 151 -9.883096e-01 8.740973e-18 -9.854122e-01 0.000000e+00 1.000000e+00
1.000000e+00 2.550000e+02 1.161380e-14 2.550489e+02 -6.436552e-16 2.550000e+02 2.550489e+02 152 1.047329e+00 3.698553e-16 1.048311e+00 0.000000e+00 1.000000e+00
1.000000e+00 2.550000e+02 1.518075e-15 2.549642e+02 -8.608222e-15 2.550000e+02 2.549642e+02 153 -1.000000e+00 -1.710739e-15 -9.993896e-01 -0.000000e+00 1.000000e+00
1.000000e+00 2.550000e+02 5.597515e-15 2.550033e+02 -8.745653e-15 2.550000e+02 2.550033e+02 154 8.502958e-01 3.553325e-16 8.526261e-01 0.000000e+00 1.000000e+00
1.000000e+00 2.550000e+02 1.312659e-15 2.549943e+02 -8.678801e-15 2.550000e+02 2.549943e+02 155 -6.125973e-01 4.589679e-17 -6.150090e-01 0.000000e+00 1.000000e+00
1.000000e+00 2.550000e+02 -7.806927e-15 2.550241e+02 -6.491723e-15 2.550000e+02 2.550241e+02 156 3.103231e-01 -2.706855e-16 3.075045e-01 -0.000000e+00 1.000000e+00
1.000000e+00 2.550000e+02 1.167504e-14 2.550182e+02 -3.370028e-15 2.550000e+02 2.550182e+02 157 2.635924e-02 -3.776177e-16 2.795495e-02 -0.000000e+00 1.000000e+00
1.000000e+00 2.550000e+02 1.181435e-14 2.549550e+02 -1.382074e-14 2.550000e+02 2.549550e+02 158 -3.635214e-01 -1.091816e-15 -3.634144e-01 -0.000000e+00 1.000000e+00
1.000000e+00 2.550000e+02 -3.251038e-14 2.549410e+02 -1.432345e-14 2.550000e+02 2.549410e+02 159 6.668681e-01 -8.175088e-16 6.639302e-01 -0.000000e+00 1.000000e+00
1.000000e+00 2.550000e+02 1.803454e-14 2.550161e+02 -1.616942e-14 2.550000e+02 2.550161e+02 160 -9.051986e-01 -1.519483e-15 -9.085360e-01 -0.000000e+00 1.000000e+00
1.000000e+00 2.550000e+02 2.932639e-14 2.550168e+02 -7.676819e-15 2.550000e+02 2.550168e+02 161 1.053590e+00 -1.226514e-15 1.055300e+00 -0.000000e+00 1.000000e+00
1.000000e+00 2.550000e+02 2.267999e-14 2.549729e+02 -1.696817e-14 2.550000e+02 2.549729e+02 162 -1.095981e+00 -1.489824e-15 -1.097232e+00 -0.000000e+00 1.000000e+00
1.000000e+00 2.550000e+02 4.633602e-14 2.549470e+02 -6.116040e-16 2.550000e+02 2.549470e+02 163 1.026887e+00 -1.541505e-15 1.027345e+00 -0.000000e+00 1.000000e+00
1.000000e+00 2.550000e+02 5.339198e-14 2.549495e+02 -6.759709e-15 2.550000e+02 2.549495e+02 164 -8.520697e-01 -9.063330e-16 -8.526261e-01 -0.000000e+00 1.000000e+00
1.000000e+00 2.550000e+02 -9.171420e-15 2.549930e+02 3.032061e-15 2.550000e+02 2.549930e+02 165 5.880851e-01 -1.510119e-15 5.870540e-01 -0.000000e+00 1.000000e+00
1.000000e+00 2.550000e+02 -1.316450e-14 2.550107e+02 -2.485629e-14 2.550000e+02 2.550107e+02 166 -2.607313e-01 1.642285e-15 -2.585833e-01 0.000000e+00 1.000000e+00
1.000000e+00 2.550000e+02 1.422145e-14 2.550008e+02 -6.201419e-15 2.550000e+02 2.550008e+02 167 -9.744540e-02 -6.155687e-15 -9.784234e-02 -0.000000e+00 1.000000e+00
1.000000e+00 2.550000e+02 -5.158489e-15 2.550060e+02 -8.345221e-15 2.550000e+02 2.550060e+02 168 4.503583e-01 1.768579e-15 4.472793e-01 0.000000e+00 1.000000e+00
1.000000e+00 2.550000e+02 1.510932e-14 2.551009e+02 -2.580381e-15 2.550000e+02 2.551009e+02 169 -7.619829e-01 -2.036926e-15 -7.617725e-01 -0.000000e+00 1.000000e+00
1.000000e+00 2.550000e+02 3.617538e-14 2.549352e+02 -6.153481e-15 2.550000e+02 2.549352e+02 170 1.000000e+00 0.000000e+00 9.993896e-01 0.000000e+00 1.000000e+00
1.000000e+00 2.550000e+02 4.380816e-15 2.550031e+02 -1.592677e-17 2.550000e+02 2.550031e+02 171 -1.139114e+00 5.551115e-17 -1.139164e+00 0.000000e+00 1.000000e+00
1.000000e+00 2.550000e+02 -1.547105e-16 2.550132e+02 2.486550e-15 2.550000e+02 2.550132e+02 172 1.163707e+00 -1.026956e-15 1.167119e+00 -0.000000e+00 1.000000e+00
1.000000e+00 2.550000e+02 1.791037e-14 2.550054e+02 -4.537282e-15 2.550000e+02 2.550054e+02 173 -1.069561e+00 -8.881784e-16 -1.069277e+00 -0.000000e+00 1.000000e+00
1.000000e+00 2.550000e+02 2.162708e-15 2.549958e+02 -1.773175e-14 2.550000e+02 2.549958e+02 174 8.644478e-01 -2.775558e-16 8.666036e-01 -0.000000e+00 1.000000e+00
1.000000e+00 2.550000e+02 1.594359e-14 2.549644e+02 -2.071160e-14 2.550000e+02 2.549644e+02 175 -5.675290e-01 -5.551115e-16 -5.660878e-01 -0.000000e+00 1.000000e+00
1.000000e+00 2.550000e+02 2.766334e-14 2.550095e+02 -4.078417e-15 2.550000e+02 2.550095e+02 176 2.075948e-01 -1.471046e-15 2.096622e-01 -0.000000e+00 1.000000e+00
1.000000e+00 2.550000e+02 8.058441e-15 2.549959e+02 -1.735516e-14 2.550000e+02 2.549959e+02 177 1.796931e-01 -1.962675e-15 1.817072e-01 -0.000000e+00 1.000000e+00
1.000000e+00 2.550000e+02 2.289562e-14 2.550233e+02 -2.136828e-14 2.550000e+02 2.550233e+02 178 -5.552937e-01 -1.825890e-15 -5.521104e-01 -0.000000e+00 1.000000e+00
1.000000e+00 2.550000e+02 4.583892e-14 2.549841e+02 4.097884e-15 2.550000e+02 2.549841e+02 179 8.806781e-01 -1.088872e-15 8.805811e-01 -0.000000e+00 1.000000e+00
1.000000e+00 2.550000e+02 3.601295e-16 2.550368e+02 -2.082022e-14 2.550000e+02 2.550368e+02 180 -1.121734e+00 -1.767389e-15 -1.125187e+00 -0.000000e+00 1.000000e+00
1.000000e+00 2.550000e+02 1.494912e-14 2.550113e+02 6.005989e-15 2.550000e+02 2.550113e+02 181 1.252296e+00 -9.079630e-16 1.250984e+00 -0.000000e+00 1.000000e+00
1.000000e+00 2.550000e+02 1.174671e-14 2.550593e+02 -5.676789e-15 2.550000e+02 2.550593e+02 182 -1.256931e+00 -1.546341e-15 -1.257973e+00 -0.000000e+00 1.000000e+00
1.000000e+00 2.550000e+02 4.428341e-15 2.549880e+02 -4.489276e-15 2.550000e+02 2.549880e+02 183 1.132710e+00 -4.361182e-16 1.132176e+00 -0.000000e+00 1.000000e+00
1.000000e+00 2.550000e+02 8.682949e-15 2.550032e+02 -1.795492e-14 2.550000e+02 2.550032e+02 184 -8.897342e-01 -1.020978e-15 -8.875698e-01 -0.000000e+00 1.000000e+00
1.000000e+00 2.550000e+02 -2.189717e-15 2.550000e+02 -1.475983e-14 2.550000e+02 2.550000e+02 185 5.503788e-01 1.050726e-15 5.521104e-01 0.000000e+00 1.000000e+00
1.000000e+00 2.550000e+02 -5.279498e-15 2.549439e+02 1.875345e-15 2.550000e+02 2.549439e+02 186 -1.472754e-01 -2.438219e-16 -1.467635e-01 -0.000000e+00 1.000000e+00
1.000000e+00 2.550000e+02 1.042592e-14 2.549898e+02 -7.726794e-15 2.550000e+02 2.549898e+02 187 -2.797728e-01 3.722165e-15 -2.795495e-01 0.000000e+00 1.000000e+00
1.000000e+00 2.550000e+02 -1.543845e-14 2.549538e+02 -2.756817e-14 2.550000e+02 2.549538e+02 188 6.876623e-01 4.487418e-16 6.848964e-01 0.000000e+00 1.000000e+00
1.000000e+00 2.550000e+02 4.472382e-15 2.550190e+02 -5.353015e-15 2.550000e+02 2.550190e+02 189 -1.034275e+00 -4.298945e-16 -1.034333e+00 -0.000000e+00 1.000000e+00
1.000000e+00 2.550000e+02 -1.582366e-14 2.550005e+02 -7.284601e-15 2.550000e+02 2.550005e+02 190 1.282756e+00 3.854845e-16 1.285928e+00 0.000000e+00 1.000000e+00
1.000000e+00 2.550000e+02 -4.394554e-14 2.549442e+02 -2.410837e-14 2.550000e+02 2.549442e+02 191 -1.405360e+00 -1.652810e-15 -1.404736e+00 -0.000000e+00 1.000000e+00
1.000000e+00 2.550000e+02 1.552508e-14 2.550057e+02 -1.475354e-14 2.550000e+02 2.550057e+02 192 1.386469e+00 9.293319e-17 1.383770e+00 0.000000e+00 1.000000e+00
1.000000e+00 2.550000e+02 -8.978533e-15 2.549434e+02 -3.482537e-15 2.550000e+02 2.549434e+02 193 -1.224462e+00 -2.841173e-15 -1.223029e+00 -0.000000e+00 1.000000e+00
1.000000e+00 2.550000e+02 -2.178466e-14 2.549537e+02 -3.260426e-16 2.550000e+02 2.549537e+02 194 9.322231e-01 -1.426743e-15 9.295022e-01 -0.000000e+00 1.000000e+00
1.000000e+00 2.550000e+02 2.944746e-14 2.550266e+02 -1.269282e-14 2.550000e+02 2.550266e+02 195 -5.362090e-01 -2.196556e-15 -5.381329e-01 -0.000000e+00 1.000000e+00
1.000000e+00 2.550000e+02 2.348333e-14 2.549804e+02 -7.419665e-15 2.550000e+02 2.549804e+02 196 7.412635e-02 -2.225593e-15 7.687613e-02 -0.000000e+00 1.000000e+00
1.000000e+00 2.550000e+02 1.568166e-14 2.550026e+02 -8.290012e-15 2.550000e+02 2.550026e+02 197 4.085756e-01 -2.402042e-15 4.053468e-01 -0.000000e+00 1.000000e+00
1.000000e+00 2.550000e+02 2.940587e-14 2.549518e+02 2.710243e-15 2.550000e+02 2.549518e+02 198 -8.630829e-01 -1.448104e-15 -8.596149e-01 -0.000000e+00 1.000000e+00
1.000000e+00 2.550000e+02 2.920786e-14 2.549930e+02 -7.220614e-15 2.550000e+02 2.549930e+02 199 1.242049e+00 -7.182469e-16 1.243995e+00 -0.000000e+00 1.000000e+00
1.000000e+00 2.550000e+02 -8.270648e-15 2.550350e+02 -8.103156e-15 2.550000e+02 2.550350e+02 200 -1.504416e+00 -1.273054e-15 -1.502579e+00 -0.000000e+00 1.000000e+00
1.000000e+00 2.550000e+02 -9.982112e-16 2.550074e+02 -2.847012e-14 2.550000e+02 2.550074e+02 201 1.619738e+00 -1.268188e-15 1.621387e+00 -0.000000e+00 1.000000e+00
1.000000e+00 2.550000e+02 3.857313e-14 2.549810e+02 -5.852633e-15 2.550000e+02 2.549810e+02 202 -1.571572e+00 -4.775130e-18 -1.572466e+00 -0.000000e+00 1.000000e+00
1.000000e+00 2.550000e+02 2.039214e-14 2.549853e+02 -3.763955e-16 2.550000e+02 2.549853e+02 203 1.359565e+00 -3.727045e-16 1.362804e+00 -0.000000e+00 1.000000e+00
1.000000e+00 2.550000e+02 2.473636e-14 2.550111e+02 5.887950e-15 2.550000e+02 2.550111e+02 204 -1.000000e+00 4.213794e-15 -9.993896e-01 0.000000e+00 1.000000e+00
1.000000e+00 2.550000e+02 1.256564e-14 2.550088e+02 2.181922e-15 2.550000e+02 2.550088e+02 205 5.246909e-01 5.930542e-16 5.241554e-01 0.000000e+00 1.000000e+00
1.000000e+00 2.550000e+02 2.962317e-14 2.550539e+02 1.162404e-14 2.550000e+02 2.550539e+02 206 2.170197e-02 -1.092538e-15 2.096622e-02 -0.000000e+00 1.000000e+00
1.000000e+00 2.550000e+02 4.015215e-14 2.549813e+02 8.031541e-15 2.550000e+02 2.549813e+02 207 -5.857308e-01 -5.081606e-16 -5.870540e-01 -0.000000e+00 1.000000e+00
1.000000e+00 2.550000e+02 2.061760e-14 2.550142e+02 -3.649352e-14 2.550000e+02 2.550142e+02 208 1.110229e+00 -8.260521e-16 1.111209e+00 -0.000000e+00 1.000000e+00
1.000000e+00 2.550000e+02 -1.676107e-14 2.549870e+02 -1.061929e-14 2.550000e+02 2.549870e+02 209 -1.539925e+00 -2.288655e-15 -1.537523e+00 -0.000000e+00 1.000000e+00
1.000000e+00 2.550000e+02 2.823758e-14 2.549636e+02 -2.740397e-14 2.550000e+02 2.549636e+02 210 1.827065e+00 -2.069992e-15 1.824061e+00 -0.000000e+00 1.000000e+00
1.000000e+00 2.550000e+02 3.025223e-14 2.550141e+02 -9.074587e-15 2.550000e+02 2.550141e+02 211 -1.936491e+00 -3.237631e-15 -1.935881e+00 -0.000000e+00 1.000000e+00
1.000000e+00 2.550000e+02 4.042271e-14 2.550257e+02 -3.738118e-14 2.550000e+02 2.550257e+02 212 1.849660e+00 -1.874369e-15 1.852016e+00 -0.000000e+00 1.000000e+00
1.000000e+00 2.550000e+02 7.742137e-15 2.549975e+02 -4.824898e-14 2.550000e+02 2.549975e+02 213 -1.567158e+00 -3.577158e-15 -1.565477e+00 -0.000000e+00 1.000000e+00
1.000000e+00 2.550000e+02 1.938944e-14 2.549696e+02 -1.609368e-14 2.550000e+02 2.549696e+02 214 1.109432e+00 -2.425516e-15 1.111209e+00 -0.000000e+00 1.000000e+00
1.000000e+00 2.550000e+02 2.356791e-14 2.550035e+02 -8.337555e-15 2.550000e+02 2.550035e+02 215 -5.155718e-01 -2.767120e-15 -5.171667e-01 -0.000000e+00 1.000000e+00
1.000000e+00 2.550000e+02 -1.126414e-14 2.550231e+02 -3.555307e-14 2.550000e+02 2.550231e+02 216 -1.597834e-01 -2.682211e-15 -1.607410e-01 -0.000000e+00 1.000000e+00
1.000000e+00 2.550000e+02 -7.329829e-15 2.549344e+02 -3.770413e-14 2.550000e+02 2.549344e+02 217 8.512151e-01 -8.798488e-16 8.526261e-01 -0.000000e+00 1.000000e+00
1.000000e+00 2.550000e+02 3.048900e-15 2.550375e+02 -2.500202e-14 2.550000e+02 2.550375e+02 218 -1.488552e+00 -2.366376e-15 -1.488601e+00 -0.000000e+00 1.000000e+00
1.000000e+00 2.550000e+02 -1.751820e-15 2.550367e+02 -1.653222e-14 2.550000e+02 2.550367e+02 219 2.003632e+00 1.736262e-15 2.005768e+00 0.000000e+00 1.000000e+00
1.000000e+00 2.550000e+02 6.187909e-14 2.550136e+02 9.697101e-15 2.550000e+02 2.550136e+02 220 -2.337179e+00 -1.591295e-15 -2.334239e+00 -0.000000e+00 1.000000e+00
1.000000e+00 2.550000e+02 -3.643294e-15 2.549855e+02 1.352444e-14 2.550000e+02 2.549855e+02 221 2.445125e+00 4.897720e-15 2.446059e+00 0.000000e+00 1.000000e+00
1.000000e+00 2.550000e+02 2.897287e-14 2.549929e+02 1.584865e-14 2.550000e+02 2.549929e+02 222 -2.303755e+00 1.166277e-15 -2.306284e+00 0.000000e+00 1.000000e+00
1.000000e+00 2.550000e+02 3.353806e-14 2.550380e+02 -9.088062e-15 2.550000e+02 2.550380e+02 223 1.913132e+00 -2.230853e-15 1.914914e+00 -0.000000e+00 1.000000e+00
1.000000e+00 2.550000e+02 4.170827e-14 2.549935e+02 -5.996017e-15 2.550000e+02 2.549935e+02 224 -1.298387e+00 -1.297433e-15 -1.299905e+00 -0.000000e+00 1.000000e+00
1.000000e+00 2.550000e+02 1.192206e-14 2.550421e+02 1.025523e-14 2.550000e+02 2.550421e+02 225 5.086609e-01 -2.171087e-15 5.101779e-01 -0.000000e+00 1.000000e+00
1.000000e+00 2.550000e+02 6.981321e-15 2.550431e+02 8.674642e-15 2.550000e+02 2.550431e+02 226 3.863169e-01 -5.010271e-16 3.843806e-01 -0.000000e+00 1.000000e+00
1.000000e+00 2.550000e+02 -2.588944e-14 2.550609e+02 -3.328623e-14 2.550000e+02 2.550609e+02 227 -1.301804e+00 -5.452314e-15 -1.299905e+00 -0.000000e+00 1.000000e+00
1.000000e+00 2.550000e+02 -1.185562e-14 2.549938e+02 -4.829829e-15 2.550000e+02 2.549938e+02 228 2.145360e+00 -3.329935e-15 2.145543e+00 -0.000000e+00 1.000000e+00
1.000000e+00 2.550000e+02 -5.352508e-15 2.550000e+02 -3.684617e-14 2.550000e+02 2.550000e+02 229 -2.825309e+00 -5.144636e-15 -2.823450e+00 -0.000000e+00 1.000000e+00
1.000000e+00 2.550000e+02 -1.616811e-14 2.549849e+02 -1.246614e-14 2.550000e+02 2.549849e+02 230 3.259630e+00 -2.224813e-15 3.256752e+00 -0.000000e+00 1.000000e+00
1.000000e+00 2.550000e+02 -4.216837e-14 2.549746e+02 5.562559e-15 2.550000e+02 2.549746e+02 231 -3.384473e+00 -5.581706e-15 -3.382550e+00 -0.000000e+00 1.000000e+00
1.000000e+00 2.550000e+02 -4.941243e-15 2.549818e+02 1.693859e-15 2.550000e+02 2.549818e+02 232 3.161533e+00 -4.461688e-15 3.158910e+00 -0.000000e+00 1.000000e+00
1.000000e+00 2.550000e+02 -2.562570e-14 2.550320e+02 -5.291023e-15 2.550000e+02 2.550320e+02 233 -2.583538e+00 -4.064490e-15 -2.585833e+00 -0.000000e+00 1.000000e+00
1.000000e+00 2.550000e+02 -3.720851e-14 2.549051e+02 -5.743033e-15 2.550000e+02 2.549051e+02 234 1.677282e+00 -2.219849e-15 1.677297e+00 -0.000000e+00 1.000000e+00
1.000000e+00 2.550000e+02 -2.373786e-14 2.549961e+02 -9.302995e-15 2.550000e+02 2.549961e+02 235 -5.038187e-01 -2.621116e-15 -5.031892e-01 -0.000000e+00 1.000000e+00
1.000000e+00 2.550000e+02 -4.465896e-14 2.550249e+02 -4.378163e-15 2.550000e+02 2.550249e+02 236 -8.443521e-01 -8.806293e-16 -8.456374e-01 -0.000000e+00 1.000000e+00
1.000000e+00 2.550000e+02 -5.220561e-14 2.549972e+02 -1.220544e-15 2.550000e+02 2.549972e+02 237 2.248984e+00 1.331337e-15 2.250374e+00 0.000000e+00 1.000000e+00
1.000000e+00 2.550000e+02 -3.485157e-14 2.549827e+02 4.751861e-15 2.550000e+02 2.549827e+02 238 -3.574329e+00 5.596519e-15 -3.571245e+00 0.000000e+00 1.000000e+00
1.000000e+00 2.550000e+02 -6.354577e-14 2.549878e+02 1.624084e-14 2.550000e+02 2.549878e+02 239 4.677329e+00 1.316814e-15 4.675466e+00 0.000000e+00 1.000000e+00
1.000000e+00 2.550000e+02 -1.833096e-14 2.550285e+02 -7.706169e-16 2.550000e+02 2.550285e+02 240 -5.418976e+00 1.584267e-15 -5.416272e+00 0.000000e+00 1.000000e+00
1.000000e+00 2.550000e+02 2.779170e-14 2.550027e+02 -4.472612e-15 2.550000e+02 2.550027e+02 241 5.675949e+00 1.652277e-15 5.674856e+00 0.000000e+00 1.000000e+00
1.000000e+00 2.550000e+02 1.193943e-14 2.550122e+02 -2.991444e-15 2.550000e+02 2.550122e+02 242 -5.351557e+00 -7.300283e-15 -5.353374e+00 -0.000000e+00 1.000000e+00
1.000000e+00 2.550000e+02 -2.165295e-15 2.550101e+02 -9.385906e-15 2.550000e+02 2.550101e+02 243 4.385069e+00 1.215739e-15 4.381939e+00 0.000000e+00 1.000000e+00
1.000000e+00 2.550000e+02 -1.672613e-14 2.549468e+02 -2.203934e-14 2.550000e+02 2.549468e+02 244 -2.758605e+00 -1.043232e-14 -2.760552e+00 -0.000000e+00 1.000000e+00
1.000000e+00 2.550000e+02 1.754737e-14 2.550267e+02 -4.487418e-15 2.550000e+02 2.550267e+02 245 5.009501e-01 -9.115186e-15 5.031892e-01 -0.000000e+00 1.000000e+00
1.000000e+00 2.550000e+02 6.582588e-15 2.550104e+02 -7.382365e-15 2.550000e+02 2.550104e+02 246 2.312125e+00 -8.918365e-15 2.313272e+00 -0.000000e+00 1.000000e+00
1.000000e+00 2.550000e+02 1.316284e-14 2.549748e+02 -2.693152e-14 2.550000e+02 2.549748e+02 247 -5.561159e+00 -1.437367e-14 -5.563036e+00 -0.000000e+00 1.000000e+00
1.000000e+00 2.550000e+02 3.060728e-14 2.550194e+02 -8.432654e-15 2.550000e+02 2.550194e+02 248 9.089758e+00 -1.000254e-14 9.092349e+00 -0.000000e+00 1.000000e+00
1.000000e+00 2.550000e+02 -3.905652e-15 2.550264e+02 -1.185706e-14 2.550000e+02 2.550264e+02 249 -1.271437e+01 -1.936677e-14 -1.271252e+01 -0.000000e+00 1.000000e+00
1.000000e+00 2.550000e+02 1.281929e-14 2.549941e+02 -4.996309e-15 2.550000e+02 2.549941e+02 250 1.623637e+01 -3.048489e-15 1.623484e+01 -0.000000e+00 1.000000e+00
1.000000e+00 2.550000e+02 9.815121e-15 2.550075e+02 1.112565e-14 2.550000e+02 2.550075e+02 251 -1.945559e+01 -2.835593e-14 -1.945665e+01 -0.000000e+00 1.000000e+00
1.000000e+00 2.550000e+02 8.633750e-17 2.549754e+02 -1.501550e-14 2.550000e+02 2.549754e+02 252 2.218423e+01 1.536164e-15 2.218226e+01 0.000000e+00 1.000000e+00
1.000000e+00 2.550000e+02 1.884079e-14 2.549726e+02 -9.989024e-16 2.550000e+02 2.549726e+02 253 -2.426012e+01 -3.053719e-14 -2.425791e+01 -0.000000e+00 1.000000e+00
1.000000e+00 2.550000e+02 2.591794e-14 2.549998e+02 -1.450640e-15 2.550000e+02 2.549998e+02 254 2.555830e+01 -6.652036e-15 2.555782e+01 -0.000000e+00 1.000000e+00
