1.000000e+00 5.110000e+02 1.020026e-13 5.110001e+02 0.000000e+00 5.110000e+02 5.110001e+02 0 4.590000e+02 0.000000e+00 4.590000e+02 0.000000e+00 1.000000e+00
1.000000e+00 5.110000e+02 4.717765e-14 5.109999e+02 -6.537675e-15 5.110000e+02 5.109999e+02 1 5.111908e+01 -6.245005e-16 5.111908e+01 -0.000000e+00 1.000000e+00
1.000000e+00 5.110000e+02 1.057583e-13 5.110000e+02 -5.953642e-15 5.110000e+02 5.110000e+02 2 -4.852990e+01 -3.072542e-14 -4.852989e+01 -0.000000e+00 1.000000e+00
1.000000e+00 5.110000e+02 1.244721e-13 5.110001e+02 4.764298e-15 5.110000e+02 5.110001e+02 3 4.438937e+01 2.886580e-15 4.438937e+01 0.000000e+00 1.000000e+00
1.000000e+00 5.110000e+02 1.791475e-13 5.110000e+02 -3.925815e-15 5.110000e+02 5.110000e+02 4 -3.894639e+01 -9.436896e-16 -3.894639e+01 -0.000000e+00 1.000000e+00
1.000000e+00 5.110000e+02 1.447289e-13 5.110000e+02 2.888152e-14 5.110000e+02 5.110000e+02 5 3.252394e+01 6.994405e-15 3.252395e+01 0.000000e+00 1.000000e+00
1.000000e+00 5.110000e+02 1.458115e-13 5.110002e+02 -2.879152e-14 5.110000e+02 5.110002e+02 6 -2.549607e+01 9.159340e-15 -2.549607e+01 0.000000e+00 1.000000e+00
1.000000e+00 5.110000e+02 -5.666737e-14 5.110000e+02 1.815145e-14 5.110000e+02 5.110000e+02 7 1.826148e+01 7.993606e-15 1.826148e+01 0.000000e+00 1.000000e+00
1.000000e+00 5.110000e+02 -1.220872e-13 5.110002e+02 -4.670222e-14 5.110000e+02 5.110002e+02 8 -1.121581e+01 9.381385e-15 -1.121581e+01 0.000000e+00 1.000000e+00
1.000000e+00 5.110000e+02 -4.552914e-14 5.110000e+02 -4.290494e-15 5.110000e+02 5.110000e+02 9 4.724732e+00 1.026262e-14 4.724737e+00 0.000000e+00 1.000000e+00
1.000000e+00 5.110000e+02 -8.612571e-14 5.110001e+02 -1.927449e-14 5.110000e+02 5.110001e+02 10 9.001078e-01 1.473821e-14 9.001094e-01 0.000000e+00 1.000000e+00
1.000000e+00 5.110000e+02 -5.329071e-14 5.110001e+02 2.842171e-14 5.110000e+02 5.110001e+02 11 -5.420508e+00 8.937295e-15 -5.420505e+00 0.000000e+00 1.000000e+00
1.000000e+00 5.110000e+02 -4.263256e-14 5.110000e+02 -2.842171e-14 5.110000e+02 5.110000e+02 12 8.685151e+00 -1.360023e-15 8.685158e+00 -0.000000e+00 1.000000e+00
1.000000e+00 5.110000e+02 2.842171e-14 5.110000e+02 -3.552714e-14 5.110000e+02 5.110000e+02 13 -1.063614e+01 3.996803e-15 -1.063614e+01 0.000000e+00 1.000000e+00
1.000000e+00 5.110000e+02 -9.947598e-14 5.110000e+02 -2.131628e-14 5.110000e+02 5.110000e+02 14 1.130833e+01 9.436896e-15 1.130833e+01 0.000000e+00 1.000000e+00
1.000000e+00 5.110000e+02 -5.329071e-14 5.110000e+02 2.131628e-14 5.110000e+02 5.110000e+02 15 -1.082176e+01 6.827872e-15 -1.082176e+01 0.000000e+00 1.000000e+00
1.000000e+00 5.110000e+02 -9.237056e-14 5.109998e+02 -7.105427e-15 5.110000e+02 5.109998e+02 16 9.367945e+00 8.604228e-15 9.367945e+00 0.000000e+00 1.000000e+00
1.000000e+00 5.110000e+02 -1.065814e-13 5.110000e+02 1.421085e-14 5.110000e+02 5.110000e+02 17 -7.191330e+00 -2.026157e-15 -7.191327e+00 -0.000000e+00 1.000000e+00
1.000000e+00 5.110000e+02 -1.065814e-13 5.110000e+02 -4.263256e-14 5.110000e+02 5.110000e+02 18 4.567583e+00 9.669349e-15 4.567589e+00 0.000000e+00 1.000000e+00
1.000000e+00 5.110000e+02 -1.421085e-14 5.109999e+02 2.842171e-14 5.110000e+02 5.109999e+02 19 -1.780517e+00 6.800116e-15 -1.780521e+00 0.000000e+00 1.000000e+00
1.000000e+00 5.110000e+02 1.776357e-14 5.110000e+02 7.105427e-15 5.110000e+02 5.110000e+02 20 -9.004314e-01 6.411538e-15 -9.004377e-01 0.000000e+00 1.000000e+00
1.000000e+00 5.110000e+02 1.421085e-14 5.110000e+02 2.486900e-14 5.110000e+02 5.110000e+02 21 3.240385e+00 6.772360e-15 3.240386e+00 0.000000e+00 1.000000e+00
1.000000e+00 5.110000e+02 -6.394885e-14 5.109999e+02 -3.197442e-14 5.110000e+02 5.109999e+02 22 -5.055333e+00 6.772360e-15 -5.055337e+00 0.000000e+00 1.000000e+00
1.000000e+00 5.110000e+02 7.105427e-15 5.110000e+02 -7.105427e-15 5.110000e+02 5.110000e+02 23 6.223411e+00 9.214851e-15 6.223410e+00 0.000000e+00 1.000000e+00
1.000000e+00 5.110000e+02 -2.131628e-14 5.109999e+02 -7.105427e-15 5.110000e+02 5.109999e+02 24 -6.690440e+00 7.605028e-15 -6.690433e+00 0.000000e+00 1.000000e+00
1.000000e+00 5.110000e+02 -2.486900e-14 5.110001e+02 1.421085e-14 5.110000e+02 5.110001e+02 25 6.469547e+00 1.049161e-14 6.469541e+00 0.000000e+00 1.000000e+00
1.000000e+00 5.110000e+02 -2.842171e-14 5.109999e+02 -6.394885e-14 5.110000e+02 5.109999e+02 26 -5.635169e+00 9.381385e-15 -5.635174e+00 0.000000e+00 1.000000e+00
1.000000e+00 5.110000e+02 -2.131628e-14 5.109999e+02 -3.197442e-14 5.110000e+02 5.109999e+02 27 4.312216e+00 5.828671e-15 4.312211e+00 0.000000e+00 1.000000e+00
1.000000e+00 5.110000e+02 -2.842171e-14 5.109999e+02 1.776357e-14 5.110000e+02 5.109999e+02 28 -2.661558e+00 8.090750e-15 -2.661561e+00 0.000000e+00 1.000000e+00
1.000000e+00 5.110000e+02 -1.101341e-13 5.110000e+02 -2.486900e-14 5.110000e+02 5.110000e+02 29 8.632450e-01 4.884981e-15 8.632438e-01 0.000000e+00 1.000000e+00
1.000000e+00 5.110000e+02 -1.278977e-13 5.109999e+02 7.105427e-15 5.110000e+02 5.109999e+02 30 9.009720e-01 1.049161e-14 9.009712e-01 0.000000e+00 1.000000e+00
1.000000e+00 5.110000e+02 -1.456613e-13 5.110002e+02 -2.842171e-14 5.110000e+02 5.110002e+02 31 -2.464263e+00 6.661338e-15 -2.464265e+00 0.000000e+00 1.000000e+00
1.000000e+00 5.110000e+02 -1.705303e-13 5.110000e+02 -1.776357e-14 5.110000e+02 5.110000e+02 32 3.689076e+00 1.071365e-14 3.689079e+00 0.000000e+00 1.000000e+00
1.000000e+00 5.110000e+02 -6.394885e-14 5.110001e+02 6.394885e-14 5.110000e+02 5.110001e+02 33 -4.478068e+00 2.053913e-15 -4.478072e+00 0.000000e+00 1.000000e+00
1.000000e+00 5.110000e+02 -2.131628e-14 5.110000e+02 -3.552714e-14 5.110000e+02 5.110000e+02 34 4.780804e+00 1.110223e-15 4.780808e+00 0.000000e+00 1.000000e+00
1.000000e+00 5.110000e+02 -9.237056e-14 5.110001e+02 5.329071e-14 5.110000e+02 5.110001e+02 35 -4.595833e+00 4.413137e-15 -4.595837e+00 0.000000e+00 1.000000e+00
1.000000e+00 5.110000e+02 -2.629008e-13 5.109998e+02 5.329071e-14 5.110000e+02 5.109998e+02 36 3.968164e+00 4.607426e-15 3.968164e+00 0.000000e+00 1.000000e+00
1.000000e+00 5.110000e+02 -8.881784e-14 5.110001e+02 1.101341e-13 5.110000e+02 5.110001e+02 37 -2.982598e+00 4.204970e-15 -2.982600e+00 0.000000e+00 1.000000e+00
1.000000e+00 5.110000e+02 -1.492140e-13 5.110002e+02 7.105427e-15 5.110000e+02 5.110002e+02 38 1.753711e+00 5.495604e-15 1.753709e+00 0.000000e+00 1.000000e+00
1.000000e+00 5.110000e+02 -5.329071e-14 5.109999e+02 -2.486900e-14 5.110000e+02 5.109999e+02 39 -4.135462e-01 -1.443290e-15 -4.135516e-01 -0.000000e+00 1.000000e+00
1.000000e+00 5.110000e+02 -1.527667e-13 5.109999e+02 2.131628e-14 5.110000e+02 5.109999e+02 40 -9.017315e-01 3.996803e-15 -9.017372e-01 0.000000e+00 1.000000e+00
1.000000e+00 5.110000e+02 -1.350031e-13 5.109999e+02 2.486900e-14 5.110000e+02 5.109999e+02 41 2.064955e+00 9.048318e-15 2.064954e+00 0.000000e+00 1.000000e+00
1.000000e+00 5.110000e+02 -1.207923e-13 5.110000e+02 -3.197442e-14 5.110000e+02 5.110000e+02 42 -2.969634e+00 4.884981e-15 -2.969632e+00 0.000000e+00 1.000000e+00
1.000000e+00 5.110000e+02 -1.492140e-13 5.110001e+02 2.131628e-14 5.110000e+02 5.110001e+02 43 3.539172e+00 8.437695e-15 3.539168e+00 0.000000e+00 1.000000e+00
1.000000e+00 5.110000e+02 -3.552714e-14 5.110000e+02 -2.842171e-14 5.110000e+02 5.110000e+02 44 -3.732859e+00 3.941292e-15 -3.732853e+00 0.000000e+00 1.000000e+00
1.000000e+00 5.110000e+02 -1.989520e-13 5.110001e+02 -1.421085e-14 5.110000e+02 5.110001e+02 45 3.548207e+00 8.104628e-15 3.548210e+00 0.000000e+00 1.000000e+00
1.000000e+00 5.110000e+02 -1.492140e-13 5.110001e+02 -3.197442e-14 5.110000e+02 5.110001e+02 46 -3.019567e+00 4.746203e-15 -3.019561e+00 0.000000e+00 1.000000e+00
1.000000e+00 5.110000e+02 -1.492140e-13 5.110002e+02 -6.039613e-14 5.110000e+02 5.110002e+02 47 2.213288e+00 4.884981e-15 2.213292e+00 0.000000e+00 1.000000e+00
1.000000e+00 5.110000e+02 -4.263256e-14 5.110001e+02 3.552714e-15 5.110000e+02 5.110001e+02 48 -1.220020e+00 3.996803e-15 -1.220026e+00 0.000000e+00 1.000000e+00
1.000000e+00 5.110000e+02 -7.105427e-15 5.109999e+02 5.684342e-14 5.110000e+02 5.109999e+02 49 1.449962e-01 5.551115e-15 1.450002e-01 0.000000e+00 1.000000e+00
1.000000e+00 5.110000e+02 -2.842171e-14 5.109999e+02 1.776357e-14 5.110000e+02 5.109999e+02 50 9.027126e-01 4.662937e-15 9.027085e-01 0.000000e+00 1.000000e+00
1.000000e+00 5.110000e+02 -2.131628e-14 5.109999e+02 1.776357e-14 5.110000e+02 5.109999e+02 51 -1.820905e+00 4.218847e-15 -1.820902e+00 0.000000e+00 1.000000e+00
1.000000e+00 5.110000e+02 -1.101341e-13 5.110001e+02 1.065814e-14 5.110000e+02 5.110001e+02 52 2.523899e+00 5.440093e-15 2.523893e+00 0.000000e+00 1.000000e+00
1.000000e+00 5.110000e+02 -1.101341e-13 5.110000e+02 3.197442e-14 5.110000e+02 5.110000e+02 53 -2.950250e+00 7.216450e-16 -2.950248e+00 0.000000e+00 1.000000e+00
1.000000e+00 5.110000e+02 -7.105427e-14 5.110000e+02 1.421085e-14 5.110000e+02 5.110000e+02 54 3.067843e+00 3.219647e-15 3.067849e+00 0.000000e+00 1.000000e+00
1.000000e+00 5.110000e+02 -2.842171e-14 5.109999e+02 -8.171241e-14 5.110000e+02 5.109999e+02 55 -2.875989e+00 1.845746e-15 -2.875984e+00 0.000000e+00 1.000000e+00
1.000000e+00 5.110000e+02 6.039613e-14 5.110001e+02 7.105427e-15 5.110000e+02 5.110001e+02 56 2.404397e+00 4.607426e-15 2.404391e+00 0.000000e+00 1.000000e+00
1.000000e+00 5.110000e+02 -2.842171e-14 5.109999e+02 -4.263256e-14 5.110000e+02 5.109999e+02 57 -1.709245e+00 1.443290e-15 -1.709252e+00 0.000000e+00 1.000000e+00
1.000000e+00 5.110000e+02 3.552714e-14 5.110000e+02 3.552714e-14 5.110000e+02 5.110000e+02 58 8.668090e-01 1.665335e-15 8.668141e-01 0.000000e+00 1.000000e+00
1.000000e+00 5.110000e+02 5.684342e-14 5.110000e+02 1.776357e-14 5.110000e+02 5.110000e+02 59 3.465234e-02 1.554312e-15 3.464958e-02 0.000000e+00 1.000000e+00
1.000000e+00 5.110000e+02 -4.263256e-14 5.110001e+02 -3.552714e-14 5.110000e+02 5.110001e+02 60 -9.039187e-01 1.998401e-15 -9.039122e-01 0.000000e+00 1.000000e+00
1.000000e+00 5.110000e+02 1.421085e-14 5.109999e+02 -1.421085e-14 5.110000e+02 5.109999e+02 61 1.655835e+00 3.330669e-15 1.655834e+00 0.000000e+00 1.000000e+00
1.000000e+00 5.110000e+02 9.947598e-14 5.109999e+02 0.000000e+00 5.110000e+02 5.109999e+02 62 -2.219469e+00 1.554312e-15 -2.219475e+00 0.000000e+00 1.000000e+00
1.000000e+00 5.110000e+02 -3.244007e-14 5.110000e+02 4.929589e-15 5.110000e+02 5.110000e+02 63 2.544637e+00 -6.661338e-16 2.544631e+00 -0.000000e+00 1.000000e+00
1.000000e+00 5.110000e+02 1.274281e-14 5.110000e+02 -1.382250e-14 5.110000e+02 5.110000e+02 64 -2.606205e+00 -2.137179e-15 -2.606201e+00 -0.000000e+00 1.000000e+00
1.000000e+00 5.110000e+02 1.503267e-15 5.110000e+02 1.205166e-14 5.110000e+02 5.110000e+02 65 2.405821e+00 -7.771561e-16 2.405827e+00 -0.000000e+00 1.000000e+00
1.000000e+00 5.110000e+02 -4.627725e-14 5.110001e+02 -6.997118e-14 5.110000e+02 5.110001e+02 66 -1.970974e+00 2.220446e-15 -1.970977e+00 0.000000e+00 1.000000e+00
1.000000e+00 5.110000e+02 5.910369e-15 5.110000e+02 -1.182115e-14 5.110000e+02 5.110000e+02 67 1.351556e+00 -3.552714e-15 1.351553e+00 -0.000000e+00 1.000000e+00
1.000000e+00 5.110000e+02 -1.937794e-14 5.109999e+02 6.756161e-15 5.110000e+02 5.109999e+02 68 -6.143152e-01 4.440892e-16 -6.143085e-01 0.000000e+00 1.000000e+00
1.000000e+00 5.110000e+02 -5.186483e-14 5.110001e+02 2.543822e-14 5.110000e+02 5.110001e+02 69 -1.641787e-01 2.664535e-15 -1.641786e-01 0.000000e+00 1.000000e+00
1.000000e+00 5.110000e+02 -3.768515e-14 5.110000e+02 -2.892110e-14 5.110000e+02 5.110000e+02 70 9.053542e-01 -3.552714e-15 9.053486e-01 -0.000000e+00 1.000000e+00
1.000000e+00 5.110000e+02 -9.070150e-15 5.110000e+02 6.498751e-14 5.110000e+02 5.110000e+02 71 -1.536439e+00 0.000000e+00 -1.536442e+00 0.000000e+00 1.000000e+00
1.000000e+00 5.110000e+02 2.842272e-14 5.109998e+02 -4.444548e-14 5.110000e+02 5.109998e+02 72 1.997490e+00 5.329071e-15 1.997488e+00 0.000000e+00 1.000000e+00
1.000000e+00 5.110000e+02 2.912421e-15 5.109999e+02 -1.385455e-14 5.110000e+02 5.109999e+02 73 -2.246980e+00 -7.105427e-15 -2.246984e+00 -0.000000e+00 1.000000e+00
1.000000e+00 5.110000e+02 3.683903e-14 5.109999e+02 -1.547598e-14 5.110000e+02 5.109999e+02 74 2.265430e+00 -2.664535e-15 2.265423e+00 -0.000000e+00 1.000000e+00
1.000000e+00 5.110000e+02 -5.656483e-15 5.110000e+02 8.380990e-14 5.110000e+02 5.110000e+02 75 -2.056783e+00 2.664535e-15 -2.056787e+00 0.000000e+00 1.000000e+00
1.000000e+00 5.110000e+02 4.480874e-15 5.110000e+02 -1.069195e-14 5.110000e+02 5.110000e+02 76 1.647432e+00 0.000000e+00 1.647435e+00 0.000000e+00 1.000000e+00
1.000000e+00 5.110000e+02 -2.250415e-14 5.109998e+02 -8.909252e-15 5.110000e+02 5.109998e+02 77 -1.083063e+00 -2.664535e-15 -1.083056e+00 -0.000000e+00 1.000000e+00
1.000000e+00 5.110000e+02 -1.979851e-14 5.110000e+02 -8.775978e-15 5.110000e+02 5.110000e+02 78 4.236670e-01 -1.776357e-15 4.236606e-01 -0.000000e+00 1.000000e+00
1.000000e+00 5.110000e+02 2.584633e-14 5.110002e+02 -4.169814e-14 5.110000e+02 5.110002e+02 79 2.627355e-01 -4.440892e-16 2.627377e-01 -0.000000e+00 1.000000e+00
1.000000e+00 5.110000e+02 6.227604e-14 5.109999e+02 1.310253e-14 5.110000e+02 5.109999e+02 80 -9.070242e-01 -8.881784e-16 -9.070174e-01 -0.000000e+00 1.000000e+00
1.000000e+00 5.110000e+02 -6.293017e-15 5.109999e+02 -1.731209e-14 5.110000e+02 5.109999e+02 81 1.445855e+00 3.552714e-15 1.445857e+00 0.000000e+00 1.000000e+00
1.000000e+00 5.110000e+02 2.704594e-14 5.110000e+02 -3.113795e-14 5.110000e+02 5.110000e+02 82 -1.827808e+00 1.249001e-16 -1.827810e+00 0.000000e+00 1.000000e+00
1.000000e+00 5.110000e+02 1.472126e-14 5.110000e+02 1.842864e-14 5.110000e+02 5.110000e+02 83 2.018226e+00 2.220446e-15 2.018225e+00 0.000000e+00 1.000000e+00
1.000000e+00 5.110000e+02 -2.842171e-14 5.110000e+02 7.105427e-14 5.110000e+02 5.110000e+02 84 -2.002281e+00 1.332268e-15 -2.002275e+00 0.000000e+00 1.000000e+00
1.000000e+00 5.110000e+02 -2.842171e-14 5.110002e+02 0.000000e+00 5.110000e+02 5.110002e+02 85 1.786020e+00 -8.881784e-16 1.786020e+00 -0.000000e+00 1.000000e+00
1.000000e+00 5.110000e+02 2.842171e-14 5.110001e+02 -7.105427e-14 5.110000e+02 5.110001e+02 86 -1.395314e+00 3.108624e-15 -1.395313e+00 0.000000e+00 1.000000e+00
1.000000e+00 5.110000e+02 7.105427e-14 5.110000e+02 5.684342e-14 5.110000e+02 5.110000e+02 87 8.728730e-01 0.000000e+00 8.728740e-01 0.000000e+00 1.000000e+00
1.000000e+00 5.110000e+02 2.842171e-14 5.110001e+02 4.263256e-14 5.110000e+02 5.110001e+02 88 -2.736490e-01 2.220446e-16 -2.736537e-01 0.000000e+00 1.000000e+00
1.000000e+00 5.110000e+02 -2.842171e-14 5.109999e+02 -8.526513e-14 5.110000e+02 5.109999e+02 89 -3.408755e-01 6.661338e-16 -3.408736e-01 0.000000e+00 1.000000e+00
1.000000e+00 5.110000e+02 -5.684342e-14 5.109999e+02 -5.684342e-14 5.110000e+02 5.109999e+02 90 9.089351e-01 -2.220446e-16 9.089325e-01 -0.000000e+00 1.000000e+00
1.000000e+00 5.110000e+02 -4.263256e-14 5.110001e+02 5.684342e-14 5.110000e+02 5.110001e+02 91 -1.374630e+00 3.608225e-16 -1.374629e+00 0.000000e+00 1.000000e+00
1.000000e+00 5.110000e+02 1.421085e-14 5.110000e+02 -1.421085e-14 5.110000e+02 5.110000e+02 92 1.693374e+00 9.992007e-16 1.693370e+00 0.000000e+00 1.000000e+00
1.000000e+00 5.110000e+02 2.842171e-14 5.109999e+02 -1.421085e-14 5.110000e+02 5.109999e+02 93 -1.836110e+00 5.551115e-16 -1.836113e+00 0.000000e+00 1.000000e+00
1.000000e+00 5.110000e+02 0.000000e+00 5.110000e+02 1.421085e-14 5.110000e+02 5.110000e+02 94 1.791906e+00 1.110223e-15 1.791902e+00 0.000000e+00 1.000000e+00
1.000000e+00 5.110000e+02 -7.105427e-14 5.110002e+02 2.842171e-14 5.110000e+02 5.110002e+02 95 -1.568704e+00 1.998401e-15 -1.568697e+00 0.000000e+00 1.000000e+00
1.000000e+00 5.110000e+02 -8.526513e-14 5.110000e+02 1.421085e-14 5.110000e+02 5.110000e+02 96 1.192170e+00 1.554312e-15 1.192175e+00 0.000000e+00 1.000000e+00
1.000000e+00 5.110000e+02 1.421085e-14 5.109999e+02 -2.842171e-14 5.110000e+02 5.109999e+02 97 -7.028175e-01 1.443290e-15 -7.028133e-01 0.000000e+00 1.000000e+00
1.000000e+00 5.110000e+02 -2.842171e-14 5.109999e+02 -1.421085e-14 5.110000e+02 5.109999e+02 98 1.516932e-01 6.661338e-16 1.516894e-01 0.000000e+00 1.000000e+00
1.000000e+00 5.110000e+02 2.842171e-14 5.109999e+02 -2.842171e-14 5.110000e+02 5.109999e+02 99 4.048962e-01 2.331468e-15 4.048926e-01 0.000000e+00 1.000000e+00
1.000000e+00 5.110000e+02 1.421085e-14 5.109999e+02 -2.842171e-14 5.110000e+02 5.109999e+02 100 -9.110939e-01 4.718448e-16 -9.110939e-01 0.000000e+00 1.000000e+00
1.000000e+00 5.110000e+02 9.947598e-14 5.110000e+02 0.000000e+00 5.110000e+02 5.110000e+02 101 1.317056e+00 2.803313e-15 1.317053e+00 0.000000e+00 1.000000e+00
1.000000e+00 5.110000e+02 5.684342e-14 5.110001e+02 2.842171e-14 5.110000e+02 5.110001e+02 102 -1.583818e+00 1.554312e-15 -1.583813e+00 0.000000e+00 1.000000e+00
1.000000e+00 5.110000e+02 1.136868e-13 5.110000e+02 4.263256e-14 5.110000e+02 5.110000e+02 103 1.687001e+00 3.108624e-15 1.686996e+00 0.000000e+00 1.000000e+00
1.000000e+00 5.110000e+02 8.526513e-14 5.110000e+02 -1.421085e-14 5.110000e+02 5.110000e+02 104 -1.618997e+00 1.221245e-15 -1.618996e+00 0.000000e+00 1.000000e+00
1.000000e+00 5.110000e+02 2.842171e-14 5.110000e+02 1.421085e-14 5.110000e+02 5.110000e+02 105 1.389448e+00 2.886580e-15 1.389444e+00 0.000000e+00 1.000000e+00
1.000000e+00 5.110000e+02 7.105427e-14 5.109999e+02 -2.842171e-14 5.110000e+02 5.109999e+02 106 -1.024006e+00 8.881784e-16 -1.024003e+00 0.000000e+00 1.000000e+00
1.000000e+00 5.110000e+02 9.947598e-14 5.110001e+02 1.421085e-14 5.110000e+02 5.110001e+02 107 5.615041e-01 7.771561e-16 5.615065e-01 0.000000e+00 1.000000e+00
1.000000e+00 5.110000e+02 1.705303e-13 5.110000e+02 0.000000e+00 5.110000e+02 5.110000e+02 108 -4.987366e-02 2.831069e-15 -4.987461e-02 0.000000e+00 1.000000e+00
1.000000e+00 5.110000e+02 8.526513e-14 5.109999e+02 -1.421085e-14 5.110000e+02 5.109999e+02 109 -4.587926e-01 1.221245e-15 -4.587889e-01 0.000000e+00 1.000000e+00
1.000000e+00 5.110000e+02 1.705303e-13 5.110000e+02 2.842171e-14 5.110000e+02 5.110000e+02 110 9.135092e-01 2.359224e-15 9.135151e-01 0.000000e+00 1.000000e+00
1.000000e+00 5.110000e+02 8.526513e-14 5.110001e+02 -2.842171e-14 5.110000e+02 5.110001e+02 111 -1.269477e+00 1.720846e-15 -1.269477e+00 0.000000e+00 1.000000e+00
1.000000e+00 5.110000e+02 2.842171e-14 5.110001e+02 0.000000e+00 5.110000e+02 5.110001e+02 112 1.492467e+00 1.110223e-15 1.492463e+00 0.000000e+00 1.000000e+00
1.000000e+00 5.110000e+02 2.842171e-14 5.110002e+02 4.263256e-14 5.110000e+02 5.110002e+02 113 -1.562084e+00 2.220446e-16 -1.562090e+00 0.000000e+00 1.000000e+00
1.000000e+00 5.110000e+02 1.278977e-13 5.110000e+02 2.842171e-14 5.110000e+02 5.110000e+02 114 1.473601e+00 3.330669e-15 1.473599e+00 0.000000e+00 1.000000e+00
1.000000e+00 5.110000e+02 5.684342e-14 5.110000e+02 -7.105427e-14 5.110000e+02 5.110000e+02 115 -1.238203e+00 2.886580e-15 -1.238206e+00 0.000000e+00 1.000000e+00
1.000000e+00 5.110000e+02 7.105427e-14 5.110000e+02 0.000000e+00 5.110000e+02 5.110000e+02 116 8.816352e-01 3.330669e-15 8.816287e-01 0.000000e+00 1.000000e+00
1.000000e+00 5.110000e+02 8.526513e-14 5.109998e+02 -2.842171e-14 5.110000e+02 5.109998e+02 117 -4.414205e-01 9.992007e-16 -4.414162e-01 0.000000e+00 1.000000e+00
1.000000e+00 5.110000e+02 5.684342e-14 5.110000e+02 0.000000e+00 5.110000e+02 5.110000e+02 118 -3.706121e-02 3.497203e-15 -3.705713e-02 0.000000e+00 1.000000e+00
1.000000e+00 5.110000e+02 1.421085e-13 5.110000e+02 9.947598e-14 5.110000e+02 5.110000e+02 119 5.052255e-01 2.248202e-15 5.052300e-01 0.000000e+00 1.000000e+00
1.000000e+00 5.110000e+02 7.105427e-14 5.110000e+02 -4.263256e-14 5.110000e+02 5.110000e+02 120 -9.161904e-01 1.998401e-15 -9.161962e-01 0.000000e+00 1.000000e+00
1.000000e+00 5.110000e+02 -1.421085e-14 5.110002e+02 -2.842171e-14 5.110000e+02 5.110002e+02 121 1.229447e+00 1.665335e-15 1.229451e+00 0.000000e+00 1.000000e+00
1.000000e+00 5.110000e+02 -1.421085e-14 5.110002e+02 5.684342e-14 5.110000e+02 5.110002e+02 122 -1.414830e+00 1.998401e-15 -1.414833e+00 0.000000e+00 1.000000e+00
1.000000e+00 5.110000e+02 5.684342e-14 5.109999e+02 4.263256e-14 5.110000e+02 5.109999e+02 123 1.455399e+00 3.108624e-15 1.455406e+00 0.000000e+00 1.000000e+00
1.000000e+00 5.110000e+02 1.421085e-14 5.109999e+02 0.000000e+00 5.110000e+02 5.109999e+02 124 -1.348966e+00 1.776357e-15 -1.348967e+00 0.000000e+00 1.000000e+00
1.000000e+00 5.110000e+02 5.684342e-14 5.110000e+02 0.000000e+00 5.110000e+02 5.110000e+02 125 1.108119e+00 2.664535e-15 1.108116e+00 0.000000e+00 1.000000e+00
1.000000e+00 5.110000e+02 -1.421085e-14 5.110001e+02 -1.421085e-14 5.110000e+02 5.110001e+02 126 -7.587729e-01 1.110223e-15 -7.587752e-01 0.000000e+00 1.000000e+00
1.000000e+00 5.110000e+02 1.421085e-14 5.110000e+02 1.421085e-14 5.110000e+02 5.110000e+02 127 3.374047e-01 1.443290e-15 3.373991e-01 0.000000e+00 1.000000e+00
1.000000e+00 5.110000e+02 1.421085e-14 5.110000e+02 2.842171e-14 5.110000e+02 5.110000e+02 128 1.127349e-01 2.123302e-15 1.127308e-01 0.000000e+00 1.000000e+00
1.000000e+00 5.110000e+02 -1.136868e-13 5.110000e+02 0.000000e+00 5.110000e+02 5.110000e+02 129 -5.460397e-01 2.331468e-15 -5.460353e-01 0.000000e+00 1.000000e+00
1.000000e+00 5.110000e+02 2.842171e-14 5.109999e+02 -5.684342e-14 5.110000e+02 5.109999e+02 130 9.191486e-01 8.881784e-16 9.191509e-01 0.000000e+00 1.000000e+00
1.000000e+00 5.110000e+02 1.421085e-14 5.109999e+02 0.000000e+00 5.110000e+02 5.109999e+02 131 -1.195265e+00 1.110223e-15 -1.195267e+00 0.000000e+00 1.000000e+00
1.000000e+00 5.110000e+02 0.000000e+00 5.109998e+02 -1.421085e-14 5.110000e+02 5.109998e+02 132 1.347770e+00 1.554312e-15 1.347763e+00 0.000000e+00 1.000000e+00
1.000000e+00 5.110000e+02 2.842171e-14 5.110000e+02 -7.105427e-14 5.110000e+02 5.110000e+02 133 -1.362768e+00 2.220446e-16 -1.362770e+00 0.000000e+00 1.000000e+00
1.000000e+00 5.110000e+02 7.105427e-14 5.110002e+02 -1.421085e-14 5.110000e+02 5.110002e+02 134 1.240338e+00 4.440892e-16 1.240340e+00 0.000000e+00 1.000000e+00
1.000000e+00 5.110000e+02 7.105427e-14 5.110000e+02 -1.421085e-14 5.110000e+02 5.110000e+02 135 -9.943582e-01 2.220446e-16 -9.943596e-01 0.000000e+00 1.000000e+00
1.000000e+00 5.110000e+02 3.945571e-14 5.109999e+02 -2.764459e-14 5.110000e+02 5.109999e+02 136 6.509645e-01 5.551115e-16 6.509689e-01 0.000000e+00 1.000000e+00
1.000000e+00 5.110000e+02 7.089413e-14 5.109999e+02 4.723409e-14 5.110000e+02 5.109999e+02 137 -2.457857e-01 5.967449e-16 -2.457891e-01 0.000000e+00 1.000000e+00
1.000000e+00 5.110000e+02 1.094725e-13 5.109998e+02 -3.896274e-14 5.110000e+02 5.109998e+02 138 -1.797341e-01 -4.440892e-16 -1.797319e-01 -0.000000e+00 1.000000e+00
1.000000e+00 5.110000e+02 1.283777e-13 5.110000e+02 -1.224768e-14 5.110000e+02 5.110000e+02 139 5.825588e-01 2.220446e-15 5.825589e-01 0.000000e+00 1.000000e+00
1.000000e+00 5.110000e+02 7.743655e-14 5.110000e+02 4.581607e-14 5.110000e+02 5.110000e+02 140 -9.223961e-01 -2.220446e-15 -9.223929e-01 -0.000000e+00 1.000000e+00
1.000000e+00 5.110000e+02 1.664065e-14 5.110000e+02 1.748075e-14 5.110000e+02 5.110000e+02 141 1.165713e+00 0.000000e+00 1.165706e+00 0.000000e+00 1.000000e+00
1.000000e+00 5.110000e+02 6.339711e-14 5.110001e+02 4.131617e-14 5.110000e+02 5.110001e+02 142 -1.289029e+00 8.881784e-16 -1.289025e+00 0.000000e+00 1.000000e+00
1.000000e+00 5.110000e+02 8.773171e-14 5.109999e+02 -4.487360e-14 5.110000e+02 5.109999e+02 143 1.281172e+00 -2.664535e-15 1.281173e+00 -0.000000e+00 1.000000e+00
1.000000e+00 5.110000e+02 1.535381e-14 5.110000e+02 9.129503e-15 5.110000e+02 5.110000e+02 144 -1.144269e+00 -5.329071e-15 -1.144271e+00 -0.000000e+00 1.000000e+00
1.000000e+00 5.110000e+02 6.613975e-14 5.109999e+02 1.185650e-14 5.110000e+02 5.109999e+02 145 8.934011e-01 -1.776357e-15 8.934066e-01 -0.000000e+00 1.000000e+00
1.000000e+00 5.110000e+02 7.406216e-14 5.109999e+02 6.165885e-15 5.110000e+02 5.109999e+02 146 -5.549581e-01 0.000000e+00 -5.549542e-01 0.000000e+00 1.000000e+00
1.000000e+00 5.110000e+02 1.413874e-13 5.110001e+02 1.644258e-14 5.110000e+02 5.110001e+02 147 1.638748e-01 0.000000e+00 1.638776e-01 0.000000e+00 1.000000e+00
1.000000e+00 5.110000e+02 3.621175e-14 5.110000e+02 -4.046774e-14 5.110000e+02 5.110000e+02 148 2.399606e-01 4.440892e-15 2.399617e-01 0.000000e+00 1.000000e+00
1.000000e+00 5.110000e+02 1.141618e-13 5.110000e+02 -5.161621e-14 5.110000e+02 5.110000e+02 149 -6.157611e-01 5.329071e-15 -6.157585e-01 0.000000e+00 1.000000e+00
1.000000e+00 5.110000e+02 5.891085e-14 5.110000e+02 5.133420e-14 5.110000e+02 5.110000e+02 150 9.259471e-01 2.664535e-15 9.259495e-01 0.000000e+00 1.000000e+00
1.000000e+00 5.110000e+02 5.872245e-14 5.110000e+02 3.004901e-15 5.110000e+02 5.110000e+02 151 -1.139892e+00 -4.440892e-15 -1.139893e+00 -0.000000e+00 1.000000e+00
1.000000e+00 5.110000e+02 5.759024e-14 5.109999e+02 4.942229e-14 5.110000e+02 5.109999e+02 152 1.236936e+00 4.440892e-16 1.236934e+00 0.000000e+00 1.000000e+00
1.000000e+00 5.110000e+02 1.409466e-14 5.110000e+02 -3.671224e-14 5.110000e+02 5.110000e+02 153 -1.208367e+00 -8.881784e-16 -1.208372e+00 -0.000000e+00 1.000000e+00
1.000000e+00 5.110000e+02 1.094110e-13 5.109999e+02 -1.401642e-14 5.110000e+02 5.109999e+02 154 1.058192e+00 1.110223e-15 1.058187e+00 0.000000e+00 1.000000e+00
1.000000e+00 5.110000e+02 8.719455e-14 5.109999e+02 8.953665e-14 5.110000e+02 5.109999e+02 155 -8.026183e-01 2.220446e-16 -8.026173e-01 0.000000e+00 1.000000e+00
1.000000e+00 5.110000e+02 1.293144e-13 5.109997e+02 -2.595236e-14 5.110000e+02 5.109997e+02 156 4.683170e-01 2.220446e-16 4.683234e-01 0.000000e+00 1.000000e+00
1.000000e+00 5.110000e+02 1.278977e-13 5.110000e+02 -1.421085e-14 5.110000e+02 5.110000e+02 157 -8.965011e-02 6.661338e-16 -8.965391e-02 0.000000e+00 1.000000e+00
1.000000e+00 5.110000e+02 7.815970e-14 5.110000e+02 2.842171e-14 5.110000e+02 5.110000e+02 158 -2.948499e-01 6.661338e-16 -2.948566e-01 0.000000e+00 1.000000e+00
1.000000e+00 5.110000e+02 7.105427e-14 5.109999e+02 -3.552714e-14 5.110000e+02 5.109999e+02 159 6.463896e-01 1.998401e-15 6.463864e-01 0.000000e+00 1.000000e+00
1.000000e+00 5.110000e+02 7.105427e-15 5.110000e+02 -9.237056e-14 5.110000e+02 5.110000e+02 160 -9.298177e-01 -2.220446e-16 -9.298208e-01 -0.000000e+00 1.000000e+00
1.000000e+00 5.110000e+02 1.278977e-13 5.110000e+02 -5.684342e-14 5.110000e+02 5.110000e+02 161 1.117130e+00 -4.440892e-16 1.117131e+00 -0.000000e+00 1.000000e+00
1.000000e+00 5.110000e+02 -2.131628e-14 5.109999e+02 -6.394885e-14 5.110000e+02 5.109999e+02 162 -1.190226e+00 -8.881784e-16 -1.190219e+00 -0.000000e+00 1.000000e+00
1.000000e+00 5.110000e+02 7.815970e-14 5.109999e+02 -2.842171e-14 5.110000e+02 5.109999e+02 163 1.142650e+00 6.661338e-16 1.142656e+00 0.000000e+00 1.000000e+00
1.000000e+00 5.110000e+02 2.131628e-14 5.109998e+02 -3.552714e-14 5.110000e+02 5.109998e+02 164 -9.801497e-01 -7.771561e-16 -9.801468e-01 -0.000000e+00 1.000000e+00
1.000000e+00 5.110000e+02 1.350031e-13 5.110001e+02 7.105427e-15 5.110000e+02 5.110001e+02 165 7.199986e-01 1.387779e-15 7.199945e-01 0.000000e+00 1.000000e+00
1.000000e+00 5.110000e+02 1.136868e-13 5.110000e+02 -3.552714e-14 5.110000e+02 5.110000e+02 166 -3.891714e-01 1.110223e-15 -3.891751e-01 0.000000e+00 1.000000e+00
1.000000e+00 5.110000e+02 4.263256e-14 5.110001e+02 -5.684342e-14 5.110000e+02 5.110001e+02 167 2.155539e-02 2.220446e-16 2.155852e-02 0.000000e+00 1.000000e+00
1.000000e+00 5.110000e+02 2.131628e-14 5.109999e+02 -6.394885e-14 5.110000e+02 5.109999e+02 168 3.455115e-01 6.661338e-16 3.455109e-01 0.000000e+00 1.000000e+00
1.000000e+00 5.110000e+02 1.421085e-14 5.110000e+02 -1.278977e-13 5.110000e+02 5.110000e+02 169 -6.750230e-01 2.220446e-16 -6.750171e-01 0.000000e+00 1.000000e+00
1.000000e+00 5.110000e+02 9.947598e-14 5.110000e+02 -4.263256e-14 5.110000e+02 5.110000e+02 170 9.340260e-01 1.443290e-15 9.340203e-01 0.000000e+00 1.000000e+00
1.000000e+00 5.110000e+02 7.105427e-15 5.110000e+02 -7.815970e-14 5.110000e+02 5.110000e+02 171 -1.096908e+00 -9.992007e-16 -1.096913e+00 -0.000000e+00 1.000000e+00
1.000000e+00 5.110000e+02 7.815970e-14 5.110001e+02 3.552714e-14 5.110000e+02 5.110001e+02 172 1.147921e+00 0.000000e+00 1.147923e+00 0.000000e+00 1.000000e+00
1.000000e+00 5.110000e+02 0.000000e+00 5.110000e+02 4.263256e-14 5.110000e+02 5.110000e+02 173 -1.082699e+00 -1.665335e-16 -1.082700e+00 -0.000000e+00 1.000000e+00
1.000000e+00 5.110000e+02 2.842171e-14 5.110001e+02 4.263256e-14 5.110000e+02 5.110001e+02 174 9.086175e-01 1.249001e-15 9.086179e-01 0.000000e+00 1.000000e+00
1.000000e+00 5.110000e+02 4.263256e-14 5.110000e+02 3.552714e-14 5.110000e+02 5.110000e+02 175 -6.439703e-01 8.326673e-16 -6.439651e-01 0.000000e+00 1.000000e+00
1.000000e+00 5.110000e+02 -4.263256e-14 5.110000e+02 -1.421085e-14 5.110000e+02 5.110000e+02 176 3.160553e-01 1.443290e-15 3.160594e-01 0.000000e+00 1.000000e+00
1.000000e+00 5.110000e+02 7.105427e-15 5.110001e+02 -2.131628e-14 5.110000e+02 5.110001e+02 177 4.163448e-02 5.551115e-16 4.163969e-02 0.000000e+00 1.000000e+00
1.000000e+00 5.110000e+02 3.552714e-14 5.110000e+02 7.105427e-14 5.110000e+02 5.110000e+02 178 -3.928233e-01 9.992007e-16 -3.928275e-01 0.000000e+00 1.000000e+00
1.000000e+00 5.110000e+02 2.842171e-14 5.110001e+02 -8.526513e-14 5.110000e+02 5.110001e+02 179 7.021234e-01 6.661338e-16 7.021294e-01 0.000000e+00 1.000000e+00
1.000000e+00 5.110000e+02 3.552714e-14 5.109999e+02 -2.842171e-14 5.110000e+02 5.109999e+02 180 -9.385926e-01 9.992007e-16 -9.385892e-01 0.000000e+00 1.000000e+00
1.000000e+00 5.110000e+02 -7.815970e-14 5.110000e+02 -1.421085e-14 5.110000e+02 5.110000e+02 181 1.078823e+00 2.553513e-15 1.078829e+00 0.000000e+00 1.000000e+00
1.000000e+00 5.110000e+02 -9.237056e-14 5.109999e+02 6.394885e-14 5.110000e+02 5.109999e+02 182 -1.109252e+00 8.049117e-16 -1.109252e+00 0.000000e+00 1.000000e+00
1.000000e+00 5.110000e+02 -1.350031e-13 5.110000e+02 0.000000e+00 5.110000e+02 5.110000e+02 183 1.027467e+00 1.582068e-15 1.027463e+00 0.000000e+00 1.000000e+00
1.000000e+00 5.110000e+02 -3.552714e-14 5.110000e+02 -7.105427e-14 5.110000e+02 5.110000e+02 184 -8.423832e-01 1.609823e-15 -8.423829e-01 0.000000e+00 1.000000e+00
1.000000e+00 5.110000e+02 -1.207923e-13 5.109999e+02 -4.973799e-14 5.110000e+02 5.109999e+02 185 5.732796e-01 1.443290e-15 5.732844e-01 0.000000e+00 1.000000e+00
1.000000e+00 5.110000e+02 -1.421085e-14 5.110001e+02 0.000000e+00 5.110000e+02 5.110001e+02 186 -2.477945e-01 2.220446e-16 -2.477999e-01 0.000000e+00 1.000000e+00
1.000000e+00 5.110000e+02 -1.136868e-13 5.110001e+02 0.000000e+00 5.110000e+02 5.110001e+02 187 -1.009047e-01 1.554312e-15 -1.008983e-01 0.000000e+00 1.000000e+00
1.000000e+00 5.110000e+02 -4.263256e-14 5.110000e+02 -7.105427e-15 5.110000e+02 5.110000e+02 188 4.374952e-01 1.665335e-15 4.374903e-01 0.000000e+00 1.000000e+00
1.000000e+00 5.110000e+02 4.973799e-14 5.109999e+02 -3.552714e-14 5.110000e+02 5.109999e+02 189 -7.280686e-01 1.665335e-15 -7.280653e-01 0.000000e+00 1.000000e+00
1.000000e+00 5.110000e+02 7.105427e-15 5.110000e+02 2.131628e-14 5.110000e+02 5.110000e+02 190 9.435410e-01 2.220446e-16 9.435411e-01 0.000000e+00 1.000000e+00
1.000000e+00 5.110000e+02 6.394885e-14 5.110001e+02 2.842171e-14 5.110000e+02 5.110001e+02 191 -1.062557e+00 2.109424e-15 -1.062551e+00 0.000000e+00 1.000000e+00
1.000000e+00 5.110000e+02 2.842171e-14 5.109999e+02 7.105427e-15 5.110000e+02 5.109999e+02 192 1.073601e+00 2.081668e-16 1.073604e+00 0.000000e+00 1.000000e+00
1.000000e+00 5.110000e+02 -4.973799e-14 5.110001e+02 -1.421085e-14 5.110000e+02 5.110001e+02 193 -9.761081e-01 2.775558e-16 -9.761114e-01 0.000000e+00 1.000000e+00
1.000000e+00 5.110000e+02 -1.421085e-14 5.110001e+02 -4.263256e-14 5.110000e+02 5.110001e+02 194 7.804644e-01 1.554312e-15 7.804705e-01 0.000000e+00 1.000000e+00
1.000000e+00 5.110000e+02 1.207923e-13 5.110001e+02 0.000000e+00 5.110000e+02 5.110001e+02 195 -5.069057e-01 1.110223e-15 -5.068989e-01 0.000000e+00 1.000000e+00
1.000000e+00 5.110000e+02 5.684342e-14 5.110000e+02 3.552714e-14 5.110000e+02 5.110000e+02 196 1.834293e-01 2.220446e-15 1.834253e-01 0.000000e+00 1.000000e+00
1.000000e+00 5.110000e+02 0.000000e+00 5.110001e+02 -4.263256e-14 5.110000e+02 5.110001e+02 197 1.570647e-01 1.332268e-15 1.570653e-01 0.000000e+00 1.000000e+00
1.000000e+00 5.110000e+02 -2.842171e-14 5.109999e+02 -4.263256e-14 5.110000e+02 5.109999e+02 198 -4.801143e-01 1.665335e-15 -4.801149e-01 0.000000e+00 1.000000e+00
1.000000e+00 5.110000e+02 -7.105427e-15 5.110000e+02 -4.263256e-14 5.110000e+02 5.110000e+02 199 7.531759e-01 4.996004e-16 7.531804e-01 0.000000e+00 1.000000e+00
1.000000e+00 5.110000e+02 -1.278977e-13 5.110001e+02 -8.526513e-14 5.110000e+02 5.110001e+02 200 -9.488976e-01 8.326673e-16 -9.489034e-01 0.000000e+00 1.000000e+00
1.000000e+00 5.110000e+02 7.105427e-15 5.109998e+02 -4.263256e-14 5.110000e+02 5.109998e+02 201 1.047853e+00 1.720846e-15 1.047859e+00 0.000000e+00 1.000000e+00
1.000000e+00 5.110000e+02 7.105427e-14 5.110000e+02 -1.421085e-14 5.110000e+02 5.110000e+02 202 -1.040464e+00 2.220446e-16 -1.040459e+00 0.000000e+00 1.000000e+00
1.000000e+00 5.110000e+02 -3.552714e-14 5.109999e+02 -2.842171e-14 5.110000e+02 5.109999e+02 203 9.279290e-01 -4.440892e-16 9.279330e-01 -0.000000e+00 1.000000e+00
1.000000e+00 5.110000e+02 -4.263256e-14 5.109998e+02 7.105427e-15 5.110000e+02 5.109998e+02 204 -7.220492e-01 3.330669e-16 -7.220464e-01 0.000000e+00 1.000000e+00
1.000000e+00 5.110000e+02 -1.421085e-13 5.110000e+02 -2.842171e-14 5.110000e+02 5.110000e+02 205 4.440007e-01 1.776357e-15 4.440016e-01 0.000000e+00 1.000000e+00
1.000000e+00 5.110000e+02 -7.815970e-14 5.110000e+02 2.842171e-14 5.110000e+02 5.110000e+02 206 -1.221584e-01 0.000000e+00 -1.221558e-01 0.000000e+00 1.000000e+00
1.000000e+00 5.110000e+02 -1.278977e-13 5.109999e+02 2.842171e-14 5.110000e+02 5.109999e+02 207 -2.107942e-01 6.661338e-16 -2.107975e-01 0.000000e+00 1.000000e+00
1.000000e+00 5.110000e+02 -7.815970e-14 5.110001e+02 -2.842171e-14 5.110000e+02 5.110001e+02 208 5.211778e-01 2.220446e-16 5.211800e-01 0.000000e+00 1.000000e+00
1.000000e+00 5.110000e+02 -9.252198e-14 5.109999e+02 2.045744e-14 5.110000e+02 5.109999e+02 209 -7.777183e-01 1.665335e-15 -7.777210e-01 0.000000e+00 1.000000e+00
1.000000e+00 5.110000e+02 -2.422344e-14 5.110001e+02 3.826591e-14 5.110000e+02 5.110001e+02 210 9.546927e-01 1.068590e-15 9.546897e-01 0.000000e+00 1.000000e+00
1.000000e+00 5.110000e+02 -3.954441e-14 5.110001e+02 -3.271392e-14 5.110000e+02 5.110001e+02 211 -1.034503e+00 1.554312e-15 -1.034508e+00 0.000000e+00 1.000000e+00
1.000000e+00 5.110000e+02 -2.562642e-14 5.110001e+02 -9.154259e-15 5.110000e+02 5.110001e+02 212 1.009425e+00 8.881784e-16 1.009420e+00 0.000000e+00 1.000000e+00
1.000000e+00 5.110000e+02 -1.173663e-13 5.109999e+02 -9.847112e-14 5.110000e+02 5.109999e+02 213 -8.823475e-01 2.220446e-15 -8.823537e-01 0.000000e+00 1.000000e+00
1.000000e+00 5.110000e+02 -1.149576e-13 5.110000e+02 1.815250e-14 5.110000e+02 5.110000e+02 214 6.664526e-01 2.220446e-15 6.664539e-01 0.000000e+00 1.000000e+00
1.000000e+00 5.110000e+02 -2.729999e-14 5.109999e+02 -7.329063e-14 5.110000e+02 5.109999e+02 215 -3.838456e-01 8.881784e-16 -3.838402e-01 0.000000e+00 1.000000e+00
1.000000e+00 5.110000e+02 -7.289424e-14 5.110000e+02 -1.954304e-14 5.110000e+02 5.110000e+02 216 6.329786e-02 -8.881784e-16 6.329397e-02 -0.000000e+00 1.000000e+00
1.000000e+00 5.110000e+02 -4.200537e-14 5.109998e+02 -2.720745e-14 5.110000e+02 5.109998e+02 217 2.626772e-01 4.440892e-16 2.626830e-01 0.000000e+00 1.000000e+00
1.000000e+00 5.110000e+02 -7.233863e-14 5.110000e+02 -5.846188e-15 5.110000e+02 5.110000e+02 218 -5.611171e-01 1.332268e-15 -5.611235e-01 0.000000e+00 1.000000e+00
1.000000e+00 5.110000e+02 2.214131e-14 5.110002e+02 1.111047e-14 5.110000e+02 5.110002e+02 219 8.019377e-01 0.000000e+00 8.019333e-01 0.000000e+00 1.000000e+00
1.000000e+00 5.110000e+02 -8.138200e-14 5.110000e+02 3.240877e-14 5.110000e+02 5.110000e+02 220 -9.609611e-01 2.220446e-15 -9.609548e-01 0.000000e+00 1.000000e+00
1.000000e+00 5.110000e+02 -7.921636e-14 5.110001e+02 -7.525986e-14 5.110000e+02 5.110001e+02 221 1.022339e+00 4.440892e-15 1.022334e+00 0.000000e+00 1.000000e+00
1.000000e+00 5.110000e+02 -1.662961e-14 5.109999e+02 -2.042840e-14 5.110000e+02 5.109999e+02 222 -9.801282e-01 -3.552714e-15 -9.801331e-01 -0.000000e+00 1.000000e+00
1.000000e+00 5.110000e+02 -1.081044e-13 5.110000e+02 -1.596100e-14 5.110000e+02 5.110000e+02 223 8.388666e-01 2.220446e-15 8.388673e-01 0.000000e+00 1.000000e+00
1.000000e+00 5.110000e+02 -3.593628e-14 5.110000e+02 2.448889e-14 5.110000e+02 5.110000e+02 224 -6.130848e-01 -1.110223e-15 -6.130910e-01 -0.000000e+00 1.000000e+00
1.000000e+00 5.110000e+02 1.058268e-13 5.109999e+02 4.481302e-14 5.110000e+02 5.109999e+02 225 3.258162e-01 0.000000e+00 3.258128e-01 0.000000e+00 1.000000e+00
1.000000e+00 5.110000e+02 -2.741438e-14 5.110001e+02 -7.646756e-15 5.110000e+02 5.110001e+02 226 -6.250408e-03 -1.110223e-15 -6.251425e-03 -0.000000e+00 1.000000e+00
1.000000e+00 5.110000e+02 8.112857e-14 5.109999e+02 -1.005101e-14 5.110000e+02 5.109999e+02 227 -3.132281e-01 -1.276756e-15 -3.132278e-01 -0.000000e+00 1.000000e+00
1.000000e+00 5.110000e+02 -4.315602e-14 5.110000e+02 -9.156063e-15 5.110000e+02 5.110000e+02 228 6.003165e-01 -2.636780e-16 6.003146e-01 -0.000000e+00 1.000000e+00
1.000000e+00 5.110000e+02 -3.764651e-15 5.110000e+02 1.477616e-14 5.110000e+02 5.110000e+02 229 -8.260547e-01 -1.609823e-15 -8.260499e-01 -0.000000e+00 1.000000e+00
0.000000e+00 -2.557954e-13 -5.900835e-14 1.019446e-04 -1.804112e-15 2.625134e-13 1.019446e-04 230 9.677423e-01 -6.661338e-16 9.677397e-01 -0.000000e+00 0.000000e+00
0.000000e+00 -2.842171e-14 -3.907985e-14 4.838776e-05 3.907985e-14 4.832213e-14 4.838776e-05 231 -1.011218e+00 3.330669e-16 -1.011212e+00 0.000000e+00 0.000000e+00
0.000000e+00 3.552714e-13 -5.151435e-14 7.239502e-05 1.598721e-13 3.589867e-13 7.239502e-05 232 9.522717e-01 1.110223e-15 9.522685e-01 0.000000e+00 0.000000e+00
0.000000e+00 5.115908e-13 -1.953993e-13 -4.946024e-05 -1.509903e-14 5.476367e-13 4.946024e-05 233 -7.970521e-01 9.436896e-16 -7.970498e-01 0.000000e+00 0.000000e+00
0.000000e+00 -1.421085e-14 -6.483702e-14 -1.344379e-04 2.176037e-14 6.637611e-14 1.344379e-04 234 5.614257e-01 -6.661338e-16 5.614245e-01 -0.000000e+00 0.000000e+00
0.000000e+00 1.563194e-13 -1.509903e-14 -1.583080e-04 9.414691e-14 1.570469e-13 1.583080e-04 235 -2.693584e-01 -1.720846e-15 -2.693584e-01 -0.000000e+00 0.000000e+00
0.000000e+00 8.526513e-14 1.545430e-13 5.860156e-05 1.776357e-13 1.765041e-13 5.860156e-05 236 -4.951905e-02 -1.082467e-15 -4.951894e-02 -0.000000e+00 0.000000e+00
0.000000e+00 -1.563194e-13 6.572520e-14 5.078046e-05 8.171241e-14 1.695746e-13 5.078046e-05 237 3.629119e-01 -3.122502e-17 3.629109e-01 -0.000000e+00 0.000000e+00
0.000000e+00 0.000000e+00 -7.283063e-14 -8.777763e-06 -3.019807e-14 7.283063e-14 8.777763e-06 238 -6.391278e-01 -2.081668e-16 -6.391227e-01 -0.000000e+00 0.000000e+00
0.000000e+00 5.684342e-14 1.243450e-13 -1.625893e-05 2.184919e-13 1.367218e-13 1.625893e-05 239 8.502765e-01 1.942890e-15 8.502758e-01 0.000000e+00 0.000000e+00
0.000000e+00 8.526513e-14 -2.593481e-13 1.235669e-04 -7.460699e-14 2.730047e-13 1.235669e-04 240 -9.750821e-01 -1.387779e-16 -9.750855e-01 -0.000000e+00 0.000000e+00
0.000000e+00 -1.989520e-13 3.730349e-14 2.418945e-04 1.580958e-13 2.024190e-13 2.418945e-04 241 1.001023e+00 2.220446e-16 1.001021e+00 0.000000e+00 0.000000e+00
0.000000e+00 9.947598e-14 -5.151435e-14 -5.201737e-05 9.237056e-14 1.120232e-13 5.201737e-05 242 -9.255884e-01 -1.665335e-16 -9.255939e-01 -0.000000e+00 0.000000e+00
0.000000e+00 -2.842171e-14 -3.375078e-14 -4.536904e-05 -8.881784e-15 4.412379e-14 4.536904e-05 243 7.565165e-01 5.551115e-16 7.565181e-01 0.000000e+00 0.000000e+00
0.000000e+00 1.421085e-13 -2.131628e-14 -7.106351e-05 6.927792e-14 1.436984e-13 7.106351e-05 244 -5.110058e-01 -6.106227e-16 -5.110027e-01 -0.000000e+00 0.000000e+00
0.000000e+00 -5.684342e-14 3.375078e-14 4.448573e-05 9.237056e-14 6.610816e-14 4.448573e-05 245 2.139666e-01 -2.775558e-16 2.139711e-01 -0.000000e+00 0.000000e+00
0.000000e+00 4.263256e-14 1.261213e-13 6.230947e-05 2.486900e-13 1.331320e-13 6.230947e-05 246 1.045028e-01 -3.191891e-16 1.045096e-01 -0.000000e+00 0.000000e+00
0.000000e+00 7.105427e-14 -1.509903e-13 -1.439890e-04 -1.776357e-15 1.668736e-13 1.439890e-04 247 -4.121610e-01 -8.465451e-16 -4.121563e-01 -0.000000e+00 0.000000e+00
0.000000e+00 0.000000e+00 8.260059e-14 6.239813e-05 2.158274e-13 8.260059e-14 6.239813e-05 248 6.778830e-01 9.159340e-16 6.778897e-01 0.000000e+00 0.000000e+00
0.000000e+00 8.526513e-14 1.953993e-14 4.442048e-05 1.669775e-13 8.747543e-14 4.442048e-05 249 -8.748043e-01 -5.551115e-17 -8.748028e-01 -0.000000e+00 0.000000e+00
0.000000e+00 1.136868e-13 1.616485e-13 -5.130956e-05 2.007283e-13 1.976232e-13 5.130956e-05 250 9.830330e-01 1.221245e-15 9.830331e-01 0.000000e+00 0.000000e+00
0.000000e+00 -9.947598e-14 -1.421085e-13 3.343311e-05 -3.108624e-14 1.734656e-13 3.343311e-05 251 -9.916563e-01 6.661338e-16 -9.916511e-01 0.000000e+00 0.000000e+00
0.000000e+00 9.947598e-14 5.195844e-14 1.464127e-04 1.323386e-13 1.122281e-13 1.464127e-04 252 8.998392e-01 -3.053113e-16 8.998358e-01 -0.000000e+00 0.000000e+00
0.000000e+00 4.973799e-13 7.105427e-15 -2.052463e-05 1.318945e-13 4.974307e-13 2.052463e-05 253 -7.169048e-01 -2.775558e-16 -7.169030e-01 -0.000000e+00 0.000000e+00
0.000000e+00 4.263256e-14 -1.421085e-14 2.209606e-04 7.704948e-14 4.493867e-14 2.209606e-04 254 4.613895e-01 5.551115e-16 4.613880e-01 0.000000e+00 0.000000e+00
0.000000e+00 -5.684342e-14 4.252154e-14 2.204257e-05 1.171285e-13 7.098772e-14 2.204257e-05 255 -1.591671e-01 1.960238e-16 -1.591719e-01 0.000000e+00 0.000000e+00
0.000000e+00 2.842171e-14 -4.202194e-14 2.204257e-05 7.766010e-14 5.073103e-14 2.204257e-05 256 -1.591671e-01 6.852158e-17 -1.591719e-01 0.000000e+00 0.000000e+00
0.000000e+00 -1.421085e-13 5.018208e-14 2.209606e-04 8.260059e-14 1.507086e-13 2.209606e-04 257 4.613895e-01 8.812395e-16 4.613880e-01 0.000000e+00 0.000000e+00
0.000000e+00 1.563194e-13 -1.687539e-14 -2.052463e-05 5.906386e-14 1.572277e-13 2.052463e-05 258 -7.169048e-01 1.665335e-16 -7.169030e-01 0.000000e+00 0.000000e+00
0.000000e+00 4.263256e-14 -2.930989e-14 1.464127e-04 2.442491e-14 5.173592e-14 1.464127e-04 259 8.998392e-01 1.082467e-15 8.998358e-01 0.000000e+00 0.000000e+00
0.000000e+00 1.421085e-14 -1.083578e-13 3.343311e-05 3.019807e-14 1.092857e-13 3.343311e-05 260 -9.916563e-01 2.775558e-17 -9.916511e-01 0.000000e+00 0.000000e+00
0.000000e+00 3.410605e-13 -1.474376e-13 -5.130956e-05 1.776357e-15 3.715644e-13 5.130956e-05 261 9.830330e-01 7.494005e-16 9.830331e-01 0.000000e+00 0.000000e+00
0.000000e+00 -8.526513e-14 -1.172396e-13 4.442048e-05 1.776357e-14 1.449664e-13 4.442048e-05 262 -8.748043e-01 4.996004e-16 -8.748028e-01 0.000000e+00 0.000000e+00
0.000000e+00 -1.421085e-14 -1.287859e-13 6.239813e-05 3.996803e-14 1.295675e-13 6.239813e-05 263 6.778830e-01 3.885781e-16 6.778897e-01 0.000000e+00 0.000000e+00
0.000000e+00 1.136868e-13 3.108624e-14 -1.439890e-04 1.465494e-13 1.178603e-13 1.439890e-04 264 -4.121610e-01 8.465451e-16 -4.121563e-01 0.000000e+00 0.000000e+00
0.000000e+00 0.000000e+00 -9.592327e-14 6.230947e-05 3.375078e-14 9.592327e-14 6.230947e-05 265 1.045028e-01 3.330669e-16 1.045096e-01 0.000000e+00 0.000000e+00
0.000000e+00 0.000000e+00 -5.861978e-14 4.448573e-05 5.151435e-14 5.861978e-14 4.448573e-05 266 2.139666e-01 1.249001e-15 2.139711e-01 0.000000e+00 0.000000e+00
0.000000e+00 3.126388e-13 -8.881784e-14 -7.106351e-05 1.563194e-13 3.250102e-13 7.106351e-05 267 -5.110058e-01 4.440892e-16 -5.110027e-01 0.000000e+00 0.000000e+00
0.000000e+00 2.557954e-13 -1.403322e-13 -4.536904e-05 7.993606e-14 2.917609e-13 4.536904e-05 268 7.565165e-01 7.771561e-16 7.565181e-01 0.000000e+00 0.000000e+00
0.000000e+00 3.268497e-13 -9.414691e-14 -5.201737e-05 5.506706e-14 3.401387e-13 5.201737e-05 269 -9.255884e-01 2.775558e-16 -9.255939e-01 0.000000e+00 0.000000e+00
0.000000e+00 -2.842171e-14 -5.151435e-14 2.418945e-04 1.119105e-13 5.883470e-14 2.418945e-04 270 1.001023e+00 9.992007e-16 1.001021e+00 0.000000e+00 0.000000e+00
0.000000e+00 -1.136868e-13 -1.136868e-13 1.235669e-04 4.263256e-14 1.607775e-13 1.235669e-04 271 -9.750821e-01 5.828671e-16 -9.750855e-01 0.000000e+00 0.000000e+00
0.000000e+00 2.842171e-14 -1.296740e-13 -1.625893e-05 2.309264e-14 1.327522e-13 1.625893e-05 272 8.502765e-01 3.885781e-16 8.502758e-01 0.000000e+00 0.000000e+00
0.000000e+00 1.705303e-13 -1.065814e-14 -8.777763e-06 7.105427e-14 1.708630e-13 8.777763e-06 273 -6.391278e-01 1.471046e-15 -6.391227e-01 0.000000e+00 0.000000e+00
0.000000e+00 -8.526513e-14 -1.758593e-13 5.078046e-05 7.105427e-14 1.954396e-13 5.078046e-05 274 3.629119e-01 8.777701e-16 3.629109e-01 0.000000e+00 0.000000e+00
0.000000e+00 3.694822e-13 -1.048051e-13 5.860156e-05 1.136868e-13 3.840589e-13 5.860156e-05 275 -4.951905e-02 6.106227e-16 -4.951894e-02 0.000000e+00 0.000000e+00
0.000000e+00 2.557954e-13 -7.460699e-14 -1.583080e-04 7.815970e-14 2.664535e-13 1.583080e-04 276 -2.693584e-01 1.110223e-16 -2.693584e-01 0.000000e+00 0.000000e+00
0.000000e+00 -1.563194e-13 -8.171241e-14 -1.344379e-04 6.705747e-14 1.763879e-13 1.344379e-04 277 5.614257e-01 1.942890e-15 5.614245e-01 0.000000e+00 0.000000e+00
0.000000e+00 4.689582e-13 -6.572520e-14 -4.946024e-05 1.127987e-13 4.735416e-13 4.946024e-05 278 -7.970521e-01 5.551115e-16 -7.970498e-01 0.000000e+00 0.000000e+00
0.000000e+00 -1.136868e-13 -5.684342e-14 7.239502e-05 5.329071e-14 1.271057e-13 7.239502e-05 279 9.522717e-01 1.221245e-15 9.522685e-01 0.000000e+00 0.000000e+00
0.000000e+00 5.684342e-14 4.440892e-15 4.838776e-05 4.085621e-14 5.701663e-14 4.838776e-05 280 -1.011218e+00 1.110223e-16 -1.011212e+00 0.000000e+00 0.000000e+00
0.000000e+00 -1.421085e-13 -2.928213e-14 1.019446e-04 1.797174e-13 1.450940e-13 1.019446e-04 281 9.677423e-01 1.110223e-15 9.677397e-01 0.000000e+00 0.000000e+00
1.000000e+00 5.110000e+02 -4.303134e-14 5.110000e+02 -3.556971e-14 5.110000e+02 5.110000e+02 282 -8.260547e-01 1.054712e-15 -8.260499e-01 0.000000e+00 1.000000e+00
1.000000e+00 5.110000e+02 -7.186697e-14 5.110000e+02 -2.572037e-14 5.110000e+02 5.110000e+02 283 6.003165e-01 1.124101e-15 6.003146e-01 0.000000e+00 1.000000e+00
1.000000e+00 5.110000e+02 -8.813293e-14 5.109999e+02 -7.265962e-14 5.110000e+02 5.109999e+02 284 -3.132281e-01 2.164935e-15 -3.132278e-01 0.000000e+00 1.000000e+00
1.000000e+00 5.110000e+02 -1.332019e-13 5.110001e+02 3.362344e-14 5.110000e+02 5.110001e+02 285 -6.250408e-03 3.330669e-16 -6.251425e-03 0.000000e+00 1.000000e+00
1.000000e+00 5.110000e+02 -1.258627e-15 5.109999e+02 -5.479029e-15 5.110000e+02 5.109999e+02 286 3.258162e-01 1.554312e-15 3.258128e-01 0.000000e+00 1.000000e+00
1.000000e+00 5.110000e+02 -9.634727e-14 5.110000e+02 -4.947861e-14 5.110000e+02 5.110000e+02 287 -6.130848e-01 -1.110223e-15 -6.130910e-01 -0.000000e+00 1.000000e+00
1.000000e+00 5.110000e+02 -5.500456e-14 5.110000e+02 3.271666e-14 5.110000e+02 5.110000e+02 288 8.388666e-01 1.776357e-15 8.388673e-01 0.000000e+00 1.000000e+00
1.000000e+00 5.110000e+02 -1.486595e-13 5.109999e+02 -5.456764e-14 5.110000e+02 5.109999e+02 289 -9.801282e-01 -8.881784e-16 -9.801331e-01 -0.000000e+00 1.000000e+00
1.000000e+00 5.110000e+02 -1.079974e-13 5.110001e+02 7.057733e-15 5.110000e+02 5.110001e+02 290 1.022339e+00 1.776357e-15 1.022334e+00 0.000000e+00 1.000000e+00
1.000000e+00 5.110000e+02 -2.438298e-14 5.110000e+02 -1.121853e-14 5.110000e+02 5.110000e+02 291 -9.609611e-01 -2.664535e-15 -9.609548e-01 -0.000000e+00 1.000000e+00
1.000000e+00 5.110000e+02 -1.131540e-13 5.110002e+02 -1.111052e-14 5.110000e+02 5.110002e+02 292 8.019377e-01 0.000000e+00 8.019333e-01 0.000000e+00 1.000000e+00
1.000000e+00 5.110000e+02 -4.207345e-14 5.110000e+02 -2.486778e-14 5.110000e+02 5.110000e+02 293 -5.611171e-01 -2.664535e-15 -5.611235e-01 -0.000000e+00 1.000000e+00
1.000000e+00 5.110000e+02 -1.390794e-13 5.109998e+02 3.640431e-14 5.110000e+02 5.109998e+02 294 2.626772e-01 -3.552714e-15 2.626830e-01 -0.000000e+00 1.000000e+00
1.000000e+00 5.110000e+02 -1.356597e-13 5.110000e+02 -7.029855e-14 5.110000e+02 5.110000e+02 295 6.329786e-02 -4.884981e-15 6.329397e-02 -0.000000e+00 1.000000e+00
1.000000e+00 5.110000e+02 -5.245591e-14 5.109999e+02 5.107829e-14 5.110000e+02 5.109999e+02 296 -3.838456e-01 -2.664535e-15 -3.838402e-01 -0.000000e+00 1.000000e+00
1.000000e+00 5.110000e+02 -9.168285e-14 5.110000e+02 -4.947871e-14 5.110000e+02 5.110000e+02 297 6.664526e-01 0.000000e+00 6.664539e-01 0.000000e+00 1.000000e+00
1.000000e+00 5.110000e+02 -8.438586e-14 5.109999e+02 1.650312e-14 5.110000e+02 5.109999e+02 298 -8.823475e-01 4.440892e-16 -8.823537e-01 0.000000e+00 1.000000e+00
1.000000e+00 5.110000e+02 -4.864169e-14 5.110001e+02 -2.042490e-14 5.110000e+02 5.110001e+02 299 1.009425e+00 -1.554312e-15 1.009420e+00 -0.000000e+00 1.000000e+00
1.000000e+00 5.110000e+02 -1.146892e-13 5.110001e+02 8.212091e-15 5.110000e+02 5.110001e+02 300 -1.034503e+00 -1.554312e-15 -1.034508e+00 -0.000000e+00 1.000000e+00
1.000000e+00 5.110000e+02 -7.005863e-14 5.110001e+02 -3.853175e-14 5.110000e+02 5.110001e+02 301 9.546927e-01 -5.342948e-16 9.546897e-01 -0.000000e+00 1.000000e+00
1.000000e+00 5.110000e+02 -1.361347e-14 5.109999e+02 -7.308025e-14 5.110000e+02 5.109999e+02 302 -7.777183e-01 -1.387779e-15 -7.777210e-01 -0.000000e+00 1.000000e+00
1.000000e+00 5.110000e+02 5.684342e-14 5.110001e+02 8.526513e-14 5.110000e+02 5.110001e+02 303 5.211778e-01 -8.881784e-16 5.211800e-01 -0.000000e+00 1.000000e+00
1.000000e+00 5.110000e+02 -6.394885e-14 5.109999e+02 -6.394885e-14 5.110000e+02 5.109999e+02 304 -2.107942e-01 -2.220446e-15 -2.107975e-01 -0.000000e+00 1.000000e+00
1.000000e+00 5.110000e+02 2.131628e-14 5.110000e+02 -8.526513e-14 5.110000e+02 5.110000e+02 305 -1.221584e-01 -1.332268e-15 -1.221558e-01 -0.000000e+00 1.000000e+00
1.000000e+00 5.110000e+02 4.973799e-14 5.110000e+02 6.394885e-14 5.110000e+02 5.110000e+02 306 4.440007e-01 -6.661338e-16 4.440016e-01 -0.000000e+00 1.000000e+00
1.000000e+00 5.110000e+02 -1.207923e-13 5.109998e+02 -5.684342e-14 5.110000e+02 5.109998e+02 307 -7.220492e-01 -1.776357e-15 -7.220464e-01 -0.000000e+00 1.000000e+00
1.000000e+00 5.110000e+02 -9.237056e-14 5.109999e+02 3.552714e-14 5.110000e+02 5.109999e+02 308 9.279290e-01 -6.661338e-16 9.279330e-01 -0.000000e+00 1.000000e+00
1.000000e+00 5.110000e+02 -4.973799e-14 5.110000e+02 -1.421085e-14 5.110000e+02 5.110000e+02 309 -1.040464e+00 -1.110223e-15 -1.040459e+00 -0.000000e+00 1.000000e+00
1.000000e+00 5.110000e+02 0.000000e+00 5.109998e+02 2.842171e-14 5.110000e+02 5.109998e+02 310 1.047853e+00 -1.026956e-15 1.047859e+00 -0.000000e+00 1.000000e+00
1.000000e+00 5.110000e+02 1.705303e-13 5.110001e+02 4.263256e-14 5.110000e+02 5.110001e+02 311 -9.488976e-01 -8.881784e-16 -9.489034e-01 -0.000000e+00 1.000000e+00
1.000000e+00 5.110000e+02 7.815970e-14 5.110000e+02 2.842171e-14 5.110000e+02 5.110000e+02 312 7.531759e-01 8.881784e-16 7.531804e-01 0.000000e+00 1.000000e+00
1.000000e+00 5.110000e+02 -2.842171e-14 5.109999e+02 -9.237056e-14 5.110000e+02 5.109999e+02 313 -4.801143e-01 -8.881784e-16 -4.801149e-01 -0.000000e+00 1.000000e+00
1.000000e+00 5.110000e+02 -9.947598e-14 5.110001e+02 -2.842171e-14 5.110000e+02 5.110001e+02 314 1.570647e-01 -4.440892e-16 1.570653e-01 -0.000000e+00 1.000000e+00
1.000000e+00 5.110000e+02 -7.105427e-15 5.110000e+02 -1.421085e-14 5.110000e+02 5.110000e+02 315 1.834293e-01 -1.554312e-15 1.834253e-01 -0.000000e+00 1.000000e+00
1.000000e+00 5.110000e+02 2.842171e-14 5.110001e+02 9.947598e-14 5.110000e+02 5.110001e+02 316 -5.069057e-01 -7.771561e-16 -5.068989e-01 -0.000000e+00 1.000000e+00
1.000000e+00 5.110000e+02 9.237056e-14 5.110001e+02 7.105427e-15 5.110000e+02 5.110001e+02 317 7.804644e-01 -2.220446e-16 7.804705e-01 -0.000000e+00 1.000000e+00
1.000000e+00 5.110000e+02 -4.263256e-14 5.110001e+02 -9.237056e-14 5.110000e+02 5.110001e+02 318 -9.761081e-01 -7.771561e-16 -9.761114e-01 -0.000000e+00 1.000000e+00
1.000000e+00 5.110000e+02 9.237056e-14 5.109999e+02 -5.684342e-14 5.110000e+02 5.109999e+02 319 1.073601e+00 -5.967449e-16 1.073604e+00 -0.000000e+00 1.000000e+00
1.000000e+00 5.110000e+02 3.552714e-14 5.110001e+02 1.421085e-14 5.110000e+02 5.110001e+02 320 -1.062557e+00 -2.442491e-15 -1.062551e+00 -0.000000e+00 1.000000e+00
1.000000e+00 5.110000e+02 8.526513e-14 5.110000e+02 -4.263256e-14 5.110000e+02 5.110000e+02 321 9.435410e-01 -3.885781e-16 9.435411e-01 -0.000000e+00 1.000000e+00
1.000000e+00 5.110000e+02 -2.131628e-14 5.109999e+02 -4.973799e-14 5.110000e+02 5.109999e+02 322 -7.280686e-01 -1.332268e-15 -7.280653e-01 -0.000000e+00 1.000000e+00
1.000000e+00 5.110000e+02 1.421085e-14 5.110000e+02 -4.263256e-14 5.110000e+02 5.110000e+02 323 4.374952e-01 0.000000e+00 4.374903e-01 0.000000e+00 1.000000e+00
1.000000e+00 5.110000e+02 1.776357e-13 5.110001e+02 2.842171e-14 5.110000e+02 5.110001e+02 324 -1.009047e-01 -1.110223e-15 -1.008983e-01 -0.000000e+00 1.000000e+00
1.000000e+00 5.110000e+02 4.263256e-14 5.110001e+02 2.131628e-14 5.110000e+02 5.110001e+02 325 -2.477945e-01 -1.221245e-15 -2.477999e-01 -0.000000e+00 1.000000e+00
1.000000e+00 5.110000e+02 1.278977e-13 5.109999e+02 6.394885e-14 5.110000e+02 5.109999e+02 326 5.732796e-01 -1.110223e-15 5.732844e-01 -0.000000e+00 1.000000e+00
1.000000e+00 5.110000e+02 6.394885e-14 5.110000e+02 -1.421085e-14 5.110000e+02 5.110000e+02 327 -8.423832e-01 -3.330669e-16 -8.423829e-01 -0.000000e+00 1.000000e+00
1.000000e+00 5.110000e+02 1.421085e-13 5.110000e+02 -4.263256e-14 5.110000e+02 5.110000e+02 328 1.027467e+00 -5.551115e-16 1.027463e+00 -0.000000e+00 1.000000e+00
1.000000e+00 5.110000e+02 5.684342e-14 5.109999e+02 2.131628e-14 5.110000e+02 5.109999e+02 329 -1.109252e+00 -4.163336e-16 -1.109252e+00 -0.000000e+00 1.000000e+00
1.000000e+00 5.110000e+02 1.350031e-13 5.110000e+02 1.207923e-13 5.110000e+02 5.110000e+02 330 1.078823e+00 6.661338e-16 1.078829e+00 0.000000e+00 1.000000e+00
1.000000e+00 5.110000e+02 7.105427e-14 5.109999e+02 7.105427e-15 5.110000e+02 5.109999e+02 331 -9.385926e-01 0.000000e+00 -9.385892e-01 0.000000e+00 1.000000e+00
1.000000e+00 5.110000e+02 1.421085e-14 5.110001e+02 -4.973799e-14 5.110000e+02 5.110001e+02 332 7.021234e-01 2.220446e-16 7.021294e-01 0.000000e+00 1.000000e+00
1.000000e+00 5.110000e+02 1.136868e-13 5.110000e+02 2.842171e-14 5.110000e+02 5.110000e+02 333 -3.928233e-01 -1.110223e-15 -3.928275e-01 -0.000000e+00 1.000000e+00
1.000000e+00 5.110000e+02 6.394885e-14 5.110001e+02 7.105427e-15 5.110000e+02 5.110001e+02 334 4.163448e-02 -8.881784e-16 4.163969e-02 -0.000000e+00 1.000000e+00
1.000000e+00 5.110000e+02 8.526513e-14 5.110000e+02 0.000000e+00 5.110000e+02 5.110000e+02 335 3.160553e-01 -8.881784e-16 3.160594e-01 -0.000000e+00 1.000000e+00
1.000000e+00 5.110000e+02 -6.394885e-14 5.110000e+02 -2.842171e-14 5.110000e+02 5.110000e+02 336 -6.439703e-01 1.332268e-15 -6.439651e-01 0.000000e+00 1.000000e+00
1.000000e+00 5.110000e+02 -1.278977e-13 5.110001e+02 -1.705303e-13 5.110000e+02 5.110001e+02 337 9.086175e-01 -9.436896e-16 9.086179e-01 -0.000000e+00 1.000000e+00
1.000000e+00 5.110000e+02 -6.394885e-14 5.110000e+02 -1.136868e-13 5.110000e+02 5.110000e+02 338 -1.082699e+00 3.885781e-16 -1.082700e+00 0.000000e+00 1.000000e+00
1.000000e+00 5.110000e+02 1.065814e-13 5.110001e+02 2.842171e-14 5.110000e+02 5.110001e+02 339 1.147921e+00 9.992007e-16 1.147923e+00 0.000000e+00 1.000000e+00
1.000000e+00 5.110000e+02 -2.842171e-14 5.110000e+02 -7.815970e-14 5.110000e+02 5.110000e+02 340 -1.096908e+00 -1.110223e-16 -1.096913e+00 -0.000000e+00 1.000000e+00
1.000000e+00 5.110000e+02 -7.105427e-15 5.110000e+02 -1.421085e-14 5.110000e+02 5.110000e+02 341 9.340260e-01 5.551115e-16 9.340203e-01 0.000000e+00 1.000000e+00
1.000000e+00 5.110000e+02 2.131628e-14 5.110000e+02 -4.263256e-14 5.110000e+02 5.110000e+02 342 -6.750230e-01 -1.110223e-15 -6.750171e-01 -0.000000e+00 1.000000e+00
1.000000e+00 5.110000e+02 -1.278977e-13 5.109999e+02 -7.105427e-14 5.110000e+02 5.109999e+02 343 3.455115e-01 2.220446e-16 3.455109e-01 0.000000e+00 1.000000e+00
1.000000e+00 5.110000e+02 -4.973799e-14 5.110001e+02 -1.421085e-14 5.110000e+02 5.110001e+02 344 2.155539e-02 2.220446e-16 2.155852e-02 0.000000e+00 1.000000e+00
1.000000e+00 5.110000e+02 -1.421085e-14 5.110000e+02 7.105427e-15 5.110000e+02 5.110000e+02 345 -3.891714e-01 -2.220446e-16 -3.891751e-01 -0.000000e+00 1.000000e+00
1.000000e+00 5.110000e+02 9.947598e-14 5.110001e+02 -3.552714e-14 5.110000e+02 5.110001e+02 346 7.199986e-01 1.165734e-15 7.199945e-01 0.000000e+00 1.000000e+00
1.000000e+00 5.110000e+02 7.105427e-15 5.109998e+02 -4.263256e-14 5.110000e+02 5.109998e+02 347 -9.801497e-01 1.526557e-16 -9.801468e-01 0.000000e+00 1.000000e+00
1.000000e+00 5.110000e+02 -2.131628e-14 5.109999e+02 -7.815970e-14 5.110000e+02 5.109999e+02 348 1.142650e+00 7.771561e-16 1.142656e+00 0.000000e+00 1.000000e+00
1.000000e+00 5.110000e+02 7.105427e-14 5.109999e+02 -2.842171e-14 5.110000e+02 5.109999e+02 349 -1.190226e+00 0.000000e+00 -1.190219e+00 0.000000e+00 1.000000e+00
1.000000e+00 5.110000e+02 7.105427e-14 5.110000e+02 4.973799e-14 5.110000e+02 5.110000e+02 350 1.117130e+00 8.881784e-16 1.117131e+00 0.000000e+00 1.000000e+00
1.000000e+00 5.110000e+02 1.492140e-13 5.110000e+02 4.973799e-14 5.110000e+02 5.110000e+02 351 -9.298177e-01 2.220446e-16 -9.298208e-01 0.000000e+00 1.000000e+00
1.000000e+00 5.110000e+02 1.065814e-13 5.109999e+02 1.421085e-14 5.110000e+02 5.109999e+02 352 6.463896e-01 1.776357e-15 6.463864e-01 0.000000e+00 1.000000e+00
1.000000e+00 5.110000e+02 0.000000e+00 5.110000e+02 -5.684342e-14 5.110000e+02 5.110000e+02 353 -2.948499e-01 -6.661338e-16 -2.948566e-01 -0.000000e+00 1.000000e+00
1.000000e+00 5.110000e+02 4.263256e-14 5.110000e+02 2.842171e-14 5.110000e+02 5.110000e+02 354 -8.965011e-02 1.110223e-15 -8.965391e-02 0.000000e+00 1.000000e+00
1.000000e+00 5.110000e+02 6.703497e-14 5.109997e+02 9.432918e-15 5.110000e+02 5.109997e+02 355 4.683170e-01 2.220446e-16 4.683234e-01 0.000000e+00 1.000000e+00
1.000000e+00 5.110000e+02 1.528321e-13 5.109999e+02 -8.785717e-14 5.110000e+02 5.109999e+02 356 -8.026183e-01 -1.665335e-16 -8.026173e-01 -0.000000e+00 1.000000e+00
1.000000e+00 5.110000e+02 -2.263049e-14 5.109999e+02 -4.628466e-15 5.110000e+02 5.109999e+02 357 1.058192e+00 8.881784e-16 1.058187e+00 0.000000e+00 1.000000e+00
1.000000e+00 5.110000e+02 2.731788e-14 5.110000e+02 3.556103e-14 5.110000e+02 5.110000e+02 358 -1.208367e+00 -8.881784e-16 -1.208372e+00 -0.000000e+00 1.000000e+00
1.000000e+00 5.110000e+02 4.626896e-15 5.109999e+02 -8.566227e-14 5.110000e+02 5.109999e+02 359 1.236936e+00 4.440892e-16 1.236934e+00 0.000000e+00 1.000000e+00
1.000000e+00 5.110000e+02 3.499298e-14 5.110000e+02 -9.275423e-15 5.110000e+02 5.110000e+02 360 -1.139892e+00 8.881784e-16 -1.139893e+00 0.000000e+00 1.000000e+00
1.000000e+00 5.110000e+02 1.049631e-13 5.110000e+02 -4.322019e-14 5.110000e+02 5.110000e+02 361 9.259471e-01 0.000000e+00 9.259495e-01 0.000000e+00 1.000000e+00
1.000000e+00 5.110000e+02 -4.668744e-15 5.110000e+02 3.271474e-14 5.110000e+02 5.110000e+02 362 -6.157611e-01 -1.776357e-15 -6.157585e-01 -0.000000e+00 1.000000e+00
1.000000e+00 5.110000e+02 1.930243e-13 5.110000e+02 1.985577e-15 5.110000e+02 5.110000e+02 363 2.399606e-01 8.881784e-16 2.399617e-01 0.000000e+00 1.000000e+00
1.000000e+00 5.110000e+02 3.345095e-14 5.110001e+02 -1.897668e-14 5.110000e+02 5.110001e+02 364 1.638748e-01 1.776357e-15 1.638776e-01 0.000000e+00 1.000000e+00
1.000000e+00 5.110000e+02 5.646024e-14 5.109999e+02 -6.165831e-15 5.110000e+02 5.109999e+02 365 -5.549581e-01 -7.105427e-15 -5.549542e-01 -0.000000e+00 1.000000e+00
1.000000e+00 5.110000e+02 -1.384741e-14 5.109999e+02 -2.941229e-14 5.110000e+02 5.109999e+02 366 8.934011e-01 -8.881784e-16 8.934066e-01 -0.000000e+00 1.000000e+00
1.000000e+00 5.110000e+02 4.254062e-14 5.110000e+02 3.899779e-14 5.110000e+02 5.110000e+02 367 -1.144269e+00 8.881784e-16 -1.144271e+00 0.000000e+00 1.000000e+00
1.000000e+00 5.110000e+02 2.034395e-14 5.109999e+02 4.726990e-14 5.110000e+02 5.109999e+02 368 1.281172e+00 -8.881784e-16 1.281173e+00 -0.000000e+00 1.000000e+00
1.000000e+00 5.110000e+02 5.697627e-14 5.110001e+02 -5.220963e-14 5.110000e+02 5.110001e+02 369 -1.289029e+00 0.000000e+00 -1.289025e+00 0.000000e+00 1.000000e+00
1.000000e+00 5.110000e+02 1.318119e-13 5.110000e+02 -3.824034e-14 5.110000e+02 5.110000e+02 370 1.165713e+00 8.881784e-16 1.165706e+00 0.000000e+00 1.000000e+00
1.000000e+00 5.110000e+02 -5.878993e-14 5.110000e+02 -1.047287e-13 5.110000e+02 5.110000e+02 371 -9.223961e-01 4.440892e-16 -9.223929e-01 0.000000e+00 1.000000e+00
1.000000e+00 5.110000e+02 9.112434e-14 5.110000e+02 -2.092432e-15 5.110000e+02 5.110000e+02 372 5.825588e-01 -8.881784e-16 5.825589e-01 -0.000000e+00 1.000000e+00
1.000000e+00 5.110000e+02 6.020806e-14 5.109998e+02 7.654569e-15 5.110000e+02 5.109998e+02 373 -1.797341e-01 -1.776357e-15 -1.797319e-01 -0.000000e+00 1.000000e+00
1.000000e+00 5.110000e+02 6.406676e-14 5.109999e+02 -3.841100e-14 5.110000e+02 5.109999e+02 374 -2.457857e-01 -7.494005e-16 -2.457891e-01 -0.000000e+00 1.000000e+00
1.000000e+00 5.110000e+02 -1.266800e-15 5.109999e+02 8.460960e-14 5.110000e+02 5.109999e+02 375 6.509645e-01 -2.220446e-16 6.509689e-01 -0.000000e+00 1.000000e+00
1.000000e+00 5.110000e+02 5.684342e-14 5.110000e+02 5.684342e-14 5.110000e+02 5.110000e+02 376 -9.943582e-01 -1.554312e-15 -9.943596e-01 -0.000000e+00 1.000000e+00
1.000000e+00 5.110000e+02 8.526513e-14 5.110002e+02 -8.526513e-14 5.110000e+02 5.110002e+02 377 1.240338e+00 -2.886580e-15 1.240340e+00 -0.000000e+00 1.000000e+00
1.000000e+00 5.110000e+02 8.526513e-14 5.110000e+02 -1.421085e-14 5.110000e+02 5.110000e+02 378 -1.362768e+00 -1.554312e-15 -1.362770e+00 -0.000000e+00 1.000000e+00
1.000000e+00 5.110000e+02 7.105427e-14 5.109998e+02 -1.421085e-14 5.110000e+02 5.109998e+02 379 1.347770e+00 -1.998401e-15 1.347763e+00 -0.000000e+00 1.000000e+00
1.000000e+00 5.110000e+02 1.421085e-13 5.109999e+02 7.105427e-14 5.110000e+02 5.109999e+02 380 -1.195265e+00 -3.108624e-15 -1.195267e+00 -0.000000e+00 1.000000e+00
1.000000e+00 5.110000e+02 2.842171e-14 5.109999e+02 -2.842171e-14 5.110000e+02 5.109999e+02 381 9.191486e-01 -1.554312e-15 9.191509e-01 -0.000000e+00 1.000000e+00
1.000000e+00 5.110000e+02 8.526513e-14 5.110000e+02 -7.105427e-14 5.110000e+02 5.110000e+02 382 -5.460397e-01 0.000000e+00 -5.460353e-01 0.000000e+00 1.000000e+00
1.000000e+00 5.110000e+02 1.563194e-13 5.110000e+02 -4.263256e-14 5.110000e+02 5.110000e+02 383 1.127349e-01 -2.109424e-15 1.127308e-01 -0.000000e+00 1.000000e+00
1.000000e+00 5.110000e+02 1.847411e-13 5.110000e+02 2.842171e-14 5.110000e+02 5.110000e+02 384 3.374047e-01 -1.942890e-15 3.373991e-01 -0.000000e+00 1.000000e+00
1.000000e+00 5.110000e+02 -2.842171e-14 5.110001e+02 -5.684342e-14 5.110000e+02 5.110001e+02 385 -7.587729e-01 -1.887379e-15 -7.587752e-01 -0.000000e+00 1.000000e+00
1.000000e+00 5.110000e+02 1.421085e-14 5.110000e+02 -9.947598e-14 5.110000e+02 5.110000e+02 386 1.108119e+00 -1.776357e-15 1.108116e+00 -0.000000e+00 1.000000e+00
1.000000e+00 5.110000e+02 8.526513e-14 5.109999e+02 1.421085e-14 5.110000e+02 5.109999e+02 387 -1.348966e+00 -1.776357e-15 -1.348967e+00 -0.000000e+00 1.000000e+00
1.000000e+00 5.110000e+02 5.684342e-14 5.109999e+02 1.421085e-14 5.110000e+02 5.109999e+02 388 1.455399e+00 -1.554312e-15 1.455406e+00 -0.000000e+00 1.000000e+00
1.000000e+00 5.110000e+02 -1.421085e-14 5.110002e+02 -7.105427e-14 5.110000e+02 5.110002e+02 389 -1.414830e+00 -1.776357e-15 -1.414833e+00 -0.000000e+00 1.000000e+00
1.000000e+00 5.110000e+02 9.947598e-14 5.110002e+02 1.421085e-14 5.110000e+02 5.110002e+02 390 1.229447e+00 -1.554312e-15 1.229451e+00 -0.000000e+00 1.000000e+00
1.000000e+00 5.110000e+02 1.705303e-13 5.110000e+02 7.105427e-14 5.110000e+02 5.110000e+02 391 -9.161904e-01 -2.442491e-15 -9.161962e-01 -0.000000e+00 1.000000e+00
1.000000e+00 5.110000e+02 8.526513e-14 5.110000e+02 -9.947598e-14 5.110000e+02 5.110000e+02 392 5.052255e-01 -8.326673e-16 5.052300e-01 -0.000000e+00 1.000000e+00
1.000000e+00 5.110000e+02 5.684342e-14 5.110000e+02 -5.684342e-14 5.110000e+02 5.110000e+02 393 -3.706121e-02 -2.498002e-15 -3.705713e-02 -0.000000e+00 1.000000e+00
1.000000e+00 5.110000e+02 7.105427e-14 5.109998e+02 -2.842171e-14 5.110000e+02 5.109998e+02 394 -4.414205e-01 -9.992007e-16 -4.414162e-01 -0.000000e+00 1.000000e+00
1.000000e+00 5.110000e+02 1.421085e-14 5.110000e+02 -7.105427e-14 5.110000e+02 5.110000e+02 395 8.816352e-01 -2.331468e-15 8.816287e-01 -0.000000e+00 1.000000e+00
1.000000e+00 5.110000e+02 -7.105427e-14 5.110000e+02 -4.263256e-14 5.110000e+02 5.110000e+02 396 -1.238203e+00 -1.887379e-15 -1.238206e+00 -0.000000e+00 1.000000e+00
1.000000e+00 5.110000e+02 9.947598e-14 5.110000e+02 -4.263256e-14 5.110000e+02 5.110000e+02 397 1.473601e+00 -1.998401e-15 1.473599e+00 -0.000000e+00 1.000000e+00
1.000000e+00 5.110000e+02 1.847411e-13 5.110002e+02 5.684342e-14 5.110000e+02 5.110002e+02 398 -1.562084e+00 -1.887379e-15 -1.562090e+00 -0.000000e+00 1.000000e+00
1.000000e+00 5.110000e+02 1.705303e-13 5.110001e+02 -2.842171e-14 5.110000e+02 5.110001e+02 399 1.492467e+00 4.440892e-16 1.492463e+00 0.000000e+00 1.000000e+00
1.000000e+00 5.110000e+02 9.947598e-14 5.110001e+02 -2.842171e-14 5.110000e+02 5.110001e+02 400 -1.269477e+00 -9.992007e-16 -1.269477e+00 -0.000000e+00 1.000000e+00
1.000000e+00 5.110000e+02 1.421085e-13 5.110000e+02 -1.421085e-14 5.110000e+02 5.110000e+02 401 9.135092e-01 -1.026956e-15 9.135151e-01 -0.000000e+00 1.000000e+00
1.000000e+00 5.110000e+02 5.684342e-14 5.109999e+02 -2.842171e-14 5.110000e+02 5.109999e+02 402 -4.587926e-01 -1.082467e-15 -4.587889e-01 -0.000000e+00 1.000000e+00
1.000000e+00 5.110000e+02 5.684342e-14 5.110000e+02 2.842171e-14 5.110000e+02 5.110000e+02 403 -4.987366e-02 -8.326673e-16 -4.987461e-02 -0.000000e+00 1.000000e+00
1.000000e+00 5.110000e+02 1.136868e-13 5.110001e+02 -5.684342e-14 5.110000e+02 5.110001e+02 404 5.615041e-01 4.440892e-16 5.615065e-01 0.000000e+00 1.000000e+00
1.000000e+00 5.110000e+02 5.684342e-14 5.109999e+02 -9.947598e-14 5.110000e+02 5.109999e+02 405 -1.024006e+00 -2.109424e-15 -1.024003e+00 -0.000000e+00 1.000000e+00
1.000000e+00 5.110000e+02 1.136868e-13 5.110000e+02 -4.263256e-14 5.110000e+02 5.110000e+02 406 1.389448e+00 -1.665335e-15 1.389444e+00 -0.000000e+00 1.000000e+00
1.000000e+00 5.110000e+02 1.563194e-13 5.110000e+02 4.263256e-14 5.110000e+02 5.110000e+02 407 -1.618997e+00 -1.887379e-15 -1.618996e+00 -0.000000e+00 1.000000e+00
1.000000e+00 5.110000e+02 1.989520e-13 5.110000e+02 -2.842171e-14 5.110000e+02 5.110000e+02 408 1.687001e+00 -1.332268e-15 1.686996e+00 -0.000000e+00 1.000000e+00
1.000000e+00 5.110000e+02 1.563194e-13 5.110001e+02 0.000000e+00 5.110000e+02 5.110001e+02 409 -1.583818e+00 5.551115e-16 -1.583813e+00 0.000000e+00 1.000000e+00
1.000000e+00 5.110000e+02 9.947598e-14 5.110000e+02 -5.684342e-14 5.110000e+02 5.110000e+02 410 1.317056e+00 -2.303713e-15 1.317053e+00 -0.000000e+00 1.000000e+00
1.000000e+00 5.110000e+02 1.421085e-13 5.109999e+02 -5.684342e-14 5.110000e+02 5.109999e+02 411 -9.110939e-01 1.387779e-16 -9.110939e-01 0.000000e+00 1.000000e+00
1.000000e+00 5.110000e+02 1.136868e-13 5.109999e+02 2.842171e-14 5.110000e+02 5.109999e+02 412 4.048962e-01 -4.440892e-16 4.048926e-01 -0.000000e+00 1.000000e+00
1.000000e+00 5.110000e+02 1.421085e-13 5.109999e+02 1.421085e-14 5.110000e+02 5.109999e+02 413 1.516932e-01 -6.661338e-16 1.516894e-01 -0.000000e+00 1.000000e+00
1.000000e+00 5.110000e+02 1.421085e-13 5.109999e+02 2.842171e-14 5.110000e+02 5.109999e+02 414 -7.028175e-01 -4.440892e-16 -7.028133e-01 -0.000000e+00 1.000000e+00
1.000000e+00 5.110000e+02 8.526513e-14 5.110000e+02 -5.684342e-14 5.110000e+02 5.110000e+02 415 1.192170e+00 -4.440892e-16 1.192175e+00 -0.000000e+00 1.000000e+00
1.000000e+00 5.110000e+02 2.842171e-14 5.110002e+02 -1.421085e-14 5.110000e+02 5.110002e+02 416 -1.568704e+00 -8.881784e-16 -1.568697e+00 -0.000000e+00 1.000000e+00
1.000000e+00 5.110000e+02 5.684342e-14 5.110000e+02 0.000000e+00 5.110000e+02 5.110000e+02 417 1.791906e+00 2.220446e-16 1.791902e+00 0.000000e+00 1.000000e+00
1.000000e+00 5.110000e+02 1.278977e-13 5.109999e+02 -1.421085e-14 5.110000e+02 5.109999e+02 418 -1.836110e+00 2.220446e-16 -1.836113e+00 0.000000e+00 1.000000e+00
1.000000e+00 5.110000e+02 1.421085e-14 5.110000e+02 1.421085e-14 5.110000e+02 5.110000e+02 419 1.693374e+00 9.436896e-16 1.693370e+00 0.000000e+00 1.000000e+00
1.000000e+00 5.110000e+02 7.105427e-14 5.110001e+02 -5.684342e-14 5.110000e+02 5.110001e+02 420 -1.374630e+00 3.469447e-16 -1.374629e+00 0.000000e+00 1.000000e+00
1.000000e+00 5.110000e+02 9.947598e-14 5.109999e+02 0.000000e+00 5.110000e+02 5.109999e+02 421 9.089351e-01 -1.110223e-16 9.089325e-01 -0.000000e+00 1.000000e+00
1.000000e+00 5.110000e+02 -4.263256e-14 5.109999e+02 4.263256e-14 5.110000e+02 5.109999e+02 422 -3.408755e-01 0.000000e+00 -3.408736e-01 0.000000e+00 1.000000e+00
1.000000e+00 5.110000e+02 1.421085e-14 5.110001e+02 -2.842171e-14 5.110000e+02 5.110001e+02 423 -2.736490e-01 -1.332268e-15 -2.736537e-01 -0.000000e+00 1.000000e+00
1.000000e+00 5.110000e+02 -8.526513e-14 5.110000e+02 -5.684342e-14 5.110000e+02 5.110000e+02 424 8.728730e-01 -1.554312e-15 8.728740e-01 -0.000000e+00 1.000000e+00
1.000000e+00 5.110000e+02 4.263256e-14 5.110001e+02 1.421085e-14 5.110000e+02 5.110001e+02 425 -1.395314e+00 4.440892e-16 -1.395313e+00 0.000000e+00 1.000000e+00
1.000000e+00 5.110000e+02 -7.105427e-14 5.110002e+02 -4.263256e-14 5.110000e+02 5.110002e+02 426 1.786020e+00 -1.998401e-15 1.786020e+00 -0.000000e+00 1.000000e+00
1.000000e+00 5.110000e+02 7.105427e-14 5.110000e+02 0.000000e+00 5.110000e+02 5.110000e+02 427 -2.002281e+00 6.661338e-16 -2.002275e+00 0.000000e+00 1.000000e+00
1.000000e+00 5.110000e+02 9.471751e-15 5.110000e+02 -6.675582e-15 5.110000e+02 5.110000e+02 428 2.018226e+00 0.000000e+00 2.018225e+00 0.000000e+00 1.000000e+00
1.000000e+00 5.110000e+02 6.273407e-14 5.110000e+02 2.370643e-14 5.110000e+02 5.110000e+02 429 -1.827808e+00 -7.494005e-16 -1.827810e+00 -0.000000e+00 1.000000e+00
1.000000e+00 5.110000e+02 5.081048e-15 5.109999e+02 -5.338093e-15 5.110000e+02 5.109999e+02 430 1.445855e+00 -6.661338e-16 1.445857e+00 -0.000000e+00 1.000000e+00
1.000000e+00 5.110000e+02 9.213436e-15 5.109999e+02 -1.495127e-14 5.110000e+02 5.109999e+02 431 -9.070242e-01 -1.110223e-15 -9.070174e-01 -0.000000e+00 1.000000e+00
1.000000e+00 5.110000e+02 6.052412e-14 5.110002e+02 1.922255e-14 5.110000e+02 5.110002e+02 432 2.627355e-01 -3.552714e-15 2.627377e-01 -0.000000e+00 1.000000e+00
1.000000e+00 5.110000e+02 4.152298e-15 5.110000e+02 3.551587e-14 5.110000e+02 5.110000e+02 433 4.236670e-01 -4.440892e-15 4.236606e-01 -0.000000e+00 1.000000e+00
1.000000e+00 5.110000e+02 5.732459e-14 5.109998e+02 8.133583e-15 5.110000e+02 5.109998e+02 434 -1.083063e+00 1.776357e-15 -1.083056e+00 0.000000e+00 1.000000e+00
1.000000e+00 5.110000e+02 5.382435e-14 5.110000e+02 1.087690e-14 5.110000e+02 5.110000e+02 435 1.647432e+00 -2.664535e-15 1.647435e+00 -0.000000e+00 1.000000e+00
1.000000e+00 5.110000e+02 -1.230270e-14 5.110000e+02 -8.519364e-14 5.110000e+02 5.110000e+02 436 -2.056783e+00 -3.552714e-15 -2.056787e+00 -0.000000e+00 1.000000e+00
1.000000e+00 5.110000e+02 -3.122663e-14 5.109999e+02 4.339241e-14 5.110000e+02 5.109999e+02 437 2.265430e+00 1.776357e-15 2.265423e+00 0.000000e+00 1.000000e+00
1.000000e+00 5.110000e+02 -1.138536e-14 5.109999e+02 1.385457e-14 5.110000e+02 5.109999e+02 438 -2.246980e+00 7.105427e-15 -2.246984e+00 0.000000e+00 1.000000e+00
1.000000e+00 5.110000e+02 -1.059695e-15 5.109998e+02 -3.643832e-15 5.110000e+02 5.109998e+02 439 1.997490e+00 -2.664535e-15 1.997488e+00 -0.000000e+00 1.000000e+00
1.000000e+00 5.110000e+02 3.944157e-14 5.110000e+02 -7.172571e-14 5.110000e+02 5.110000e+02 440 -1.536439e+00 2.664535e-15 -1.536442e+00 0.000000e+00 1.000000e+00
1.000000e+00 5.110000e+02 7.534805e-14 5.110000e+02 7.742217e-15 5.110000e+02 5.110000e+02 441 9.053542e-01 -1.776357e-15 9.053486e-01 -0.000000e+00 1.000000e+00
1.000000e+00 5.110000e+02 6.833010e-14 5.110001e+02 -2.140678e-14 5.110000e+02 5.110001e+02 442 -1.641787e-01 1.776357e-15 -1.641786e-01 0.000000e+00 1.000000e+00
1.000000e+00 5.110000e+02 2.975811e-14 5.109999e+02 -2.826999e-14 5.110000e+02 5.109999e+02 443 -6.143152e-01 -2.664535e-15 -6.143085e-01 -0.000000e+00 1.000000e+00
1.000000e+00 5.110000e+02 7.052870e-15 5.110000e+02 -4.743048e-14 5.110000e+02 5.110000e+02 444 1.351556e+00 4.440892e-16 1.351553e+00 0.000000e+00 1.000000e+00
1.000000e+00 5.110000e+02 2.531893e-15 5.110001e+02 4.805686e-14 5.110000e+02 5.110001e+02 445 -1.970974e+00 -1.776357e-15 -1.970977e+00 -0.000000e+00 1.000000e+00
1.000000e+00 5.110000e+02 9.179774e-14 5.110000e+02 -5.212986e-14 5.110000e+02 5.110000e+02 446 2.405821e+00 1.221245e-15 2.405827e+00 0.000000e+00 1.000000e+00
1.000000e+00 5.110000e+02 1.774004e-14 5.110000e+02 7.121632e-15 5.110000e+02 5.110000e+02 447 -2.606205e+00 -1.568190e-15 -2.606201e+00 -0.000000e+00 1.000000e+00
1.000000e+00 5.110000e+02 -2.683048e-14 5.110000e+02 -1.194176e-14 5.110000e+02 5.110000e+02 448 2.544637e+00 -3.885781e-16 2.544631e+00 -0.000000e+00 1.000000e+00
1.000000e+00 5.110000e+02 5.684342e-14 5.109999e+02 -6.039613e-14 5.110000e+02 5.109999e+02 449 -2.219469e+00 -1.776357e-15 -2.219475e+00 -0.000000e+00 1.000000e+00
1.000000e+00 5.110000e+02 -1.421085e-14 5.109999e+02 -4.973799e-14 5.110000e+02 5.109999e+02 450 1.655835e+00 -2.442491e-15 1.655834e+00 -0.000000e+00 1.000000e+00
1.000000e+00 5.110000e+02 -7.460699e-14 5.110001e+02 -7.105427e-15 5.110000e+02 5.110001e+02 451 -9.039187e-01 -1.776357e-15 -9.039122e-01 -0.000000e+00 1.000000e+00
1.000000e+00 5.110000e+02 5.684342e-14 5.110000e+02 -1.421085e-14 5.110000e+02 5.110000e+02 452 3.465234e-02 -3.552714e-15 3.464958e-02 -0.000000e+00 1.000000e+00
1.000000e+00 5.110000e+02 -2.486900e-14 5.110000e+02 -1.776357e-14 5.110000e+02 5.110000e+02 453 8.668090e-01 -3.330669e-15 8.668141e-01 -0.000000e+00 1.000000e+00
1.000000e+00 5.110000e+02 -4.263256e-14 5.109999e+02 -7.105427e-15 5.110000e+02 5.109999e+02 454 -1.709245e+00 -2.442491e-15 -1.709252e+00 -0.000000e+00 1.000000e+00
1.000000e+00 5.110000e+02 -1.776357e-14 5.110001e+02 -9.592327e-14 5.110000e+02 5.110001e+02 455 2.404397e+00 4.996004e-16 2.404391e+00 0.000000e+00 1.000000e+00
1.000000e+00 5.110000e+02 3.197442e-14 5.109999e+02 -5.329071e-14 5.110000e+02 5.109999e+02 456 -2.875989e+00 -5.689893e-15 -2.875984e+00 -0.000000e+00 1.000000e+00
1.000000e+00 5.110000e+02 -3.552714e-14 5.110000e+02 7.105427e-15 5.110000e+02 5.110000e+02 457 3.067843e+00 -3.580469e-15 3.067849e+00 -0.000000e+00 1.000000e+00
1.000000e+00 5.110000e+02 -7.460699e-14 5.110000e+02 -8.526513e-14 5.110000e+02 5.110000e+02 458 -2.950250e+00 -5.606626e-15 -2.950248e+00 -0.000000e+00 1.000000e+00
1.000000e+00 5.110000e+02 -6.750156e-14 5.110001e+02 -1.030287e-13 5.110000e+02 5.110001e+02 459 2.523899e+00 -2.997602e-15 2.523893e+00 -0.000000e+00 1.000000e+00
1.000000e+00 5.110000e+02 3.907985e-14 5.109999e+02 -2.842171e-14 5.110000e+02 5.109999e+02 460 -1.820905e+00 -3.219647e-15 -1.820902e+00 -0.000000e+00 1.000000e+00
1.000000e+00 5.110000e+02 -7.105427e-14 5.109999e+02 -3.552714e-15 5.110000e+02 5.109999e+02 461 9.027126e-01 -5.884182e-15 9.027085e-01 -0.000000e+00 1.000000e+00
1.000000e+00 5.110000e+02 -1.421085e-14 5.109999e+02 3.552714e-15 5.110000e+02 5.109999e+02 462 1.449962e-01 -5.440093e-15 1.450002e-01 -0.000000e+00 1.000000e+00
1.000000e+00 5.110000e+02 -4.263256e-14 5.110001e+02 -7.105427e-15 5.110000e+02 5.110001e+02 463 -1.220020e+00 -5.662137e-15 -1.220026e+00 -0.000000e+00 1.000000e+00
1.000000e+00 5.110000e+02 1.065814e-14 5.110002e+02 8.171241e-14 5.110000e+02 5.110002e+02 464 2.213288e+00 -4.440892e-15 2.213292e+00 -0.000000e+00 1.000000e+00
1.000000e+00 5.110000e+02 -1.243450e-13 5.110001e+02 -3.552714e-14 5.110000e+02 5.110001e+02 465 -3.019567e+00 -4.926615e-15 -3.019561e+00 -0.000000e+00 1.000000e+00
1.000000e+00 5.110000e+02 3.907985e-14 5.110001e+02 0.000000e+00 5.110000e+02 5.110001e+02 466 3.548207e+00 -5.065393e-15 3.548210e+00 -0.000000e+00 1.000000e+00
1.000000e+00 5.110000e+02 -2.842171e-14 5.110000e+02 1.065814e-14 5.110000e+02 5.110000e+02 467 -3.732859e+00 -4.274359e-15 -3.732853e+00 -0.000000e+00 1.000000e+00
1.000000e+00 5.110000e+02 1.101341e-13 5.110001e+02 7.105427e-15 5.110000e+02 5.110001e+02 468 3.539172e+00 -7.216450e-15 3.539168e+00 -0.000000e+00 1.000000e+00
1.000000e+00 5.110000e+02 -5.684342e-14 5.110000e+02 -4.973799e-14 5.110000e+02 5.110000e+02 469 -2.969634e+00 -7.160939e-15 -2.969632e+00 -0.000000e+00 1.000000e+00
1.000000e+00 5.110000e+02 -6.394885e-14 5.109999e+02 -4.973799e-14 5.110000e+02 5.109999e+02 470 2.064955e+00 -7.160939e-15 2.064954e+00 -0.000000e+00 1.000000e+00
1.000000e+00 5.110000e+02 -1.207923e-13 5.109999e+02 -7.105427e-15 5.110000e+02 5.109999e+02 471 -9.017315e-01 -2.886580e-15 -9.017372e-01 -0.000000e+00 1.000000e+00
1.000000e+00 5.110000e+02 -1.705303e-13 5.109999e+02 -2.131628e-14 5.110000e+02 5.109999e+02 472 -4.135462e-01 4.440892e-16 -4.135516e-01 0.000000e+00 1.000000e+00
1.000000e+00 5.110000e+02 -5.684342e-14 5.110002e+02 -2.842171e-14 5.110000e+02 5.110002e+02 473 1.753711e+00 -2.747802e-15 1.753709e+00 -0.000000e+00 1.000000e+00
1.000000e+00 5.110000e+02 1.776357e-14 5.110001e+02 -6.039613e-14 5.110000e+02 5.110001e+02 474 -2.982598e+00 -4.496403e-15 -2.982600e+00 -0.000000e+00 1.000000e+00
1.000000e+00 5.110000e+02 7.460699e-14 5.109998e+02 -4.263256e-14 5.110000e+02 5.109998e+02 475 3.968164e+00 -3.497203e-15 3.968164e+00 -0.000000e+00 1.000000e+00
1.000000e+00 5.110000e+02 -1.634248e-13 5.110001e+02 -5.684342e-14 5.110000e+02 5.110001e+02 476 -4.595833e+00 -4.080070e-15 -4.595837e+00 -0.000000e+00 1.000000e+00
1.000000e+00 5.110000e+02 -1.350031e-13 5.110000e+02 4.973799e-14 5.110000e+02 5.110000e+02 477 4.780804e+00 3.774758e-15 4.780808e+00 0.000000e+00 1.000000e+00
1.000000e+00 5.110000e+02 -1.705303e-13 5.110001e+02 -3.552714e-14 5.110000e+02 5.110001e+02 478 -4.478068e+00 -9.325873e-15 -4.478072e+00 -0.000000e+00 1.000000e+00
1.000000e+00 5.110000e+02 -4.263256e-14 5.110000e+02 1.065814e-14 5.110000e+02 5.110000e+02 479 3.689076e+00 -8.493206e-15 3.689079e+00 -0.000000e+00 1.000000e+00
1.000000e+00 5.110000e+02 -1.918465e-13 5.110002e+02 -2.131628e-14 5.110000e+02 5.110002e+02 480 -2.464263e+00 -6.716849e-15 -2.464265e+00 -0.000000e+00 1.000000e+00
1.000000e+00 5.110000e+02 -1.563194e-13 5.109999e+02 -2.131628e-14 5.110000e+02 5.109999e+02 481 9.009720e-01 -8.493206e-15 9.009712e-01 -0.000000e+00 1.000000e+00
1.000000e+00 5.110000e+02 -8.881784e-14 5.110000e+02 3.907985e-14 5.110000e+02 5.110000e+02 482 8.632450e-01 -3.858025e-15 8.632438e-01 -0.000000e+00 1.000000e+00
1.000000e+00 5.110000e+02 -1.030287e-13 5.109999e+02 -3.907985e-14 5.110000e+02 5.109999e+02 483 -2.661558e+00 -1.051936e-14 -2.661561e+00 -0.000000e+00 1.000000e+00
1.000000e+00 5.110000e+02 -9.237056e-14 5.109999e+02 3.197442e-14 5.110000e+02 5.109999e+02 484 4.312216e+00 -6.265821e-15 4.312211e+00 -0.000000e+00 1.000000e+00
1.000000e+00 5.110000e+02 -1.740830e-13 5.109999e+02 3.907985e-14 5.110000e+02 5.109999e+02 485 -5.635169e+00 -7.299716e-15 -5.635174e+00 -0.000000e+00 1.000000e+00
1.000000e+00 5.110000e+02 -2.096101e-13 5.110001e+02 -1.421085e-13 5.110000e+02 5.110001e+02 486 6.469547e+00 -3.996803e-15 6.469541e+00 -0.000000e+00 1.000000e+00
1.000000e+00 5.110000e+02 -1.065814e-13 5.109999e+02 -4.263256e-14 5.110000e+02 5.109999e+02 487 -6.690440e+00 -7.382983e-15 -6.690433e+00 -0.000000e+00 1.000000e+00
1.000000e+00 5.110000e+02 -9.947598e-14 5.110000e+02 7.105427e-15 5.110000e+02 5.110000e+02 488 6.223411e+00 -3.386180e-15 6.223410e+00 -0.000000e+00 1.000000e+00
1.000000e+00 5.110000e+02 -5.684342e-14 5.109999e+02 -3.552714e-14 5.110000e+02 5.109999e+02 489 -5.055333e+00 -8.104628e-15 -5.055337e+00 -0.000000e+00 1.000000e+00
1.000000e+00 5.110000e+02 -5.329071e-14 5.110000e+02 3.552714e-15 5.110000e+02 5.110000e+02 490 3.240385e+00 -6.161738e-15 3.240386e+00 -0.000000e+00 1.000000e+00
1.000000e+00 5.110000e+02 -3.552714e-14 5.110000e+02 2.486900e-14 5.110000e+02 5.110000e+02 491 -9.004314e-01 6.661338e-16 -9.004377e-01 0.000000e+00 1.000000e+00
1.000000e+00 5.110000e+02 -1.989520e-13 5.109999e+02 -1.492140e-13 5.110000e+02 5.109999e+02 492 -1.780517e+00 -2.678413e-15 -1.780521e+00 -0.000000e+00 1.000000e+00
1.000000e+00 5.110000e+02 -7.460699e-14 5.110000e+02 3.552714e-15 5.110000e+02 5.110000e+02 493 4.567583e+00 -3.920475e-16 4.567589e+00 -0.000000e+00 1.000000e+00
1.000000e+00 5.110000e+02 -1.030287e-13 5.110000e+02 -4.618528e-14 5.110000e+02 5.110000e+02 494 -7.191330e+00 -1.007527e-14 -7.191327e+00 -0.000000e+00 1.000000e+00
1.000000e+00 5.110000e+02 -1.421085e-14 5.109998e+02 -2.131628e-14 5.110000e+02 5.109998e+02 495 9.367945e+00 2.109424e-15 9.367945e+00 0.000000e+00 1.000000e+00
1.000000e+00 5.110000e+02 1.776357e-14 5.110000e+02 -6.750156e-14 5.110000e+02 5.110000e+02 496 -1.082176e+01 -7.993606e-15 -1.082176e+01 -0.000000e+00 1.000000e+00
1.000000e+00 5.110000e+02 -6.039613e-14 5.110000e+02 -2.486900e-14 5.110000e+02 5.110000e+02 497 1.130833e+01 -3.830269e-15 1.130833e+01 -0.000000e+00 1.000000e+00
1.000000e+00 5.110000e+02 -2.842171e-14 5.110000e+02 7.815970e-14 5.110000e+02 5.110000e+02 498 -1.063614e+01 -5.440093e-15 -1.063614e+01 -0.000000e+00 1.000000e+00
1.000000e+00 5.110000e+02 -8.526513e-14 5.110000e+02 -1.065814e-14 5.110000e+02 5.110000e+02 499 8.685151e+00 -8.132384e-15 8.685158e+00 -0.000000e+00 1.000000e+00
1.000000e+00 5.110000e+02 -8.526513e-14 5.110001e+02 -4.263256e-14 5.110000e+02 5.110001e+02 500 -5.420508e+00 -7.716050e-15 -5.420505e+00 -0.000000e+00 1.000000e+00
1.000000e+00 5.110000e+02 1.472747e-14 5.110001e+02 3.506989e-14 5.110000e+02 5.110001e+02 501 9.001078e-01 3.080869e-15 9.001094e-01 0.000000e+00 1.000000e+00
1.000000e+00 5.110000e+02 7.044622e-14 5.110000e+02 -1.910988e-14 5.110000e+02 5.110000e+02 502 4.724732e+00 5.419276e-15 4.724737e+00 0.000000e+00 1.000000e+00
1.000000e+00 5.110000e+02 2.181649e-14 5.110002e+02 5.471767e-15 5.110000e+02 5.110002e+02 503 -1.121581e+01 1.665335e-15 -1.121581e+01 0.000000e+00 1.000000e+00
1.000000e+00 5.110000e+02 -8.414846e-14 5.110000e+02 -3.746707e-14 5.110000e+02 5.110000e+02 504 1.826148e+01 1.998401e-15 1.826148e+01 0.000000e+00 1.000000e+00
1.000000e+00 5.110000e+02 -9.204547e-14 5.110002e+02 1.205004e-14 5.110000e+02 5.110002e+02 505 -2.549607e+01 3.219647e-15 -2.549607e+01 0.000000e+00 1.000000e+00
1.000000e+00 5.110000e+02 -1.297483e-13 5.110000e+02 -3.780295e-14 5.110000e+02 5.110000e+02 506 3.252394e+01 1.126876e-14 3.252395e+01 0.000000e+00 1.000000e+00
1.000000e+00 5.110000e+02 -4.799472e-14 5.110000e+02 -3.528184e-15 5.110000e+02 5.110000e+02 507 -3.894639e+01 9.992007e-16 -3.894639e+01 0.000000e+00 1.000000e+00
1.000000e+00 5.110000e+02 -4.551415e-14 5.110001e+02 -1.381402e-14 5.110000e+02 5.110001e+02 508 4.438937e+01 1.665335e-14 4.438937e+01 0.000000e+00 1.000000e+00
1.000000e+00 5.110000e+02 1.273556e-14 5.110000e+02 -4.954123e-15 5.110000e+02 5.110000e+02 509 -4.852990e+01 -4.918288e-14 -4.852989e+01 -0.000000e+00 1.000000e+00
1.000000e+00 5.110000e+02 1.392363e-14 5.109999e+02 -5.848268e-15 5.110000e+02 5.109999e+02 510 5.111908e+01 1.351697e-14 5.111908e+01 0.000000e+00 1.000000e+00
