1.000000e+00 5.110000e+02 1.020026e-13 5.132638e+02 0.000000e+00 5.110000e+02 5.132638e+02 0 4.590000e+02 0.000000e+00 4.590000e+02 0.000000e+00 1.000000e+00
1.000000e+00 5.110000e+02 4.717765e-14 5.107317e+02 -6.661338e-15 5.110000e+02 5.107317e+02 1 5.111908e+01 -6.245005e-16 5.112457e+01 -0.000000e+00 1.000000e+00
1.000000e+00 5.110000e+02 1.057583e-13 5.081532e+02 1.776357e-15 5.110000e+02 5.081532e+02 2 -4.852990e+01 -3.072542e-14 -4.843381e+01 -0.000000e+00 1.000000e+00
1.000000e+00 5.110000e+02 1.244721e-13 5.120938e+02 -8.520962e-15 5.110000e+02 5.120938e+02 3 4.438937e+01 2.886580e-15 4.439766e+01 0.000000e+00 1.000000e+00
1.000000e+00 5.110000e+02 1.791475e-13 5.124434e+02 7.743806e-15 5.110000e+02 5.124434e+02 4 -3.894639e+01 -9.436896e-16 -3.901612e+01 -0.000000e+00 1.000000e+00
1.000000e+00 5.110000e+02 1.447289e-13 5.105421e+02 -1.998401e-15 5.110000e+02 5.105421e+02 5 3.252394e+01 6.994405e-15 3.251343e+01 0.000000e+00 1.000000e+00
1.000000e+00 5.110000e+02 1.458115e-13 5.091027e+02 -4.873879e-14 5.110000e+02 5.091027e+02 6 -2.549607e+01 9.159340e-15 -2.556229e+01 0.000000e+00 1.000000e+00
1.000000e+00 5.110000e+02 -5.666737e-14 5.102295e+02 4.385381e-15 5.110000e+02 5.102295e+02 7 1.826148e+01 7.993606e-15 1.816268e+01 0.000000e+00 1.000000e+00
1.000000e+00 5.110000e+02 -1.220872e-13 5.102021e+02 -1.221245e-15 5.110000e+02 5.102021e+02 8 -1.121581e+01 9.381385e-15 -1.121153e+01 0.000000e+00 1.000000e+00
1.000000e+00 5.110000e+02 -4.552914e-14 5.100063e+02 4.754530e-14 5.110000e+02 5.100063e+02 9 4.724732e+00 1.026262e-14 4.708842e+00 0.000000e+00 1.000000e+00
1.000000e+00 5.110000e+02 -8.612571e-14 5.124467e+02 -3.386180e-15 5.110000e+02 5.124467e+02 10 9.001078e-01 1.473821e-14 8.969223e-01 0.000000e+00 1.000000e+00
1.000000e+00 5.110000e+02 -5.329071e-14 5.147154e+02 -6.750156e-14 5.110000e+02 5.147154e+02 11 -5.420508e+00 8.937295e-15 -5.381534e+00 0.000000e+00 1.000000e+00
1.000000e+00 5.110000e+02 -4.263256e-14 5.113142e+02 -7.105427e-15 5.110000e+02 5.113142e+02 12 8.685151e+00 -1.360023e-15 8.744993e+00 -0.000000e+00 1.000000e+00
1.000000e+00 5.110000e+02 2.842171e-14 5.118617e+02 7.105427e-15 5.110000e+02 5.118617e+02 13 -1.063614e+01 3.996803e-15 -1.053884e+01 0.000000e+00 1.000000e+00
1.000000e+00 5.110000e+02 -9.947598e-14 5.101696e+02 -4.263256e-14 5.110000e+02 5.101696e+02 14 1.130833e+01 9.436896e-15 1.121153e+01 0.000000e+00 1.000000e+00
1.000000e+00 5.110000e+02 -5.329071e-14 5.097440e+02 -1.065814e-14 5.110000e+02 5.097440e+02 15 -1.082176e+01 6.827872e-15 -1.076307e+01 0.000000e+00 1.000000e+00
1.000000e+00 5.110000e+02 -9.237056e-14 5.124543e+02 1.421085e-14 5.110000e+02 5.124543e+02 16 9.367945e+00 8.604228e-15 9.417684e+00 0.000000e+00 1.000000e+00
1.000000e+00 5.110000e+02 -1.065814e-13 5.088996e+02 7.105427e-15 5.110000e+02 5.088996e+02 17 -7.191330e+00 -2.026157e-15 -7.175379e+00 -0.000000e+00 1.000000e+00
1.000000e+00 5.110000e+02 -1.065814e-13 5.083421e+02 3.552714e-14 5.110000e+02 5.083421e+02 18 4.567583e+00 9.669349e-15 4.484612e+00 0.000000e+00 1.000000e+00
1.000000e+00 5.110000e+02 -1.421085e-14 5.126940e+02 -2.131628e-14 5.110000e+02 5.126940e+02 19 -1.780517e+00 6.800116e-15 -1.793845e+00 0.000000e+00 1.000000e+00
1.000000e+00 5.110000e+02 1.776357e-14 5.113610e+02 -7.105427e-15 5.110000e+02 5.113610e+02 20 -9.004314e-01 6.411538e-15 -8.969223e-01 0.000000e+00 1.000000e+00
1.000000e+00 5.110000e+02 1.421085e-14 5.105423e+02 -2.486900e-14 5.110000e+02 5.105423e+02 21 3.240385e+00 6.772360e-15 3.139228e+00 0.000000e+00 1.000000e+00
1.000000e+00 5.110000e+02 -6.394885e-14 5.104672e+02 3.552714e-14 5.110000e+02 5.104672e+02 22 -5.055333e+00 6.772360e-15 -5.157303e+00 0.000000e+00 1.000000e+00
1.000000e+00 5.110000e+02 7.105427e-15 5.114178e+02 3.907985e-14 5.110000e+02 5.114178e+02 23 6.223411e+00 9.214851e-15 6.278456e+00 0.000000e+00 1.000000e+00
1.000000e+00 5.110000e+02 -2.131628e-14 5.105759e+02 -7.105427e-15 5.110000e+02 5.105759e+02 24 -6.690440e+00 7.605028e-15 -6.726917e+00 0.000000e+00 1.000000e+00
1.000000e+00 5.110000e+02 -2.486900e-14 5.102262e+02 7.105427e-15 5.110000e+02 5.102262e+02 25 6.469547e+00 1.049161e-14 6.502687e+00 0.000000e+00 1.000000e+00
1.000000e+00 5.110000e+02 -2.842171e-14 5.099676e+02 2.842171e-14 5.110000e+02 5.099676e+02 26 -5.635169e+00 9.381385e-15 -5.605765e+00 0.000000e+00 1.000000e+00
1.000000e+00 5.110000e+02 -2.131628e-14 5.101683e+02 -3.552714e-15 5.110000e+02 5.101683e+02 27 4.312216e+00 5.828671e-15 4.260381e+00 0.000000e+00 1.000000e+00
1.000000e+00 5.110000e+02 -2.842171e-14 5.137837e+02 4.263256e-14 5.110000e+02 5.137837e+02 28 -2.661558e+00 8.090750e-15 -2.690767e+00 0.000000e+00 1.000000e+00
1.000000e+00 5.110000e+02 -1.101341e-13 5.094192e+02 -4.973799e-14 5.110000e+02 5.094192e+02 29 8.632450e-01 4.884981e-15 8.969223e-01 0.000000e+00 1.000000e+00
1.000000e+00 5.110000e+02 -1.278977e-13 5.127249e+02 3.197442e-14 5.110000e+02 5.127249e+02 30 9.009720e-01 1.049161e-14 8.969223e-01 0.000000e+00 1.000000e+00
1.000000e+00 5.110000e+02 -1.456613e-13 5.112426e+02 -7.105427e-15 5.110000e+02 5.112426e+02 31 -2.464263e+00 6.661338e-15 -2.466536e+00 0.000000e+00 1.000000e+00
1.000000e+00 5.110000e+02 -1.705303e-13 5.122653e+02 2.131628e-14 5.110000e+02 5.122653e+02 32 3.689076e+00 1.071365e-14 3.587689e+00 0.000000e+00 1.000000e+00
1.000000e+00 5.110000e+02 -6.394885e-14 5.104740e+02 5.684342e-14 5.110000e+02 5.104740e+02 33 -4.478068e+00 2.053913e-15 -4.484612e+00 0.000000e+00 1.000000e+00
1.000000e+00 5.110000e+02 -2.131628e-14 5.116148e+02 1.421085e-14 5.110000e+02 5.116148e+02 34 4.780804e+00 1.110223e-15 4.708842e+00 0.000000e+00 1.000000e+00
1.000000e+00 5.110000e+02 -9.237056e-14 5.113967e+02 1.776357e-14 5.110000e+02 5.113967e+02 35 -4.595833e+00 4.413137e-15 -4.484612e+00 0.000000e+00 1.000000e+00
1.000000e+00 5.110000e+02 -2.629008e-13 5.130295e+02 -2.842171e-14 5.110000e+02 5.130295e+02 36 3.968164e+00 4.607426e-15 4.036150e+00 0.000000e+00 1.000000e+00
1.000000e+00 5.110000e+02 -8.881784e-14 5.118467e+02 2.131628e-14 5.110000e+02 5.118467e+02 37 -2.982598e+00 4.204970e-15 -2.914998e+00 0.000000e+00 1.000000e+00
1.000000e+00 5.110000e+02 -1.492140e-13 5.095467e+02 -4.263256e-14 5.110000e+02 5.095467e+02 38 1.753711e+00 5.495604e-15 1.793845e+00 0.000000e+00 1.000000e+00
1.000000e+00 5.110000e+02 -5.329071e-14 5.141029e+02 4.263256e-14 5.110000e+02 5.141029e+02 39 -4.135462e-01 -1.443290e-15 -4.484612e-01 -0.000000e+00 1.000000e+00
1.000000e+00 5.110000e+02 -1.527667e-13 5.108041e+02 -1.065814e-14 5.110000e+02 5.108041e+02 40 -9.017315e-01 3.996803e-15 -8.969223e-01 0.000000e+00 1.000000e+00
1.000000e+00 5.110000e+02 -1.350031e-13 5.140312e+02 -2.131628e-14 5.110000e+02 5.140312e+02 41 2.064955e+00 9.048318e-15 2.018075e+00 0.000000e+00 1.000000e+00
1.000000e+00 5.110000e+02 -1.207923e-13 5.120134e+02 1.421085e-14 5.110000e+02 5.120134e+02 42 -2.969634e+00 4.884981e-15 -2.914998e+00 0.000000e+00 1.000000e+00
1.000000e+00 5.110000e+02 -1.492140e-13 5.121351e+02 -3.552714e-14 5.110000e+02 5.121351e+02 43 3.539172e+00 8.437695e-15 3.587689e+00 0.000000e+00 1.000000e+00
1.000000e+00 5.110000e+02 -3.552714e-14 5.127395e+02 -3.552714e-14 5.110000e+02 5.127395e+02 44 -3.732859e+00 3.941292e-15 -3.811920e+00 0.000000e+00 1.000000e+00
1.000000e+00 5.110000e+02 -1.989520e-13 5.122427e+02 -4.263256e-14 5.110000e+02 5.122427e+02 45 3.548207e+00 8.104628e-15 3.587689e+00 0.000000e+00 1.000000e+00
1.000000e+00 5.110000e+02 -1.492140e-13 5.110409e+02 -7.105427e-15 5.110000e+02 5.110409e+02 46 -3.019567e+00 4.746203e-15 -2.914998e+00 0.000000e+00 1.000000e+00
1.000000e+00 5.110000e+02 -1.492140e-13 5.101263e+02 -2.486900e-14 5.110000e+02 5.101263e+02 47 2.213288e+00 4.884981e-15 2.242306e+00 0.000000e+00 1.000000e+00
1.000000e+00 5.110000e+02 -4.263256e-14 5.108598e+02 7.105427e-15 5.110000e+02 5.108598e+02 48 -1.220020e+00 3.996803e-15 -1.121153e+00 0.000000e+00 1.000000e+00
1.000000e+00 5.110000e+02 -7.105427e-15 5.108110e+02 5.684342e-14 5.110000e+02 5.108110e+02 49 1.449962e-01 5.551115e-15 2.242306e-01 0.000000e+00 1.000000e+00
1.000000e+00 5.110000e+02 -2.842171e-14 5.096077e+02 4.618528e-14 5.110000e+02 5.096077e+02 50 9.027126e-01 4.662937e-15 8.969223e-01 0.000000e+00 1.000000e+00
1.000000e+00 5.110000e+02 -2.131628e-14 5.101830e+02 -1.776357e-14 5.110000e+02 5.101830e+02 51 -1.820905e+00 4.218847e-15 -1.793845e+00 0.000000e+00 1.000000e+00
1.000000e+00 5.110000e+02 -1.101341e-13 5.105889e+02 -6.039613e-14 5.110000e+02 5.105889e+02 52 2.523899e+00 5.440093e-15 2.466536e+00 0.000000e+00 1.000000e+00
1.000000e+00 5.110000e+02 -1.101341e-13 5.118731e+02 -4.618528e-14 5.110000e+02 5.118731e+02 53 -2.950250e+00 7.216450e-16 -2.914998e+00 0.000000e+00 1.000000e+00
1.000000e+00 5.110000e+02 -7.105427e-14 5.116514e+02 -5.684342e-14 5.110000e+02 5.116514e+02 54 3.067843e+00 3.219647e-15 3.139228e+00 0.000000e+00 1.000000e+00
1.000000e+00 5.110000e+02 -2.842171e-14 5.114932e+02 -4.263256e-14 5.110000e+02 5.114932e+02 55 -2.875989e+00 1.845746e-15 -2.914998e+00 0.000000e+00 1.000000e+00
1.000000e+00 5.110000e+02 6.039613e-14 5.134551e+02 4.973799e-14 5.110000e+02 5.134551e+02 56 2.404397e+00 4.607426e-15 2.466536e+00 0.000000e+00 1.000000e+00
1.000000e+00 5.110000e+02 -2.842171e-14 5.118177e+02 0.000000e+00 5.110000e+02 5.118177e+02 57 -1.709245e+00 1.443290e-15 -1.793845e+00 0.000000e+00 1.000000e+00
1.000000e+00 5.110000e+02 3.552714e-14 5.104196e+02 1.065814e-14 5.110000e+02 5.104196e+02 58 8.668090e-01 1.665335e-15 8.969223e-01 0.000000e+00 1.000000e+00
1.000000e+00 5.110000e+02 5.684342e-14 5.088943e+02 -4.263256e-14 5.110000e+02 5.088943e+02 59 3.465234e-02 1.554312e-15 0.000000e+00 0.000000e+00 1.000000e+00
1.000000e+00 5.110000e+02 -4.263256e-14 5.127899e+02 2.842171e-14 5.110000e+02 5.127899e+02 60 -9.039187e-01 1.998401e-15 -8.969223e-01 0.000000e+00 1.000000e+00
1.000000e+00 5.110000e+02 1.421085e-14 5.119463e+02 6.394885e-14 5.110000e+02 5.119463e+02 61 1.655835e+00 3.330669e-15 1.569614e+00 0.000000e+00 1.000000e+00
1.000000e+00 5.110000e+02 9.947598e-14 5.085623e+02 -2.842171e-14 5.110000e+02 5.085623e+02 62 -2.219469e+00 1.554312e-15 -2.242306e+00 0.000000e+00 1.000000e+00
1.000000e+00 5.110000e+02 -3.244007e-14 5.124556e+02 5.495604e-15 5.110000e+02 5.124556e+02 63 2.544637e+00 -6.661338e-16 2.466536e+00 -0.000000e+00 1.000000e+00
1.000000e+00 5.110000e+02 1.274281e-14 5.092903e+02 5.440093e-15 5.110000e+02 5.092903e+02 64 -2.606205e+00 -2.137179e-15 -2.690767e+00 -0.000000e+00 1.000000e+00
1.000000e+00 5.110000e+02 1.503267e-15 5.129919e+02 -3.130829e-14 5.110000e+02 5.129919e+02 65 2.405821e+00 -7.771561e-16 2.466536e+00 -0.000000e+00 1.000000e+00
1.000000e+00 5.110000e+02 -4.627725e-14 5.085265e+02 2.606249e-14 5.110000e+02 5.085265e+02 66 -1.970974e+00 2.220446e-15 -2.018075e+00 0.000000e+00 1.000000e+00
1.000000e+00 5.110000e+02 5.910369e-15 5.129875e+02 1.593170e-14 5.110000e+02 5.129875e+02 67 1.351556e+00 -3.552714e-15 1.345383e+00 -0.000000e+00 1.000000e+00
1.000000e+00 5.110000e+02 -1.937794e-14 5.098945e+02 1.562639e-14 5.110000e+02 5.098945e+02 68 -6.143152e-01 4.440892e-16 -6.726917e-01 0.000000e+00 1.000000e+00
1.000000e+00 5.110000e+02 -5.186483e-14 5.102694e+02 3.247402e-14 5.110000e+02 5.102694e+02 69 -1.641787e-01 2.664535e-15 -2.242306e-01 0.000000e+00 1.000000e+00
1.000000e+00 5.110000e+02 -3.768515e-14 5.110882e+02 -3.730349e-14 5.110000e+02 5.110882e+02 70 9.053542e-01 -3.552714e-15 8.969223e-01 -0.000000e+00 1.000000e+00
1.000000e+00 5.110000e+02 -9.070150e-15 5.113223e+02 -1.332268e-15 5.110000e+02 5.113223e+02 71 -1.536439e+00 0.000000e+00 -1.569614e+00 0.000000e+00 1.000000e+00
1.000000e+00 5.110000e+02 2.842272e-14 5.117701e+02 9.603429e-15 5.110000e+02 5.117701e+02 72 1.997490e+00 5.329071e-15 2.018075e+00 0.000000e+00 1.000000e+00
1.000000e+00 5.110000e+02 2.912421e-15 5.102934e+02 4.329870e-15 5.110000e+02 5.102934e+02 73 -2.246980e+00 -7.105427e-15 -2.242306e+00 -0.000000e+00 1.000000e+00
1.000000e+00 5.110000e+02 3.683903e-14 5.112139e+02 -7.382983e-15 5.110000e+02 5.112139e+02 74 2.265430e+00 -2.664535e-15 2.242306e+00 -0.000000e+00 1.000000e+00
1.000000e+00 5.110000e+02 -5.656483e-15 5.077081e+02 -9.353629e-15 5.110000e+02 5.077081e+02 75 -2.056783e+00 2.664535e-15 -2.018075e+00 0.000000e+00 1.000000e+00
1.000000e+00 5.110000e+02 4.480874e-15 5.115282e+02 -6.167289e-14 5.110000e+02 5.115282e+02 76 1.647432e+00 0.000000e+00 1.569614e+00 0.000000e+00 1.000000e+00
1.000000e+00 5.110000e+02 -2.250415e-14 5.123009e+02 -1.443290e-15 5.110000e+02 5.123009e+02 77 -1.083063e+00 -2.664535e-15 -1.121153e+00 -0.000000e+00 1.000000e+00
1.000000e+00 5.110000e+02 -1.979851e-14 5.094858e+02 4.940492e-15 5.110000e+02 5.094858e+02 78 4.236670e-01 -1.776357e-15 4.484612e-01 -0.000000e+00 1.000000e+00
1.000000e+00 5.110000e+02 2.584633e-14 5.102005e+02 9.658940e-15 5.110000e+02 5.102005e+02 79 2.627355e-01 -4.440892e-16 2.242306e-01 -0.000000e+00 1.000000e+00
1.000000e+00 5.110000e+02 6.227604e-14 5.089029e+02 3.996803e-15 5.110000e+02 5.089029e+02 80 -9.070242e-01 -8.881784e-16 -8.969223e-01 -0.000000e+00 1.000000e+00
1.000000e+00 5.110000e+02 -6.293017e-15 5.116793e+02 -1.698641e-14 5.110000e+02 5.116793e+02 81 1.445855e+00 3.552714e-15 1.345383e+00 0.000000e+00 1.000000e+00
1.000000e+00 5.110000e+02 2.704594e-14 5.085393e+02 1.043610e-14 5.110000e+02 5.085393e+02 82 -1.827808e+00 1.249001e-16 -1.793845e+00 0.000000e+00 1.000000e+00
1.000000e+00 5.110000e+02 1.472126e-14 5.121197e+02 -2.443185e-14 5.110000e+02 5.121197e+02 83 2.018226e+00 2.220446e-15 2.018075e+00 0.000000e+00 1.000000e+00
1.000000e+00 5.110000e+02 -2.842171e-14 5.127865e+02 -7.105427e-14 5.110000e+02 5.127865e+02 84 -2.002281e+00 1.332268e-15 -2.018075e+00 0.000000e+00 1.000000e+00
1.000000e+00 5.110000e+02 -2.842171e-14 5.138575e+02 2.842171e-14 5.110000e+02 5.138575e+02 85 1.786020e+00 -8.881784e-16 1.793845e+00 -0.000000e+00 1.000000e+00
1.000000e+00 5.110000e+02 2.842171e-14 5.099611e+02 -1.421085e-14 5.110000e+02 5.099611e+02 86 -1.395314e+00 3.108624e-15 -1.345383e+00 0.000000e+00 1.000000e+00
1.000000e+00 5.110000e+02 7.105427e-14 5.116723e+02 -9.947598e-14 5.110000e+02 5.116723e+02 87 8.728730e-01 0.000000e+00 8.969223e-01 0.000000e+00 1.000000e+00
1.000000e+00 5.110000e+02 2.842171e-14 5.131737e+02 1.421085e-14 5.110000e+02 5.131737e+02 88 -2.736490e-01 2.220446e-16 -2.242306e-01 0.000000e+00 1.000000e+00
1.000000e+00 5.110000e+02 -2.842171e-14 5.089653e+02 1.421085e-14 5.110000e+02 5.089653e+02 89 -3.408755e-01 6.661338e-16 -4.484612e-01 0.000000e+00 1.000000e+00
1.000000e+00 5.110000e+02 -5.684342e-14 5.109867e+02 -5.684342e-14 5.110000e+02 5.109867e+02 90 9.089351e-01 -2.220446e-16 8.969223e-01 -0.000000e+00 1.000000e+00
1.000000e+00 5.110000e+02 -4.263256e-14 5.106848e+02 1.421085e-14 5.110000e+02 5.106848e+02 91 -1.374630e+00 3.608225e-16 -1.345383e+00 0.000000e+00 1.000000e+00
1.000000e+00 5.110000e+02 1.421085e-14 5.085047e+02 -1.421085e-14 5.110000e+02 5.085047e+02 92 1.693374e+00 9.992007e-16 1.793845e+00 0.000000e+00 1.000000e+00
1.000000e+00 5.110000e+02 2.842171e-14 5.093941e+02 -5.684342e-14 5.110000e+02 5.093941e+02 93 -1.836110e+00 5.551115e-16 -1.793845e+00 0.000000e+00 1.000000e+00
1.000000e+00 5.110000e+02 0.000000e+00 5.130827e+02 -4.263256e-14 5.110000e+02 5.130827e+02 94 1.791906e+00 1.110223e-15 1.793845e+00 0.000000e+00 1.000000e+00
1.000000e+00 5.110000e+02 -7.105427e-14 5.113803e+02 0.000000e+00 5.110000e+02 5.113803e+02 95 -1.568704e+00 1.998401e-15 -1.569614e+00 0.000000e+00 1.000000e+00
1.000000e+00 5.110000e+02 -8.526513e-14 5.100999e+02 -2.842171e-14 5.110000e+02 5.100999e+02 96 1.192170e+00 1.554312e-15 1.121153e+00 0.000000e+00 1.000000e+00
1.000000e+00 5.110000e+02 1.421085e-14 5.098987e+02 -2.842171e-14 5.110000e+02 5.098987e+02 97 -7.028175e-01 1.443290e-15 -6.726917e-01 0.000000e+00 1.000000e+00
1.000000e+00 5.110000e+02 -2.842171e-14 5.104695e+02 1.421085e-14 5.110000e+02 5.104695e+02 98 1.516932e-01 6.661338e-16 2.242306e-01 0.000000e+00 1.000000e+00
1.000000e+00 5.110000e+02 2.842171e-14 5.118513e+02 2.842171e-14 5.110000e+02 5.118513e+02 99 4.048962e-01 2.331468e-15 4.484612e-01 0.000000e+00 1.000000e+00
1.000000e+00 5.110000e+02 1.421085e-14 5.126195e+02 -7.105427e-14 5.110000e+02 5.126195e+02 100 -9.110939e-01 4.718448e-16 -8.969223e-01 0.000000e+00 1.000000e+00
1.000000e+00 5.110000e+02 9.947598e-14 5.116148e+02 -2.842171e-14 5.110000e+02 5.116148e+02 101 1.317056e+00 2.803313e-15 1.345383e+00 0.000000e+00 1.000000e+00
1.000000e+00 5.110000e+02 5.684342e-14 5.080283e+02 4.263256e-14 5.110000e+02 5.080283e+02 102 -1.583818e+00 1.554312e-15 -1.569614e+00 0.000000e+00 1.000000e+00
1.000000e+00 5.110000e+02 1.136868e-13 5.116746e+02 -2.842171e-14 5.110000e+02 5.116746e+02 103 1.687001e+00 3.108624e-15 1.793845e+00 0.000000e+00 1.000000e+00
1.000000e+00 5.110000e+02 8.526513e-14 5.126575e+02 1.421085e-14 5.110000e+02 5.126575e+02 104 -1.618997e+00 1.221245e-15 -1.569614e+00 0.000000e+00 1.000000e+00
1.000000e+00 5.110000e+02 2.842171e-14 5.111843e+02 -5.684342e-14 5.110000e+02 5.111843e+02 105 1.389448e+00 2.886580e-15 1.345383e+00 0.000000e+00 1.000000e+00
1.000000e+00 5.110000e+02 7.105427e-14 5.100208e+02 0.000000e+00 5.110000e+02 5.100208e+02 106 -1.024006e+00 8.881784e-16 -1.121153e+00 0.000000e+00 1.000000e+00
1.000000e+00 5.110000e+02 9.947598e-14 5.102690e+02 -1.421085e-14 5.110000e+02 5.102690e+02 107 5.615041e-01 7.771561e-16 6.726917e-01 0.000000e+00 1.000000e+00
1.000000e+00 5.110000e+02 1.705303e-13 5.094605e+02 5.684342e-14 5.110000e+02 5.094605e+02 108 -4.987366e-02 2.831069e-15 -0.000000e+00 0.000000e+00 1.000000e+00
1.000000e+00 5.110000e+02 8.526513e-14 5.112845e+02 4.263256e-14 5.110000e+02 5.112845e+02 109 -4.587926e-01 1.221245e-15 -4.484612e-01 0.000000e+00 1.000000e+00
1.000000e+00 5.110000e+02 1.705303e-13 5.117669e+02 7.105427e-14 5.110000e+02 5.117669e+02 110 9.135092e-01 2.359224e-15 8.969223e-01 0.000000e+00 1.000000e+00
1.000000e+00 5.110000e+02 8.526513e-14 5.098909e+02 2.842171e-14 5.110000e+02 5.098909e+02 111 -1.269477e+00 1.720846e-15 -1.345383e+00 0.000000e+00 1.000000e+00
1.000000e+00 5.110000e+02 2.842171e-14 5.094334e+02 0.000000e+00 5.110000e+02 5.094334e+02 112 1.492467e+00 1.110223e-15 1.569614e+00 0.000000e+00 1.000000e+00
1.000000e+00 5.110000e+02 2.842171e-14 5.114306e+02 2.842171e-14 5.110000e+02 5.114306e+02 113 -1.562084e+00 2.220446e-16 -1.569614e+00 0.000000e+00 1.000000e+00
1.000000e+00 5.110000e+02 1.278977e-13 5.102114e+02 -2.842171e-14 5.110000e+02 5.102114e+02 114 1.473601e+00 3.330669e-15 1.569614e+00 0.000000e+00 1.000000e+00
1.000000e+00 5.110000e+02 5.684342e-14 5.109323e+02 0.000000e+00 5.110000e+02 5.109323e+02 115 -1.238203e+00 2.886580e-15 -1.345383e+00 0.000000e+00 1.000000e+00
1.000000e+00 5.110000e+02 7.105427e-14 5.075218e+02 -2.842171e-14 5.110000e+02 5.075218e+02 116 8.816352e-01 3.330669e-15 8.969223e-01 0.000000e+00 1.000000e+00
1.000000e+00 5.110000e+02 8.526513e-14 5.127934e+02 0.000000e+00 5.110000e+02 5.127934e+02 117 -4.414205e-01 9.992007e-16 -4.484612e-01 0.000000e+00 1.000000e+00
1.000000e+00 5.110000e+02 5.684342e-14 5.112498e+02 0.000000e+00 5.110000e+02 5.112498e+02 118 -3.706121e-02 3.497203e-15 -0.000000e+00 0.000000e+00 1.000000e+00
1.000000e+00 5.110000e+02 1.421085e-13 5.103210e+02 4.263256e-14 5.110000e+02 5.103210e+02 119 5.052255e-01 2.248202e-15 4.484612e-01 0.000000e+00 1.000000e+00
1.000000e+00 5.110000e+02 7.105427e-14 5.104306e+02 -1.421085e-14 5.110000e+02 5.104306e+02 120 -9.161904e-01 1.998401e-15 -8.969223e-01 0.000000e+00 1.000000e+00
1.000000e+00 5.110000e+02 -1.421085e-14 5.098026e+02 -1.421085e-14 5.110000e+02 5.098026e+02 121 1.229447e+00 1.665335e-15 1.121153e+00 0.000000e+00 1.000000e+00
1.000000e+00 5.110000e+02 -1.421085e-14 5.127054e+02 -1.421085e-14 5.110000e+02 5.127054e+02 122 -1.414830e+00 1.998401e-15 -1.345383e+00 0.000000e+00 1.000000e+00
1.000000e+00 5.110000e+02 5.684342e-14 5.111775e+02 2.842171e-14 5.110000e+02 5.111775e+02 123 1.455399e+00 3.108624e-15 1.345383e+00 0.000000e+00 1.000000e+00
1.000000e+00 5.110000e+02 1.421085e-14 5.121266e+02 2.842171e-14 5.110000e+02 5.121266e+02 124 -1.348966e+00 1.776357e-15 -1.345383e+00 0.000000e+00 1.000000e+00
1.000000e+00 5.110000e+02 5.684342e-14 5.125277e+02 -1.421085e-14 5.110000e+02 5.125277e+02 125 1.108119e+00 2.664535e-15 1.121153e+00 0.000000e+00 1.000000e+00
1.000000e+00 5.110000e+02 -1.421085e-14 5.095776e+02 0.000000e+00 5.110000e+02 5.095776e+02 126 -7.587729e-01 1.110223e-15 -6.726917e-01 0.000000e+00 1.000000e+00
1.000000e+00 5.110000e+02 1.421085e-14 5.100432e+02 -4.263256e-14 5.110000e+02 5.100432e+02 127 3.374047e-01 1.443290e-15 4.484612e-01 0.000000e+00 1.000000e+00
1.000000e+00 5.110000e+02 1.421085e-14 5.125398e+02 -2.842171e-14 5.110000e+02 5.125398e+02 128 1.127349e-01 2.123302e-15 2.242306e-01 0.000000e+00 1.000000e+00
1.000000e+00 5.110000e+02 -1.136868e-13 5.096832e+02 0.000000e+00 5.110000e+02 5.096832e+02 129 -5.460397e-01 2.331468e-15 -4.484612e-01 0.000000e+00 1.000000e+00
1.000000e+00 5.110000e+02 2.842171e-14 5.134509e+02 -1.421085e-14 5.110000e+02 5.134509e+02 130 9.191486e-01 8.881784e-16 8.969223e-01 0.000000e+00 1.000000e+00
1.000000e+00 5.110000e+02 1.421085e-14 5.097119e+02 -2.842171e-14 5.110000e+02 5.097119e+02 131 -1.195265e+00 1.110223e-15 -1.121153e+00 0.000000e+00 1.000000e+00
1.000000e+00 5.110000e+02 0.000000e+00 5.119264e+02 -5.684342e-14 5.110000e+02 5.119264e+02 132 1.347770e+00 1.554312e-15 1.345383e+00 0.000000e+00 1.000000e+00
1.000000e+00 5.110000e+02 2.842171e-14 5.123396e+02 -7.105427e-14 5.110000e+02 5.123396e+02 133 -1.362768e+00 2.220446e-16 -1.345383e+00 0.000000e+00 1.000000e+00
1.000000e+00 5.110000e+02 7.105427e-14 5.103119e+02 -2.842171e-14 5.110000e+02 5.103119e+02 134 1.240338e+00 4.440892e-16 1.345383e+00 0.000000e+00 1.000000e+00
1.000000e+00 5.110000e+02 7.105427e-14 5.122484e+02 -2.842171e-14 5.110000e+02 5.122484e+02 135 -9.943582e-01 2.220446e-16 -8.969223e-01 0.000000e+00 1.000000e+00
1.000000e+00 5.110000e+02 3.945571e-14 5.105561e+02 -9.159340e-16 5.110000e+02 5.105561e+02 136 6.509645e-01 5.551115e-16 6.726917e-01 0.000000e+00 1.000000e+00
1.000000e+00 5.110000e+02 7.089413e-14 5.108977e+02 -3.030909e-14 5.110000e+02 5.108977e+02 137 -2.457857e-01 5.967449e-16 -2.242306e-01 0.000000e+00 1.000000e+00
1.000000e+00 5.110000e+02 1.094725e-13 5.098711e+02 1.232348e-14 5.110000e+02 5.098711e+02 138 -1.797341e-01 -4.440892e-16 -2.242306e-01 -0.000000e+00 1.000000e+00
1.000000e+00 5.110000e+02 1.283777e-13 5.090849e+02 2.359224e-14 5.110000e+02 5.090849e+02 139 5.825588e-01 2.220446e-15 6.726917e-01 0.000000e+00 1.000000e+00
1.000000e+00 5.110000e+02 7.743655e-14 5.122711e+02 1.199041e-14 5.110000e+02 5.122711e+02 140 -9.223961e-01 -2.220446e-15 -8.969223e-01 -0.000000e+00 1.000000e+00
1.000000e+00 5.110000e+02 1.664065e-14 5.078449e+02 2.342571e-14 5.110000e+02 5.078449e+02 141 1.165713e+00 0.000000e+00 1.121153e+00 0.000000e+00 1.000000e+00
1.000000e+00 5.110000e+02 6.339711e-14 5.103068e+02 4.551914e-14 5.110000e+02 5.103068e+02 142 -1.289029e+00 8.881784e-16 -1.345383e+00 0.000000e+00 1.000000e+00
1.000000e+00 5.110000e+02 8.773171e-14 5.113347e+02 -4.107825e-15 5.110000e+02 5.113347e+02 143 1.281172e+00 -2.664535e-15 1.345383e+00 -0.000000e+00 1.000000e+00
1.000000e+00 5.110000e+02 1.535381e-14 5.104319e+02 -1.432188e-14 5.110000e+02 5.104319e+02 144 -1.144269e+00 -5.329071e-15 -1.121153e+00 -0.000000e+00 1.000000e+00
1.000000e+00 5.110000e+02 6.613975e-14 5.085293e+02 1.026956e-14 5.110000e+02 5.085293e+02 145 8.934011e-01 -1.776357e-15 8.969223e-01 -0.000000e+00 1.000000e+00
1.000000e+00 5.110000e+02 7.406216e-14 5.106728e+02 -6.522560e-15 5.110000e+02 5.106728e+02 146 -5.549581e-01 0.000000e+00 -4.484612e-01 0.000000e+00 1.000000e+00
1.000000e+00 5.110000e+02 1.413874e-13 5.106861e+02 1.559863e-14 5.110000e+02 5.106861e+02 147 1.638748e-01 0.000000e+00 2.242306e-01 0.000000e+00 1.000000e+00
1.000000e+00 5.110000e+02 3.621175e-14 5.091011e+02 8.326673e-15 5.110000e+02 5.091011e+02 148 2.399606e-01 4.440892e-15 2.242306e-01 0.000000e+00 1.000000e+00
1.000000e+00 5.110000e+02 1.141618e-13 5.106484e+02 1.443290e-14 5.110000e+02 5.106484e+02 149 -6.157611e-01 5.329071e-15 -6.726917e-01 0.000000e+00 1.000000e+00
1.000000e+00 5.110000e+02 5.891085e-14 5.094348e+02 1.332268e-14 5.110000e+02 5.094348e+02 150 9.259471e-01 2.664535e-15 8.969223e-01 0.000000e+00 1.000000e+00
1.000000e+00 5.110000e+02 5.872245e-14 5.101188e+02 5.238865e-15 5.110000e+02 5.101188e+02 151 -1.139892e+00 -4.440892e-15 -1.121153e+00 -0.000000e+00 1.000000e+00
1.000000e+00 5.110000e+02 5.759024e-14 5.098802e+02 1.063039e-14 5.110000e+02 5.098802e+02 152 1.236936e+00 4.440892e-16 1.345383e+00 0.000000e+00 1.000000e+00
1.000000e+00 5.110000e+02 1.409466e-14 5.111754e+02 5.073719e-14 5.110000e+02 5.111754e+02 153 -1.208367e+00 -8.881784e-16 -1.121153e+00 -0.000000e+00 1.000000e+00
1.000000e+00 5.110000e+02 1.094110e-13 5.103189e+02 -8.937295e-15 5.110000e+02 5.103189e+02 154 1.058192e+00 1.110223e-15 1.121153e+00 0.000000e+00 1.000000e+00
1.000000e+00 5.110000e+02 8.719455e-14 5.110412e+02 -2.342571e-14 5.110000e+02 5.110412e+02 155 -8.026183e-01 2.220446e-16 -8.969223e-01 0.000000e+00 1.000000e+00
1.000000e+00 5.110000e+02 1.293144e-13 5.123633e+02 -3.608225e-15 5.110000e+02 5.123633e+02 156 4.683170e-01 2.220446e-16 4.484612e-01 0.000000e+00 1.000000e+00
1.000000e+00 5.110000e+02 1.278977e-13 5.129389e+02 2.842171e-14 5.110000e+02 5.129389e+02 157 -8.965011e-02 6.661338e-16 -0.000000e+00 0.000000e+00 1.000000e+00
1.000000e+00 5.110000e+02 7.815970e-14 5.117274e+02 0.000000e+00 5.110000e+02 5.117274e+02 158 -2.948499e-01 6.661338e-16 -2.242306e-01 0.000000e+00 1.000000e+00
1.000000e+00 5.110000e+02 7.105427e-14 5.115610e+02 -1.278977e-13 5.110000e+02 5.115610e+02 159 6.463896e-01 1.998401e-15 6.726917e-01 0.000000e+00 1.000000e+00
1.000000e+00 5.110000e+02 7.105427e-15 5.099915e+02 -1.421085e-13 5.110000e+02 5.099915e+02 160 -9.298177e-01 -2.220446e-16 -8.969223e-01 -0.000000e+00 1.000000e+00
1.000000e+00 5.110000e+02 1.278977e-13 5.111964e+02 3.552714e-14 5.110000e+02 5.111964e+02 161 1.117130e+00 -4.440892e-16 1.121153e+00 -0.000000e+00 1.000000e+00
1.000000e+00 5.110000e+02 -2.131628e-14 5.110003e+02 -7.105427e-15 5.110000e+02 5.110003e+02 162 -1.190226e+00 -8.881784e-16 -1.121153e+00 -0.000000e+00 1.000000e+00
1.000000e+00 5.110000e+02 7.815970e-14 5.112375e+02 -2.842171e-14 5.110000e+02 5.112375e+02 163 1.142650e+00 6.661338e-16 1.121153e+00 0.000000e+00 1.000000e+00
1.000000e+00 5.110000e+02 2.131628e-14 5.106682e+02 -7.815970e-14 5.110000e+02 5.106682e+02 164 -9.801497e-01 -7.771561e-16 -8.969223e-01 -0.000000e+00 1.000000e+00
1.000000e+00 5.110000e+02 1.350031e-13 5.105676e+02 -5.684342e-14 5.110000e+02 5.105676e+02 165 7.199986e-01 1.387779e-15 6.726917e-01 0.000000e+00 1.000000e+00
1.000000e+00 5.110000e+02 1.136868e-13 5.094053e+02 -4.263256e-14 5.110000e+02 5.094053e+02 166 -3.891714e-01 1.110223e-15 -4.484612e-01 0.000000e+00 1.000000e+00
1.000000e+00 5.110000e+02 4.263256e-14 5.116147e+02 -8.526513e-14 5.110000e+02 5.116147e+02 167 2.155539e-02 2.220446e-16 0.000000e+00 0.000000e+00 1.000000e+00
1.000000e+00 5.110000e+02 2.131628e-14 5.119915e+02 -1.421085e-14 5.110000e+02 5.119915e+02 168 3.455115e-01 6.661338e-16 4.484612e-01 0.000000e+00 1.000000e+00
1.000000e+00 5.110000e+02 1.421085e-14 5.091213e+02 -2.131628e-14 5.110000e+02 5.091213e+02 169 -6.750230e-01 2.220446e-16 -6.726917e-01 0.000000e+00 1.000000e+00
1.000000e+00 5.110000e+02 9.947598e-14 5.100580e+02 -5.684342e-14 5.110000e+02 5.100580e+02 170 9.340260e-01 1.443290e-15 8.969223e-01 0.000000e+00 1.000000e+00
1.000000e+00 5.110000e+02 7.105427e-15 5.120374e+02 -4.973799e-14 5.110000e+02 5.120374e+02 171 -1.096908e+00 -9.992007e-16 -1.121153e+00 -0.000000e+00 1.000000e+00
1.000000e+00 5.110000e+02 7.815970e-14 5.100562e+02 -4.973799e-14 5.110000e+02 5.100562e+02 172 1.147921e+00 0.000000e+00 1.121153e+00 0.000000e+00 1.000000e+00
1.000000e+00 5.110000e+02 0.000000e+00 5.125965e+02 7.105427e-15 5.110000e+02 5.125965e+02 173 -1.082699e+00 -1.665335e-16 -1.121153e+00 -0.000000e+00 1.000000e+00
1.000000e+00 5.110000e+02 2.842171e-14 5.087040e+02 7.105427e-15 5.110000e+02 5.087040e+02 174 9.086175e-01 1.249001e-15 8.969223e-01 0.000000e+00 1.000000e+00
1.000000e+00 5.110000e+02 4.263256e-14 5.115591e+02 2.842171e-14 5.110000e+02 5.115591e+02 175 -6.439703e-01 8.326673e-16 -6.726917e-01 0.000000e+00 1.000000e+00
1.000000e+00 5.110000e+02 -4.263256e-14 5.111415e+02 -4.263256e-14 5.110000e+02 5.111415e+02 176 3.160553e-01 1.443290e-15 2.242306e-01 0.000000e+00 1.000000e+00
1.000000e+00 5.110000e+02 7.105427e-15 5.101331e+02 -3.552714e-14 5.110000e+02 5.101331e+02 177 4.163448e-02 5.551115e-16 0.000000e+00 0.000000e+00 1.000000e+00
1.000000e+00 5.110000e+02 3.552714e-14 5.110116e+02 3.552714e-14 5.110000e+02 5.110116e+02 178 -3.928233e-01 9.992007e-16 -4.484612e-01 0.000000e+00 1.000000e+00
1.000000e+00 5.110000e+02 2.842171e-14 5.130848e+02 2.842171e-14 5.110000e+02 5.130848e+02 179 7.021234e-01 6.661338e-16 6.726917e-01 0.000000e+00 1.000000e+00
1.000000e+00 5.110000e+02 3.552714e-14 5.109448e+02 6.394885e-14 5.110000e+02 5.109448e+02 180 -9.385926e-01 9.992007e-16 -8.969223e-01 0.000000e+00 1.000000e+00
1.000000e+00 5.110000e+02 -7.815970e-14 5.125708e+02 6.394885e-14 5.110000e+02 5.125708e+02 181 1.078823e+00 2.553513e-15 1.121153e+00 0.000000e+00 1.000000e+00
1.000000e+00 5.110000e+02 -9.237056e-14 5.104731e+02 -7.105427e-15 5.110000e+02 5.104731e+02 182 -1.109252e+00 8.049117e-16 -1.121153e+00 0.000000e+00 1.000000e+00
1.000000e+00 5.110000e+02 -1.350031e-13 5.126192e+02 -4.263256e-14 5.110000e+02 5.126192e+02 183 1.027467e+00 1.582068e-15 1.121153e+00 0.000000e+00 1.000000e+00
1.000000e+00 5.110000e+02 -3.552714e-14 5.103318e+02 4.263256e-14 5.110000e+02 5.103318e+02 184 -8.423832e-01 1.609823e-15 -8.969223e-01 0.000000e+00 1.000000e+00
1.000000e+00 5.110000e+02 -1.207923e-13 5.092654e+02 0.000000e+00 5.110000e+02 5.092654e+02 185 5.732796e-01 1.443290e-15 6.726917e-01 0.000000e+00 1.000000e+00
1.000000e+00 5.110000e+02 -1.421085e-14 5.114199e+02 -3.552714e-14 5.110000e+02 5.114199e+02 186 -2.477945e-01 2.220446e-16 -2.242306e-01 0.000000e+00 1.000000e+00
1.000000e+00 5.110000e+02 -1.136868e-13 5.089912e+02 2.131628e-14 5.110000e+02 5.089912e+02 187 -1.009047e-01 1.554312e-15 -0.000000e+00 0.000000e+00 1.000000e+00
1.000000e+00 5.110000e+02 -4.263256e-14 5.120621e+02 7.105427e-15 5.110000e+02 5.120621e+02 188 4.374952e-01 1.665335e-15 4.484612e-01 0.000000e+00 1.000000e+00
1.000000e+00 5.110000e+02 4.973799e-14 5.103623e+02 -2.842171e-14 5.110000e+02 5.103623e+02 189 -7.280686e-01 1.665335e-15 -6.726917e-01 0.000000e+00 1.000000e+00
1.000000e+00 5.110000e+02 7.105427e-15 5.121113e+02 -2.131628e-14 5.110000e+02 5.121113e+02 190 9.435410e-01 2.220446e-16 8.969223e-01 0.000000e+00 1.000000e+00
1.000000e+00 5.110000e+02 6.394885e-14 5.121834e+02 -4.263256e-14 5.110000e+02 5.121834e+02 191 -1.062557e+00 2.109424e-15 -1.121153e+00 0.000000e+00 1.000000e+00
1.000000e+00 5.110000e+02 2.842171e-14 5.120036e+02 2.842171e-14 5.110000e+02 5.120036e+02 192 1.073601e+00 2.081668e-16 1.121153e+00 0.000000e+00 1.000000e+00
1.000000e+00 5.110000e+02 -4.973799e-14 5.115539e+02 -7.105427e-14 5.110000e+02 5.115539e+02 193 -9.761081e-01 2.775558e-16 -8.969223e-01 0.000000e+00 1.000000e+00
1.000000e+00 5.110000e+02 -1.421085e-14 5.102176e+02 -2.842171e-14 5.110000e+02 5.102176e+02 194 7.804644e-01 1.554312e-15 6.726917e-01 0.000000e+00 1.000000e+00
1.000000e+00 5.110000e+02 1.207923e-13 5.088510e+02 -4.973799e-14 5.110000e+02 5.088510e+02 195 -5.069057e-01 1.110223e-15 -4.484612e-01 0.000000e+00 1.000000e+00
1.000000e+00 5.110000e+02 5.684342e-14 5.122735e+02 4.263256e-14 5.110000e+02 5.122735e+02 196 1.834293e-01 2.220446e-15 2.242306e-01 0.000000e+00 1.000000e+00
1.000000e+00 5.110000e+02 0.000000e+00 5.102644e+02 4.973799e-14 5.110000e+02 5.102644e+02 197 1.570647e-01 1.332268e-15 2.242306e-01 0.000000e+00 1.000000e+00
1.000000e+00 5.110000e+02 -2.842171e-14 5.127232e+02 0.000000e+00 5.110000e+02 5.127232e+02 198 -4.801143e-01 1.665335e-15 -4.484612e-01 0.000000e+00 1.000000e+00
1.000000e+00 5.110000e+02 -7.105427e-15 5.122486e+02 -4.263256e-14 5.110000e+02 5.122486e+02 199 7.531759e-01 4.996004e-16 6.726917e-01 0.000000e+00 1.000000e+00
1.000000e+00 5.110000e+02 -1.278977e-13 5.111850e+02 -2.842171e-14 5.110000e+02 5.111850e+02 200 -9.488976e-01 8.326673e-16 -8.969223e-01 0.000000e+00 1.000000e+00
1.000000e+00 5.110000e+02 7.105427e-15 5.121022e+02 -5.684342e-14 5.110000e+02 5.121022e+02 201 1.047853e+00 1.720846e-15 1.121153e+00 0.000000e+00 1.000000e+00
1.000000e+00 5.110000e+02 7.105427e-14 5.122974e+02 -2.842171e-14 5.110000e+02 5.122974e+02 202 -1.040464e+00 2.220446e-16 -1.121153e+00 0.000000e+00 1.000000e+00
1.000000e+00 5.110000e+02 -3.552714e-14 5.126240e+02 -4.263256e-14 5.110000e+02 5.126240e+02 203 9.279290e-01 -4.440892e-16 8.969223e-01 -0.000000e+00 1.000000e+00
1.000000e+00 5.110000e+02 -4.263256e-14 5.111506e+02 2.842171e-14 5.110000e+02 5.111506e+02 204 -7.220492e-01 3.330669e-16 -6.726917e-01 0.000000e+00 1.000000e+00
1.000000e+00 5.110000e+02 -1.421085e-13 5.146445e+02 -1.350031e-13 5.110000e+02 5.146445e+02 205 4.440007e-01 1.776357e-15 4.484612e-01 0.000000e+00 1.000000e+00
1.000000e+00 5.110000e+02 -7.815970e-14 5.102670e+02 -4.263256e-14 5.110000e+02 5.102670e+02 206 -1.221584e-01 0.000000e+00 -2.242306e-01 0.000000e+00 1.000000e+00
1.000000e+00 5.110000e+02 -1.278977e-13 5.107302e+02 5.684342e-14 5.110000e+02 5.107302e+02 207 -2.107942e-01 6.661338e-16 -2.242306e-01 0.000000e+00 1.000000e+00
1.000000e+00 5.110000e+02 -7.815970e-14 5.075975e+02 -2.131628e-14 5.110000e+02 5.075975e+02 208 5.211778e-01 2.220446e-16 4.484612e-01 0.000000e+00 1.000000e+00
1.000000e+00 5.110000e+02 -9.252198e-14 5.107713e+02 -3.208545e-14 5.110000e+02 5.107713e+02 209 -7.777183e-01 1.665335e-15 -6.726917e-01 0.000000e+00 1.000000e+00
1.000000e+00 5.110000e+02 -2.422344e-14 5.129681e+02 9.925394e-14 5.110000e+02 5.129681e+02 210 9.546927e-01 1.068590e-15 8.969223e-01 0.000000e+00 1.000000e+00
1.000000e+00 5.110000e+02 -3.954441e-14 5.102627e+02 -1.623701e-14 5.110000e+02 5.102627e+02 211 -1.034503e+00 1.554312e-15 -1.121153e+00 0.000000e+00 1.000000e+00
1.000000e+00 5.110000e+02 -2.562642e-14 5.114057e+02 -3.413936e-14 5.110000e+02 5.114057e+02 212 1.009425e+00 8.881784e-16 1.121153e+00 0.000000e+00 1.000000e+00
1.000000e+00 5.110000e+02 -1.173663e-13 5.104976e+02 -6.339373e-14 5.110000e+02 5.104976e+02 213 -8.823475e-01 2.220446e-15 -8.969223e-01 0.000000e+00 1.000000e+00
1.000000e+00 5.110000e+02 -1.149576e-13 5.104734e+02 -2.503553e-14 5.110000e+02 5.104734e+02 214 6.664526e-01 2.220446e-15 6.726917e-01 0.000000e+00 1.000000e+00
1.000000e+00 5.110000e+02 -2.729999e-14 5.116780e+02 -3.630429e-14 5.110000e+02 5.116780e+02 215 -3.838456e-01 8.881784e-16 -4.484612e-01 0.000000e+00 1.000000e+00
1.000000e+00 5.110000e+02 -7.289424e-14 5.091863e+02 -5.828671e-15 5.110000e+02 5.091863e+02 216 6.329786e-02 -8.881784e-16 0.000000e+00 -0.000000e+00 1.000000e+00
1.000000e+00 5.110000e+02 -4.200537e-14 5.106521e+02 -3.586020e-14 5.110000e+02 5.106521e+02 217 2.626772e-01 4.440892e-16 2.242306e-01 0.000000e+00 1.000000e+00
1.000000e+00 5.110000e+02 -7.233863e-14 5.122290e+02 1.099121e-14 5.110000e+02 5.122290e+02 218 -5.611171e-01 1.332268e-15 -6.726917e-01 0.000000e+00 1.000000e+00
1.000000e+00 5.110000e+02 2.214131e-14 5.109771e+02 -7.077672e-15 5.110000e+02 5.109771e+02 219 8.019377e-01 0.000000e+00 8.969223e-01 0.000000e+00 1.000000e+00
1.000000e+00 5.110000e+02 -8.138200e-14 5.125010e+02 2.015055e-14 5.110000e+02 5.125010e+02 220 -9.609611e-01 2.220446e-15 -8.969223e-01 0.000000e+00 1.000000e+00
1.000000e+00 5.110000e+02 -7.921636e-14 5.101330e+02 -7.971401e-14 5.110000e+02 5.101330e+02 221 1.022339e+00 4.440892e-15 1.121153e+00 0.000000e+00 1.000000e+00
1.000000e+00 5.110000e+02 -1.662961e-14 5.122295e+02 -7.183143e-14 5.110000e+02 5.122295e+02 222 -9.801282e-01 -3.552714e-15 -8.969223e-01 -0.000000e+00 1.000000e+00
1.000000e+00 5.110000e+02 -1.081044e-13 5.079674e+02 -4.246603e-15 5.110000e+02 5.079674e+02 223 8.388666e-01 2.220446e-15 8.969223e-01 0.000000e+00 1.000000e+00
1.000000e+00 5.110000e+02 -3.593628e-14 5.112480e+02 1.817990e-14 5.110000e+02 5.112480e+02 224 -6.130848e-01 -1.110223e-15 -6.726917e-01 -0.000000e+00 1.000000e+00
1.000000e+00 5.110000e+02 1.058268e-13 5.092262e+02 5.684342e-14 5.110000e+02 5.092262e+02 225 3.258162e-01 0.000000e+00 2.242306e-01 0.000000e+00 1.000000e+00
1.000000e+00 5.110000e+02 -2.741438e-14 5.102429e+02 5.623280e-14 5.110000e+02 5.102429e+02 226 -6.250408e-03 -1.110223e-15 -0.000000e+00 -0.000000e+00 1.000000e+00
1.000000e+00 5.110000e+02 8.112857e-14 5.106966e+02 -3.513856e-14 5.110000e+02 5.106966e+02 227 -3.132281e-01 -1.276756e-15 -2.242306e-01 -0.000000e+00 1.000000e+00
1.000000e+00 5.110000e+02 -4.315602e-14 5.112363e+02 6.084022e-14 5.110000e+02 5.112363e+02 228 6.003165e-01 -2.636780e-16 6.726917e-01 -0.000000e+00 1.000000e+00
1.000000e+00 5.110000e+02 -3.764651e-15 5.121469e+02 -2.658984e-14 5.110000e+02 5.121469e+02 229 -8.260547e-01 -1.609823e-15 -8.969223e-01 -0.000000e+00 1.000000e+00
0.000000e+00 -2.557954e-13 -5.900835e-14 1.413699e+00 7.882583e-14 2.625134e-13 1.413699e+00 230 9.677423e-01 -6.661338e-16 8.969223e-01 -0.000000e+00 0.000000e+00
0.000000e+00 -2.842171e-14 -3.907985e-14 3.419289e-02 1.083578e-13 4.832213e-14 3.419289e-02 231 -1.011218e+00 3.330669e-16 -1.121153e+00 0.000000e+00 0.000000e+00
0.000000e+00 3.552714e-13 -5.151435e-14 4.708371e-01 2.486900e-14 3.589867e-13 4.708371e-01 232 9.522717e-01 1.110223e-15 8.969223e-01 0.000000e+00 0.000000e+00
0.000000e+00 5.115908e-13 -1.953993e-13 -7.569913e-01 -2.486900e-14 5.476367e-13 7.569913e-01 233 -7.970521e-01 9.436896e-16 -8.969223e-01 0.000000e+00 0.000000e+00
0.000000e+00 -1.421085e-14 -6.483702e-14 1.215246e+00 2.864375e-14 6.637611e-14 1.215246e+00 234 5.614257e-01 -6.661338e-16 6.726917e-01 -0.000000e+00 0.000000e+00
0.000000e+00 1.563194e-13 -1.509903e-14 -7.388443e-01 1.740830e-13 1.570469e-13 7.388443e-01 235 -2.693584e-01 -1.720846e-15 -2.242306e-01 -0.000000e+00 0.000000e+00
0.000000e+00 8.526513e-14 1.545430e-13 -5.396932e-01 1.652012e-13 1.765041e-13 5.396932e-01 236 -4.951905e-02 -1.082467e-15 -0.000000e+00 -0.000000e+00 0.000000e+00
0.000000e+00 -1.563194e-13 6.572520e-14 3.674138e-01 6.750156e-14 1.695746e-13 3.674138e-01 237 3.629119e-01 -3.122502e-17 4.484612e-01 -0.000000e+00 0.000000e+00
0.000000e+00 0.000000e+00 -7.283063e-14 3.359042e+00 -2.131628e-14 7.283063e-14 3.359042e+00 238 -6.391278e-01 -2.081668e-16 -6.726917e-01 -0.000000e+00 0.000000e+00
0.000000e+00 5.684342e-14 1.243450e-13 -9.758911e-02 1.794120e-13 1.367218e-13 9.758911e-02 239 8.502765e-01 1.942890e-15 8.969223e-01 0.000000e+00 0.000000e+00
0.000000e+00 8.526513e-14 -2.593481e-13 -7.366753e-01 -8.881784e-15 2.730047e-13 7.366753e-01 240 -9.750821e-01 -1.387779e-16 -8.969223e-01 -0.000000e+00 0.000000e+00
0.000000e+00 -1.989520e-13 3.730349e-14 -2.586296e+00 1.580958e-13 2.024190e-13 2.586296e+00 241 1.001023e+00 2.220446e-16 8.969223e-01 0.000000e+00 0.000000e+00
0.000000e+00 9.947598e-14 -5.151435e-14 8.084733e-01 6.572520e-14 1.120232e-13 8.084733e-01 242 -9.255884e-01 -1.665335e-16 -8.969223e-01 -0.000000e+00 0.000000e+00
0.000000e+00 -2.842171e-14 -3.375078e-14 3.069333e+00 3.019807e-14 4.412379e-14 3.069333e+00 243 7.565165e-01 5.551115e-16 6.726917e-01 0.000000e+00 0.000000e+00
0.000000e+00 1.421085e-13 -2.131628e-14 -6.516190e-01 4.618528e-14 1.436984e-13 6.516190e-01 244 -5.110058e-01 -6.106227e-16 -4.484612e-01 -0.000000e+00 0.000000e+00
0.000000e+00 -5.684342e-14 3.375078e-14 -8.784116e-01 9.237056e-14 6.610816e-14 8.784116e-01 245 2.139666e-01 -2.775558e-16 2.242306e-01 -0.000000e+00 0.000000e+00
0.000000e+00 4.263256e-14 1.261213e-13 2.243885e+00 2.184919e-13 1.331320e-13 2.243885e+00 246 1.045028e-01 -3.191891e-16 0.000000e+00 -0.000000e+00 0.000000e+00
0.000000e+00 7.105427e-14 -1.509903e-13 1.672282e+00 -7.105427e-15 1.668736e-13 1.672282e+00 247 -4.121610e-01 -8.465451e-16 -4.484612e-01 -0.000000e+00 0.000000e+00
0.000000e+00 0.000000e+00 8.260059e-14 -8.487046e-01 2.060574e-13 8.260059e-14 8.487046e-01 248 6.778830e-01 9.159340e-16 6.726917e-01 0.000000e+00 0.000000e+00
0.000000e+00 8.526513e-14 1.953993e-14 1.685750e+00 1.749711e-13 8.747543e-14 1.685750e+00 249 -8.748043e-01 -5.551115e-17 -8.969223e-01 -0.000000e+00 0.000000e+00
0.000000e+00 1.136868e-13 1.616485e-13 -1.396099e+00 1.705303e-13 1.976232e-13 1.396099e+00 250 9.830330e-01 1.221245e-15 8.969223e-01 0.000000e+00 0.000000e+00
0.000000e+00 -9.947598e-14 -1.421085e-13 6.102888e-01 -3.330669e-14 1.734656e-13 6.102888e-01 251 -9.916563e-01 6.661338e-16 -8.969223e-01 0.000000e+00 0.000000e+00
0.000000e+00 9.947598e-14 5.195844e-14 -2.644058e-01 1.310063e-13 1.122281e-13 2.644058e-01 252 8.998392e-01 -3.053113e-16 8.969223e-01 -0.000000e+00 0.000000e+00
0.000000e+00 4.973799e-13 7.105427e-15 -2.761757e+00 1.332268e-13 4.974307e-13 2.761757e+00 253 -7.169048e-01 -2.775558e-16 -6.726917e-01 -0.000000e+00 0.000000e+00
0.000000e+00 4.263256e-14 -1.421085e-14 -5.873085e-01 8.171241e-14 4.493867e-14 5.873085e-01 254 4.613895e-01 5.551115e-16 4.484612e-01 0.000000e+00 0.000000e+00
0.000000e+00 -5.684342e-14 4.252154e-14 2.784543e-01 1.181277e-13 7.098772e-14 2.784543e-01 255 -1.591671e-01 1.960238e-16 -2.242306e-01 0.000000e+00 0.000000e+00
0.000000e+00 2.842171e-14 -4.202194e-14 2.784543e-01 7.838175e-14 5.073103e-14 2.784543e-01 256 -1.591671e-01 6.852158e-17 -2.242306e-01 0.000000e+00 0.000000e+00
0.000000e+00 -1.421085e-13 5.018208e-14 -5.873085e-01 7.749357e-14 1.507086e-13 5.873085e-01 257 4.613895e-01 8.812395e-16 4.484612e-01 0.000000e+00 0.000000e+00
0.000000e+00 1.563194e-13 -1.687539e-14 -2.761757e+00 4.884981e-14 1.572277e-13 2.761757e+00 258 -7.169048e-01 1.665335e-16 -6.726917e-01 0.000000e+00 0.000000e+00
0.000000e+00 4.263256e-14 -2.930989e-14 -2.644058e-01 3.064216e-14 5.173592e-14 2.644058e-01 259 8.998392e-01 1.082467e-15 8.969223e-01 0.000000e+00 0.000000e+00
0.000000e+00 1.421085e-14 -1.083578e-13 6.102888e-01 3.153033e-14 1.092857e-13 6.102888e-01 260 -9.916563e-01 2.775558e-17 -8.969223e-01 0.000000e+00 0.000000e+00
0.000000e+00 3.410605e-13 -1.474376e-13 -1.396099e+00 3.730349e-14 3.715644e-13 1.396099e+00 261 9.830330e-01 7.494005e-16 8.969223e-01 0.000000e+00 0.000000e+00
0.000000e+00 -8.526513e-14 -1.172396e-13 1.685750e+00 -2.664535e-15 1.449664e-13 1.685750e+00 262 -8.748043e-01 4.996004e-16 -8.969223e-01 0.000000e+00 0.000000e+00
0.000000e+00 -1.421085e-14 -1.287859e-13 -8.487046e-01 4.085621e-14 1.295675e-13 8.487046e-01 263 6.778830e-01 3.885781e-16 6.726917e-01 0.000000e+00 0.000000e+00
0.000000e+00 1.136868e-13 3.108624e-14 1.672282e+00 1.367795e-13 1.178603e-13 1.672282e+00 264 -4.121610e-01 8.465451e-16 -4.484612e-01 0.000000e+00 0.000000e+00
0.000000e+00 0.000000e+00 -9.592327e-14 2.243885e+00 4.263256e-14 9.592327e-14 2.243885e+00 265 1.045028e-01 3.330669e-16 0.000000e+00 0.000000e+00 0.000000e+00
0.000000e+00 0.000000e+00 -5.861978e-14 -8.784116e-01 6.750156e-14 5.861978e-14 8.784116e-01 266 2.139666e-01 1.249001e-15 2.242306e-01 0.000000e+00 0.000000e+00
0.000000e+00 3.126388e-13 -8.881784e-14 -6.516190e-01 1.545430e-13 3.250102e-13 6.516190e-01 267 -5.110058e-01 4.440892e-16 -4.484612e-01 0.000000e+00 0.000000e+00
0.000000e+00 2.557954e-13 -1.403322e-13 3.069333e+00 4.263256e-14 2.917609e-13 3.069333e+00 268 7.565165e-01 7.771561e-16 6.726917e-01 0.000000e+00 0.000000e+00
0.000000e+00 3.268497e-13 -9.414691e-14 8.084733e-01 9.059420e-14 3.401387e-13 8.084733e-01 269 -9.255884e-01 2.775558e-16 -8.969223e-01 0.000000e+00 0.000000e+00
0.000000e+00 -2.842171e-14 -5.151435e-14 -2.586296e+00 1.243450e-13 5.883470e-14 2.586296e+00 270 1.001023e+00 9.992007e-16 8.969223e-01 0.000000e+00 0.000000e+00
0.000000e+00 -1.136868e-13 -1.136868e-13 -7.366753e-01 3.019807e-14 1.607775e-13 7.366753e-01 271 -9.750821e-01 5.828671e-16 -8.969223e-01 0.000000e+00 0.000000e+00
0.000000e+00 2.842171e-14 -1.296740e-13 -9.758911e-02 3.197442e-14 1.327522e-13 9.758911e-02 272 8.502765e-01 3.885781e-16 8.969223e-01 0.000000e+00 0.000000e+00
0.000000e+00 1.705303e-13 -1.065814e-14 3.359042e+00 3.552714e-14 1.708630e-13 3.359042e+00 273 -6.391278e-01 1.471046e-15 -6.726917e-01 0.000000e+00 0.000000e+00
0.000000e+00 -8.526513e-14 -1.758593e-13 3.674138e-01 8.704149e-14 1.954396e-13 3.674138e-01 274 3.629119e-01 8.777701e-16 4.484612e-01 0.000000e+00 0.000000e+00
0.000000e+00 3.694822e-13 -1.048051e-13 -5.396932e-01 1.314504e-13 3.840589e-13 5.396932e-01 275 -4.951905e-02 6.106227e-16 -0.000000e+00 0.000000e+00 0.000000e+00
0.000000e+00 2.557954e-13 -7.460699e-14 -7.388443e-01 3.375078e-14 2.664535e-13 7.388443e-01 276 -2.693584e-01 1.110223e-16 -2.242306e-01 0.000000e+00 0.000000e+00
0.000000e+00 -1.563194e-13 -8.171241e-14 1.215246e+00 8.681944e-14 1.763879e-13 1.215246e+00 277 5.614257e-01 1.942890e-15 6.726917e-01 0.000000e+00 0.000000e+00
0.000000e+00 4.689582e-13 -6.572520e-14 -7.569913e-01 1.190159e-13 4.735416e-13 7.569913e-01 278 -7.970521e-01 5.551115e-16 -8.969223e-01 0.000000e+00 0.000000e+00
0.000000e+00 -1.136868e-13 -5.684342e-14 4.708371e-01 1.563194e-13 1.271057e-13 4.708371e-01 279 9.522717e-01 1.221245e-15 8.969223e-01 0.000000e+00 0.000000e+00
0.000000e+00 5.684342e-14 4.440892e-15 3.419289e-02 -2.664535e-14 5.701663e-14 3.419289e-02 280 -1.011218e+00 1.110223e-16 -1.121153e+00 0.000000e+00 0.000000e+00
0.000000e+00 -1.421085e-13 -2.928213e-14 1.413699e+00 4.951595e-14 1.450940e-13 1.413699e+00 281 9.677423e-01 1.110223e-15 8.969223e-01 0.000000e+00 0.000000e+00
1.000000e+00 5.110000e+02 -4.303134e-14 5.121469e+02 -2.547962e-14 5.110000e+02 5.121469e+02 282 -8.260547e-01 1.054712e-15 -8.969223e-01 0.000000e+00 1.000000e+00
1.000000e+00 5.110000e+02 -7.186697e-14 5.112363e+02 -3.885781e-14 5.110000e+02 5.112363e+02 283 6.003165e-01 1.124101e-15 6.726917e-01 0.000000e+00 1.000000e+00
1.000000e+00 5.110000e+02 -8.813293e-14 5.106966e+02 -8.743006e-16 5.110000e+02 5.106966e+02 284 -3.132281e-01 2.164935e-15 -2.242306e-01 0.000000e+00 1.000000e+00
1.000000e+00 5.110000e+02 -1.332019e-13 5.102429e+02 1.942890e-14 5.110000e+02 5.102429e+02 285 -6.250408e-03 3.330669e-16 -0.000000e+00 0.000000e+00 1.000000e+00
1.000000e+00 5.110000e+02 -1.258627e-15 5.092262e+02 -1.032507e-14 5.110000e+02 5.092262e+02 286 3.258162e-01 1.554312e-15 2.242306e-01 0.000000e+00 1.000000e+00
1.000000e+00 5.110000e+02 -9.634727e-14 5.112480e+02 -1.368350e-14 5.110000e+02 5.112480e+02 287 -6.130848e-01 -1.110223e-15 -6.726917e-01 -0.000000e+00 1.000000e+00
1.000000e+00 5.110000e+02 -5.500456e-14 5.079674e+02 4.718448e-15 5.110000e+02 5.079674e+02 288 8.388666e-01 1.776357e-15 8.969223e-01 0.000000e+00 1.000000e+00
1.000000e+00 5.110000e+02 -1.486595e-13 5.122295e+02 -6.472600e-14 5.110000e+02 5.122295e+02 289 -9.801282e-01 -8.881784e-16 -8.969223e-01 -0.000000e+00 1.000000e+00
1.000000e+00 5.110000e+02 -1.079974e-13 5.101330e+02 7.771561e-15 5.110000e+02 5.101330e+02 290 1.022339e+00 1.776357e-15 1.121153e+00 0.000000e+00 1.000000e+00
1.000000e+00 5.110000e+02 -2.438298e-14 5.125010e+02 -2.864375e-14 5.110000e+02 5.125010e+02 291 -9.609611e-01 -2.664535e-15 -8.969223e-01 -0.000000e+00 1.000000e+00
1.000000e+00 5.110000e+02 -1.131540e-13 5.109771e+02 7.063794e-15 5.110000e+02 5.109771e+02 292 8.019377e-01 0.000000e+00 8.969223e-01 0.000000e+00 1.000000e+00
1.000000e+00 5.110000e+02 -4.207345e-14 5.122290e+02 -1.459943e-14 5.110000e+02 5.122290e+02 293 -5.611171e-01 -2.664535e-15 -6.726917e-01 -0.000000e+00 1.000000e+00
1.000000e+00 5.110000e+02 -1.390794e-13 5.106521e+02 5.273559e-14 5.110000e+02 5.106521e+02 294 2.626772e-01 -3.552714e-15 2.242306e-01 -0.000000e+00 1.000000e+00
1.000000e+00 5.110000e+02 -1.356597e-13 5.091863e+02 8.229528e-15 5.110000e+02 5.091863e+02 295 6.329786e-02 -4.884981e-15 0.000000e+00 -0.000000e+00 1.000000e+00
1.000000e+00 5.110000e+02 -5.245591e-14 5.116780e+02 1.382228e-14 5.110000e+02 5.116780e+02 296 -3.838456e-01 -2.664535e-15 -4.484612e-01 -0.000000e+00 1.000000e+00
1.000000e+00 5.110000e+02 -9.168285e-14 5.104734e+02 -1.831868e-14 5.110000e+02 5.104734e+02 297 6.664526e-01 0.000000e+00 6.726917e-01 0.000000e+00 1.000000e+00
1.000000e+00 5.110000e+02 -8.438586e-14 5.104976e+02 -2.964295e-14 5.110000e+02 5.104976e+02 298 -8.823475e-01 4.440892e-16 -8.969223e-01 0.000000e+00 1.000000e+00
1.000000e+00 5.110000e+02 -4.864169e-14 5.114057e+02 -1.793010e-14 5.110000e+02 5.114057e+02 299 1.009425e+00 -1.554312e-15 1.121153e+00 -0.000000e+00 1.000000e+00
1.000000e+00 5.110000e+02 -1.146892e-13 5.102627e+02 3.844147e-14 5.110000e+02 5.102627e+02 300 -1.034503e+00 -1.554312e-15 -1.121153e+00 -0.000000e+00 1.000000e+00
1.000000e+00 5.110000e+02 -7.005863e-14 5.129681e+02 -1.196265e-13 5.110000e+02 5.129681e+02 301 9.546927e-01 -5.342948e-16 8.969223e-01 -0.000000e+00 1.000000e+00
1.000000e+00 5.110000e+02 -1.361347e-14 5.107713e+02 3.061440e-14 5.110000e+02 5.107713e+02 302 -7.777183e-01 -1.387779e-15 -6.726917e-01 -0.000000e+00 1.000000e+00
1.000000e+00 5.110000e+02 5.684342e-14 5.075975e+02 7.105427e-14 5.110000e+02 5.075975e+02 303 5.211778e-01 -8.881784e-16 4.484612e-01 -0.000000e+00 1.000000e+00
1.000000e+00 5.110000e+02 -6.394885e-14 5.107302e+02 -7.105427e-14 5.110000e+02 5.107302e+02 304 -2.107942e-01 -2.220446e-15 -2.242306e-01 -0.000000e+00 1.000000e+00
1.000000e+00 5.110000e+02 2.131628e-14 5.102670e+02 4.973799e-14 5.110000e+02 5.102670e+02 305 -1.221584e-01 -1.332268e-15 -2.242306e-01 -0.000000e+00 1.000000e+00
1.000000e+00 5.110000e+02 4.973799e-14 5.146445e+02 1.278977e-13 5.110000e+02 5.146445e+02 306 4.440007e-01 -6.661338e-16 4.484612e-01 -0.000000e+00 1.000000e+00
1.000000e+00 5.110000e+02 -1.207923e-13 5.111506e+02 -4.973799e-14 5.110000e+02 5.111506e+02 307 -7.220492e-01 -1.776357e-15 -6.726917e-01 -0.000000e+00 1.000000e+00
1.000000e+00 5.110000e+02 -9.237056e-14 5.126240e+02 -1.421085e-14 5.110000e+02 5.126240e+02 308 9.279290e-01 -6.661338e-16 8.969223e-01 -0.000000e+00 1.000000e+00
1.000000e+00 5.110000e+02 -4.973799e-14 5.122974e+02 -2.131628e-14 5.110000e+02 5.122974e+02 309 -1.040464e+00 -1.110223e-15 -1.121153e+00 -0.000000e+00 1.000000e+00
1.000000e+00 5.110000e+02 0.000000e+00 5.121022e+02 7.105427e-15 5.110000e+02 5.121022e+02 310 1.047853e+00 -1.026956e-15 1.121153e+00 -0.000000e+00 1.000000e+00
1.000000e+00 5.110000e+02 1.705303e-13 5.111850e+02 7.105427e-14 5.110000e+02 5.111850e+02 311 -9.488976e-01 -8.881784e-16 -8.969223e-01 -0.000000e+00 1.000000e+00
1.000000e+00 5.110000e+02 7.815970e-14 5.122486e+02 1.421085e-14 5.110000e+02 5.122486e+02 312 7.531759e-01 8.881784e-16 6.726917e-01 0.000000e+00 1.000000e+00
1.000000e+00 5.110000e+02 -2.842171e-14 5.127232e+02 -7.105427e-14 5.110000e+02 5.127232e+02 313 -4.801143e-01 -8.881784e-16 -4.484612e-01 -0.000000e+00 1.000000e+00
1.000000e+00 5.110000e+02 -9.947598e-14 5.102644e+02 -2.842171e-14 5.110000e+02 5.102644e+02 314 1.570647e-01 -4.440892e-16 2.242306e-01 -0.000000e+00 1.000000e+00
1.000000e+00 5.110000e+02 -7.105427e-15 5.122735e+02 -4.263256e-14 5.110000e+02 5.122735e+02 315 1.834293e-01 -1.554312e-15 2.242306e-01 -0.000000e+00 1.000000e+00
1.000000e+00 5.110000e+02 2.842171e-14 5.088510e+02 4.263256e-14 5.110000e+02 5.088510e+02 316 -5.069057e-01 -7.771561e-16 -4.484612e-01 -0.000000e+00 1.000000e+00
1.000000e+00 5.110000e+02 9.237056e-14 5.102176e+02 7.105427e-15 5.110000e+02 5.102176e+02 317 7.804644e-01 -2.220446e-16 6.726917e-01 -0.000000e+00 1.000000e+00
1.000000e+00 5.110000e+02 -4.263256e-14 5.115539e+02 2.131628e-14 5.110000e+02 5.115539e+02 318 -9.761081e-01 -7.771561e-16 -8.969223e-01 -0.000000e+00 1.000000e+00
1.000000e+00 5.110000e+02 9.237056e-14 5.120036e+02 -1.421085e-14 5.110000e+02 5.120036e+02 319 1.073601e+00 -5.967449e-16 1.121153e+00 -0.000000e+00 1.000000e+00
1.000000e+00 5.110000e+02 3.552714e-14 5.121834e+02 4.973799e-14 5.110000e+02 5.121834e+02 320 -1.062557e+00 -2.442491e-15 -1.121153e+00 -0.000000e+00 1.000000e+00
1.000000e+00 5.110000e+02 8.526513e-14 5.121113e+02 -5.684342e-14 5.110000e+02 5.121113e+02 321 9.435410e-01 -3.885781e-16 8.969223e-01 -0.000000e+00 1.000000e+00
1.000000e+00 5.110000e+02 -2.131628e-14 5.103623e+02 0.000000e+00 5.110000e+02 5.103623e+02 322 -7.280686e-01 -1.332268e-15 -6.726917e-01 -0.000000e+00 1.000000e+00
1.000000e+00 5.110000e+02 1.421085e-14 5.120621e+02 7.105427e-15 5.110000e+02 5.120621e+02 323 4.374952e-01 0.000000e+00 4.484612e-01 0.000000e+00 1.000000e+00
1.000000e+00 5.110000e+02 1.776357e-13 5.089912e+02 0.000000e+00 5.110000e+02 5.089912e+02 324 -1.009047e-01 -1.110223e-15 -0.000000e+00 -0.000000e+00 1.000000e+00
1.000000e+00 5.110000e+02 4.263256e-14 5.114199e+02 -4.263256e-14 5.110000e+02 5.114199e+02 325 -2.477945e-01 -1.221245e-15 -2.242306e-01 -0.000000e+00 1.000000e+00
1.000000e+00 5.110000e+02 1.278977e-13 5.092654e+02 0.000000e+00 5.110000e+02 5.092654e+02 326 5.732796e-01 -1.110223e-15 6.726917e-01 -0.000000e+00 1.000000e+00
1.000000e+00 5.110000e+02 6.394885e-14 5.103318e+02 -7.105427e-14 5.110000e+02 5.103318e+02 327 -8.423832e-01 -3.330669e-16 -8.969223e-01 -0.000000e+00 1.000000e+00
1.000000e+00 5.110000e+02 1.421085e-13 5.126192e+02 5.684342e-14 5.110000e+02 5.126192e+02 328 1.027467e+00 -5.551115e-16 1.121153e+00 -0.000000e+00 1.000000e+00
1.000000e+00 5.110000e+02 5.684342e-14 5.104731e+02 3.552714e-14 5.110000e+02 5.104731e+02 329 -1.109252e+00 -4.163336e-16 -1.121153e+00 -0.000000e+00 1.000000e+00
1.000000e+00 5.110000e+02 1.350031e-13 5.125708e+02 0.000000e+00 5.110000e+02 5.125708e+02 330 1.078823e+00 6.661338e-16 1.121153e+00 0.000000e+00 1.000000e+00
1.000000e+00 5.110000e+02 7.105427e-14 5.109448e+02 -7.815970e-14 5.110000e+02 5.109448e+02 331 -9.385926e-01 0.000000e+00 -8.969223e-01 0.000000e+00 1.000000e+00
1.000000e+00 5.110000e+02 1.421085e-14 5.130848e+02 -2.842171e-14 5.110000e+02 5.130848e+02 332 7.021234e-01 2.220446e-16 6.726917e-01 0.000000e+00 1.000000e+00
1.000000e+00 5.110000e+02 1.136868e-13 5.110116e+02 0.000000e+00 5.110000e+02 5.110116e+02 333 -3.928233e-01 -1.110223e-15 -4.484612e-01 -0.000000e+00 1.000000e+00
1.000000e+00 5.110000e+02 6.394885e-14 5.101331e+02 -5.684342e-14 5.110000e+02 5.101331e+02 334 4.163448e-02 -8.881784e-16 0.000000e+00 -0.000000e+00 1.000000e+00
1.000000e+00 5.110000e+02 8.526513e-14 5.111415e+02 7.105427e-14 5.110000e+02 5.111415e+02 335 3.160553e-01 -8.881784e-16 2.242306e-01 -0.000000e+00 1.000000e+00
1.000000e+00 5.110000e+02 -6.394885e-14 5.115591e+02 -5.684342e-14 5.110000e+02 5.115591e+02 336 -6.439703e-01 1.332268e-15 -6.726917e-01 0.000000e+00 1.000000e+00
1.000000e+00 5.110000e+02 -1.278977e-13 5.087040e+02 -7.105427e-14 5.110000e+02 5.087040e+02 337 9.086175e-01 -9.436896e-16 8.969223e-01 -0.000000e+00 1.000000e+00
1.000000e+00 5.110000e+02 -6.394885e-14 5.125965e+02 -1.207923e-13 5.110000e+02 5.125965e+02 338 -1.082699e+00 3.885781e-16 -1.121153e+00 0.000000e+00 1.000000e+00
1.000000e+00 5.110000e+02 1.065814e-13 5.100562e+02 4.263256e-14 5.110000e+02 5.100562e+02 339 1.147921e+00 9.992007e-16 1.121153e+00 0.000000e+00 1.000000e+00
1.000000e+00 5.110000e+02 -2.842171e-14 5.120374e+02 -8.526513e-14 5.110000e+02 5.120374e+02 340 -1.096908e+00 -1.110223e-16 -1.121153e+00 -0.000000e+00 1.000000e+00
1.000000e+00 5.110000e+02 -7.105427e-15 5.100580e+02 2.131628e-14 5.110000e+02 5.100580e+02 341 9.340260e-01 5.551115e-16 8.969223e-01 0.000000e+00 1.000000e+00
1.000000e+00 5.110000e+02 2.131628e-14 5.091213e+02 -2.131628e-14 5.110000e+02 5.091213e+02 342 -6.750230e-01 -1.110223e-15 -6.726917e-01 -0.000000e+00 1.000000e+00
1.000000e+00 5.110000e+02 -1.278977e-13 5.119915e+02 -1.278977e-13 5.110000e+02 5.119915e+02 343 3.455115e-01 2.220446e-16 4.484612e-01 0.000000e+00 1.000000e+00
1.000000e+00 5.110000e+02 -4.973799e-14 5.116147e+02 -1.421085e-14 5.110000e+02 5.116147e+02 344 2.155539e-02 2.220446e-16 0.000000e+00 0.000000e+00 1.000000e+00
1.000000e+00 5.110000e+02 -1.421085e-14 5.094053e+02 -1.421085e-14 5.110000e+02 5.094053e+02 345 -3.891714e-01 -2.220446e-16 -4.484612e-01 -0.000000e+00 1.000000e+00
1.000000e+00 5.110000e+02 9.947598e-14 5.105676e+02 5.684342e-14 5.110000e+02 5.105676e+02 346 7.199986e-01 1.165734e-15 6.726917e-01 0.000000e+00 1.000000e+00
1.000000e+00 5.110000e+02 7.105427e-15 5.106682e+02 -3.552714e-14 5.110000e+02 5.106682e+02 347 -9.801497e-01 1.526557e-16 -8.969223e-01 0.000000e+00 1.000000e+00
1.000000e+00 5.110000e+02 -2.131628e-14 5.112375e+02 -8.526513e-14 5.110000e+02 5.112375e+02 348 1.142650e+00 7.771561e-16 1.121153e+00 0.000000e+00 1.000000e+00
1.000000e+00 5.110000e+02 7.105427e-14 5.110003e+02 0.000000e+00 5.110000e+02 5.110003e+02 349 -1.190226e+00 0.000000e+00 -1.121153e+00 0.000000e+00 1.000000e+00
1.000000e+00 5.110000e+02 7.105427e-14 5.111964e+02 2.842171e-14 5.110000e+02 5.111964e+02 350 1.117130e+00 8.881784e-16 1.121153e+00 0.000000e+00 1.000000e+00
1.000000e+00 5.110000e+02 1.492140e-13 5.099915e+02 2.842171e-14 5.110000e+02 5.099915e+02 351 -9.298177e-01 2.220446e-16 -8.969223e-01 0.000000e+00 1.000000e+00
1.000000e+00 5.110000e+02 1.065814e-13 5.115610e+02 2.842171e-14 5.110000e+02 5.115610e+02 352 6.463896e-01 1.776357e-15 6.726917e-01 0.000000e+00 1.000000e+00
1.000000e+00 5.110000e+02 0.000000e+00 5.117274e+02 -1.421085e-14 5.110000e+02 5.117274e+02 353 -2.948499e-01 -6.661338e-16 -2.242306e-01 -0.000000e+00 1.000000e+00
1.000000e+00 5.110000e+02 4.263256e-14 5.129389e+02 -2.842171e-14 5.110000e+02 5.129389e+02 354 -8.965011e-02 1.110223e-15 -0.000000e+00 0.000000e+00 1.000000e+00
1.000000e+00 5.110000e+02 6.703497e-14 5.123633e+02 3.536060e-14 5.110000e+02 5.123633e+02 355 4.683170e-01 2.220446e-16 4.484612e-01 0.000000e+00 1.000000e+00
1.000000e+00 5.110000e+02 1.528321e-13 5.110412e+02 8.137935e-14 5.110000e+02 5.110412e+02 356 -8.026183e-01 -1.665335e-16 -8.969223e-01 -0.000000e+00 1.000000e+00
1.000000e+00 5.110000e+02 -2.263049e-14 5.103189e+02 -4.996004e-15 5.110000e+02 5.103189e+02 357 1.058192e+00 8.881784e-16 1.121153e+00 0.000000e+00 1.000000e+00
1.000000e+00 5.110000e+02 2.731788e-14 5.111754e+02 -5.351275e-14 5.110000e+02 5.111754e+02 358 -1.208367e+00 -8.881784e-16 -1.121153e+00 -0.000000e+00 1.000000e+00
1.000000e+00 5.110000e+02 4.626896e-15 5.098802e+02 -5.676015e-14 5.110000e+02 5.098802e+02 359 1.236936e+00 4.440892e-16 1.345383e+00 0.000000e+00 1.000000e+00
1.000000e+00 5.110000e+02 3.499298e-14 5.101188e+02 -3.141931e-14 5.110000e+02 5.101188e+02 360 -1.139892e+00 8.881784e-16 -1.121153e+00 0.000000e+00 1.000000e+00
1.000000e+00 5.110000e+02 1.049631e-13 5.094348e+02 -3.008704e-14 5.110000e+02 5.094348e+02 361 9.259471e-01 0.000000e+00 8.969223e-01 0.000000e+00 1.000000e+00
1.000000e+00 5.110000e+02 -4.668744e-15 5.106484e+02 -1.076916e-14 5.110000e+02 5.106484e+02 362 -6.157611e-01 -1.776357e-15 -6.726917e-01 -0.000000e+00 1.000000e+00
1.000000e+00 5.110000e+02 1.930243e-13 5.091011e+02 5.107026e-15 5.110000e+02 5.091011e+02 363 2.399606e-01 8.881784e-16 2.242306e-01 0.000000e+00 1.000000e+00
1.000000e+00 5.110000e+02 3.345095e-14 5.106861e+02 -1.931788e-14 5.110000e+02 5.106861e+02 364 1.638748e-01 1.776357e-15 2.242306e-01 0.000000e+00 1.000000e+00
1.000000e+00 5.110000e+02 5.646024e-14 5.106728e+02 6.550316e-15 5.110000e+02 5.106728e+02 365 -5.549581e-01 -7.105427e-15 -4.484612e-01 -0.000000e+00 1.000000e+00
1.000000e+00 5.110000e+02 -1.384741e-14 5.085293e+02 -2.925438e-14 5.110000e+02 5.085293e+02 366 8.934011e-01 -8.881784e-16 8.969223e-01 -0.000000e+00 1.000000e+00
1.000000e+00 5.110000e+02 4.254062e-14 5.104319e+02 -1.321165e-14 5.110000e+02 5.104319e+02 367 -1.144269e+00 8.881784e-16 -1.121153e+00 0.000000e+00 1.000000e+00
1.000000e+00 5.110000e+02 2.034395e-14 5.113347e+02 -2.720046e-14 5.110000e+02 5.113347e+02 368 1.281172e+00 -8.881784e-16 1.345383e+00 -0.000000e+00 1.000000e+00
1.000000e+00 5.110000e+02 5.697627e-14 5.103068e+02 -9.547918e-15 5.110000e+02 5.103068e+02 369 -1.289029e+00 0.000000e+00 -1.345383e+00 0.000000e+00 1.000000e+00
1.000000e+00 5.110000e+02 1.318119e-13 5.078449e+02 -2.220446e-14 5.110000e+02 5.078449e+02 370 1.165713e+00 8.881784e-16 1.121153e+00 0.000000e+00 1.000000e+00
1.000000e+00 5.110000e+02 -5.878993e-14 5.122711e+02 -5.923040e-14 5.110000e+02 5.122711e+02 371 -9.223961e-01 4.440892e-16 -8.969223e-01 0.000000e+00 1.000000e+00
1.000000e+00 5.110000e+02 9.112434e-14 5.090849e+02 -3.297362e-14 5.110000e+02 5.090849e+02 372 5.825588e-01 -8.881784e-16 6.726917e-01 -0.000000e+00 1.000000e+00
1.000000e+00 5.110000e+02 6.020806e-14 5.098711e+02 -4.246603e-14 5.110000e+02 5.098711e+02 373 -1.797341e-01 -1.776357e-15 -2.242306e-01 -0.000000e+00 1.000000e+00
1.000000e+00 5.110000e+02 6.406676e-14 5.108977e+02 2.420286e-14 5.110000e+02 5.108977e+02 374 -2.457857e-01 -7.494005e-16 -2.242306e-01 -0.000000e+00 1.000000e+00
1.000000e+00 5.110000e+02 -1.266800e-15 5.105561e+02 -1.659783e-14 5.110000e+02 5.105561e+02 375 6.509645e-01 -2.220446e-16 6.726917e-01 -0.000000e+00 1.000000e+00
1.000000e+00 5.110000e+02 5.684342e-14 5.122484e+02 2.842171e-14 5.110000e+02 5.122484e+02 376 -9.943582e-01 -1.554312e-15 -8.969223e-01 -0.000000e+00 1.000000e+00
1.000000e+00 5.110000e+02 8.526513e-14 5.103119e+02 -8.526513e-14 5.110000e+02 5.103119e+02 377 1.240338e+00 -2.886580e-15 1.345383e+00 -0.000000e+00 1.000000e+00
1.000000e+00 5.110000e+02 8.526513e-14 5.123396e+02 0.000000e+00 5.110000e+02 5.123396e+02 378 -1.362768e+00 -1.554312e-15 -1.345383e+00 -0.000000e+00 1.000000e+00
1.000000e+00 5.110000e+02 7.105427e-14 5.119264e+02 -2.842171e-14 5.110000e+02 5.119264e+02 379 1.347770e+00 -1.998401e-15 1.345383e+00 -0.000000e+00 1.000000e+00
1.000000e+00 5.110000e+02 1.421085e-13 5.097119e+02 5.684342e-14 5.110000e+02 5.097119e+02 380 -1.195265e+00 -3.108624e-15 -1.121153e+00 -0.000000e+00 1.000000e+00
1.000000e+00 5.110000e+02 2.842171e-14 5.134509e+02 -4.263256e-14 5.110000e+02 5.134509e+02 381 9.191486e-01 -1.554312e-15 8.969223e-01 -0.000000e+00 1.000000e+00
1.000000e+00 5.110000e+02 8.526513e-14 5.096832e+02 -8.526513e-14 5.110000e+02 5.096832e+02 382 -5.460397e-01 0.000000e+00 -4.484612e-01 0.000000e+00 1.000000e+00
1.000000e+00 5.110000e+02 1.563194e-13 5.125398e+02 1.421085e-14 5.110000e+02 5.125398e+02 383 1.127349e-01 -2.109424e-15 2.242306e-01 -0.000000e+00 1.000000e+00
1.000000e+00 5.110000e+02 1.847411e-13 5.100432e+02 8.526513e-14 5.110000e+02 5.100432e+02 384 3.374047e-01 -1.942890e-15 4.484612e-01 -0.000000e+00 1.000000e+00
1.000000e+00 5.110000e+02 -2.842171e-14 5.095776e+02 -8.526513e-14 5.110000e+02 5.095776e+02 385 -7.587729e-01 -1.887379e-15 -6.726917e-01 -0.000000e+00 1.000000e+00
1.000000e+00 5.110000e+02 1.421085e-14 5.125277e+02 -4.263256e-14 5.110000e+02 5.125277e+02 386 1.108119e+00 -1.776357e-15 1.121153e+00 -0.000000e+00 1.000000e+00
1.000000e+00 5.110000e+02 8.526513e-14 5.121266e+02 0.000000e+00 5.110000e+02 5.121266e+02 387 -1.348966e+00 -1.776357e-15 -1.345383e+00 -0.000000e+00 1.000000e+00
1.000000e+00 5.110000e+02 5.684342e-14 5.111775e+02 5.684342e-14 5.110000e+02 5.111775e+02 388 1.455399e+00 -1.554312e-15 1.345383e+00 -0.000000e+00 1.000000e+00
1.000000e+00 5.110000e+02 -1.421085e-14 5.127054e+02 0.000000e+00 5.110000e+02 5.127054e+02 389 -1.414830e+00 -1.776357e-15 -1.345383e+00 -0.000000e+00 1.000000e+00
1.000000e+00 5.110000e+02 9.947598e-14 5.098026e+02 -2.842171e-14 5.110000e+02 5.098026e+02 390 1.229447e+00 -1.554312e-15 1.121153e+00 -0.000000e+00 1.000000e+00
1.000000e+00 5.110000e+02 1.705303e-13 5.104306e+02 2.842171e-14 5.110000e+02 5.104306e+02 391 -9.161904e-01 -2.442491e-15 -8.969223e-01 -0.000000e+00 1.000000e+00
1.000000e+00 5.110000e+02 8.526513e-14 5.103210e+02 -4.263256e-14 5.110000e+02 5.103210e+02 392 5.052255e-01 -8.326673e-16 4.484612e-01 -0.000000e+00 1.000000e+00
1.000000e+00 5.110000e+02 5.684342e-14 5.112498e+02 0.000000e+00 5.110000e+02 5.112498e+02 393 -3.706121e-02 -2.498002e-15 -0.000000e+00 -0.000000e+00 1.000000e+00
1.000000e+00 5.110000e+02 7.105427e-14 5.127934e+02 -7.105427e-14 5.110000e+02 5.127934e+02 394 -4.414205e-01 -9.992007e-16 -4.484612e-01 -0.000000e+00 1.000000e+00
1.000000e+00 5.110000e+02 1.421085e-14 5.075218e+02 -4.263256e-14 5.110000e+02 5.075218e+02 395 8.816352e-01 -2.331468e-15 8.969223e-01 -0.000000e+00 1.000000e+00
1.000000e+00 5.110000e+02 -7.105427e-14 5.109323e+02 -9.947598e-14 5.110000e+02 5.109323e+02 396 -1.238203e+00 -1.887379e-15 -1.345383e+00 -0.000000e+00 1.000000e+00
1.000000e+00 5.110000e+02 9.947598e-14 5.102114e+02 0.000000e+00 5.110000e+02 5.102114e+02 397 1.473601e+00 -1.998401e-15 1.569614e+00 -0.000000e+00 1.000000e+00
1.000000e+00 5.110000e+02 1.847411e-13 5.114306e+02 2.842171e-14 5.110000e+02 5.114306e+02 398 -1.562084e+00 -1.887379e-15 -1.569614e+00 -0.000000e+00 1.000000e+00
1.000000e+00 5.110000e+02 1.705303e-13 5.094334e+02 1.421085e-14 5.110000e+02 5.094334e+02 399 1.492467e+00 4.440892e-16 1.569614e+00 0.000000e+00 1.000000e+00
1.000000e+00 5.110000e+02 9.947598e-14 5.098909e+02 -5.684342e-14 5.110000e+02 5.098909e+02 400 -1.269477e+00 -9.992007e-16 -1.345383e+00 -0.000000e+00 1.000000e+00
1.000000e+00 5.110000e+02 1.421085e-13 5.117669e+02 -7.105427e-14 5.110000e+02 5.117669e+02 401 9.135092e-01 -1.026956e-15 8.969223e-01 -0.000000e+00 1.000000e+00
1.000000e+00 5.110000e+02 5.684342e-14 5.112845e+02 -4.263256e-14 5.110000e+02 5.112845e+02 402 -4.587926e-01 -1.082467e-15 -4.484612e-01 -0.000000e+00 1.000000e+00
1.000000e+00 5.110000e+02 5.684342e-14 5.094605e+02 -4.263256e-14 5.110000e+02 5.094605e+02 403 -4.987366e-02 -8.326673e-16 -0.000000e+00 -0.000000e+00 1.000000e+00
1.000000e+00 5.110000e+02 1.136868e-13 5.102690e+02 -7.105427e-14 5.110000e+02 5.102690e+02 404 5.615041e-01 4.440892e-16 6.726917e-01 0.000000e+00 1.000000e+00
1.000000e+00 5.110000e+02 5.684342e-14 5.100208e+02 -7.105427e-14 5.110000e+02 5.100208e+02 405 -1.024006e+00 -2.109424e-15 -1.121153e+00 -0.000000e+00 1.000000e+00
1.000000e+00 5.110000e+02 1.136868e-13 5.111843e+02 2.842171e-14 5.110000e+02 5.111843e+02 406 1.389448e+00 -1.665335e-15 1.345383e+00 -0.000000e+00 1.000000e+00
1.000000e+00 5.110000e+02 1.563194e-13 5.126575e+02 -1.421085e-14 5.110000e+02 5.126575e+02 407 -1.618997e+00 -1.887379e-15 -1.569614e+00 -0.000000e+00 1.000000e+00
1.000000e+00 5.110000e+02 1.989520e-13 5.116746e+02 0.000000e+00 5.110000e+02 5.116746e+02 408 1.687001e+00 -1.332268e-15 1.793845e+00 -0.000000e+00 1.000000e+00
1.000000e+00 5.110000e+02 1.563194e-13 5.080283e+02 4.263256e-14 5.110000e+02 5.080283e+02 409 -1.583818e+00 5.551115e-16 -1.569614e+00 0.000000e+00 1.000000e+00
1.000000e+00 5.110000e+02 9.947598e-14 5.116148e+02 -5.684342e-14 5.110000e+02 5.116148e+02 410 1.317056e+00 -2.303713e-15 1.345383e+00 -0.000000e+00 1.000000e+00
1.000000e+00 5.110000e+02 1.421085e-13 5.126195e+02 0.000000e+00 5.110000e+02 5.126195e+02 411 -9.110939e-01 1.387779e-16 -8.969223e-01 0.000000e+00 1.000000e+00
1.000000e+00 5.110000e+02 1.136868e-13 5.118513e+02 -1.421085e-14 5.110000e+02 5.118513e+02 412 4.048962e-01 -4.440892e-16 4.484612e-01 -0.000000e+00 1.000000e+00
1.000000e+00 5.110000e+02 1.421085e-13 5.104695e+02 -2.842171e-14 5.110000e+02 5.104695e+02 413 1.516932e-01 -6.661338e-16 2.242306e-01 -0.000000e+00 1.000000e+00
1.000000e+00 5.110000e+02 1.421085e-13 5.098987e+02 4.263256e-14 5.110000e+02 5.098987e+02 414 -7.028175e-01 -4.440892e-16 -6.726917e-01 -0.000000e+00 1.000000e+00
1.000000e+00 5.110000e+02 8.526513e-14 5.100999e+02 -2.842171e-14 5.110000e+02 5.100999e+02 415 1.192170e+00 -4.440892e-16 1.121153e+00 -0.000000e+00 1.000000e+00
1.000000e+00 5.110000e+02 2.842171e-14 5.113803e+02 -2.842171e-14 5.110000e+02 5.113803e+02 416 -1.568704e+00 -8.881784e-16 -1.569614e+00 -0.000000e+00 1.000000e+00
1.000000e+00 5.110000e+02 5.684342e-14 5.130827e+02 2.842171e-14 5.110000e+02 5.130827e+02 417 1.791906e+00 2.220446e-16 1.793845e+00 0.000000e+00 1.000000e+00
1.000000e+00 5.110000e+02 1.278977e-13 5.093941e+02 1.421085e-14 5.110000e+02 5.093941e+02 418 -1.836110e+00 2.220446e-16 -1.793845e+00 0.000000e+00 1.000000e+00
1.000000e+00 5.110000e+02 1.421085e-14 5.085047e+02 0.000000e+00 5.110000e+02 5.085047e+02 419 1.693374e+00 9.436896e-16 1.793845e+00 0.000000e+00 1.000000e+00
1.000000e+00 5.110000e+02 7.105427e-14 5.106848e+02 0.000000e+00 5.110000e+02 5.106848e+02 420 -1.374630e+00 3.469447e-16 -1.345383e+00 0.000000e+00 1.000000e+00
1.000000e+00 5.110000e+02 9.947598e-14 5.109867e+02 -4.263256e-14 5.110000e+02 5.109867e+02 421 9.089351e-01 -1.110223e-16 8.969223e-01 -0.000000e+00 1.000000e+00
1.000000e+00 5.110000e+02 -4.263256e-14 5.089653e+02 -4.263256e-14 5.110000e+02 5.089653e+02 422 -3.408755e-01 0.000000e+00 -4.484612e-01 0.000000e+00 1.000000e+00
1.000000e+00 5.110000e+02 1.421085e-14 5.131737e+02 -5.684342e-14 5.110000e+02 5.131737e+02 423 -2.736490e-01 -1.332268e-15 -2.242306e-01 -0.000000e+00 1.000000e+00
1.000000e+00 5.110000e+02 -8.526513e-14 5.116723e+02 2.842171e-14 5.110000e+02 5.116723e+02 424 8.728730e-01 -1.554312e-15 8.969223e-01 -0.000000e+00 1.000000e+00
1.000000e+00 5.110000e+02 4.263256e-14 5.099611e+02 -2.842171e-14 5.110000e+02 5.099611e+02 425 -1.395314e+00 4.440892e-16 -1.345383e+00 0.000000e+00 1.000000e+00
1.000000e+00 5.110000e+02 -7.105427e-14 5.138575e+02 -8.526513e-14 5.110000e+02 5.138575e+02 426 1.786020e+00 -1.998401e-15 1.793845e+00 -0.000000e+00 1.000000e+00
1.000000e+00 5.110000e+02 7.105427e-14 5.127865e+02 5.684342e-14 5.110000e+02 5.127865e+02 427 -2.002281e+00 6.661338e-16 -2.018075e+00 0.000000e+00 1.000000e+00
1.000000e+00 5.110000e+02 9.471751e-15 5.121197e+02 -1.901257e-15 5.110000e+02 5.121197e+02 428 2.018226e+00 0.000000e+00 2.018075e+00 0.000000e+00 1.000000e+00
1.000000e+00 5.110000e+02 6.273407e-14 5.085393e+02 -3.108624e-14 5.110000e+02 5.085393e+02 429 -1.827808e+00 -7.494005e-16 -1.793845e+00 -0.000000e+00 1.000000e+00
1.000000e+00 5.110000e+02 5.081048e-15 5.116793e+02 2.065015e-14 5.110000e+02 5.116793e+02 430 1.445855e+00 -6.661338e-16 1.345383e+00 -0.000000e+00 1.000000e+00
1.000000e+00 5.110000e+02 9.213436e-15 5.089029e+02 -3.880229e-14 5.110000e+02 5.089029e+02 431 -9.070242e-01 -1.110223e-15 -8.969223e-01 -0.000000e+00 1.000000e+00
1.000000e+00 5.110000e+02 6.052412e-14 5.102005e+02 -4.207745e-14 5.110000e+02 5.102005e+02 432 2.627355e-01 -3.552714e-15 2.242306e-01 -0.000000e+00 1.000000e+00
1.000000e+00 5.110000e+02 4.152298e-15 5.094858e+02 -2.386980e-14 5.110000e+02 5.094858e+02 433 4.236670e-01 -4.440892e-15 4.484612e-01 -0.000000e+00 1.000000e+00
1.000000e+00 5.110000e+02 5.732459e-14 5.123009e+02 -2.264855e-14 5.110000e+02 5.123009e+02 434 -1.083063e+00 1.776357e-15 -1.121153e+00 0.000000e+00 1.000000e+00
1.000000e+00 5.110000e+02 5.382435e-14 5.115282e+02 2.264855e-14 5.110000e+02 5.115282e+02 435 1.647432e+00 -2.664535e-15 1.569614e+00 -0.000000e+00 1.000000e+00
1.000000e+00 5.110000e+02 -1.230270e-14 5.077081e+02 -1.268430e-14 5.110000e+02 5.077081e+02 436 -2.056783e+00 -3.552714e-15 -2.018075e+00 -0.000000e+00 1.000000e+00
1.000000e+00 5.110000e+02 -3.122663e-14 5.112139e+02 -9.603429e-15 5.110000e+02 5.112139e+02 437 2.265430e+00 1.776357e-15 2.242306e+00 0.000000e+00 1.000000e+00
1.000000e+00 5.110000e+02 -1.138536e-14 5.102934e+02 -4.107825e-15 5.110000e+02 5.102934e+02 438 -2.246980e+00 7.105427e-15 -2.242306e+00 0.000000e+00 1.000000e+00
1.000000e+00 5.110000e+02 -1.059695e-15 5.117701e+02 -6.689094e-15 5.110000e+02 5.117701e+02 439 1.997490e+00 -2.664535e-15 2.018075e+00 -0.000000e+00 1.000000e+00
1.000000e+00 5.110000e+02 3.944157e-14 5.113223e+02 -2.220446e-16 5.110000e+02 5.113223e+02 440 -1.536439e+00 2.664535e-15 -1.569614e+00 0.000000e+00 1.000000e+00
1.000000e+00 5.110000e+02 7.534805e-14 5.110882e+02 4.635181e-14 5.110000e+02 5.110882e+02 441 9.053542e-01 -1.776357e-15 8.969223e-01 -0.000000e+00 1.000000e+00
1.000000e+00 5.110000e+02 6.833010e-14 5.102694e+02 -1.393330e-14 5.110000e+02 5.102694e+02 442 -1.641787e-01 1.776357e-15 -2.242306e-01 0.000000e+00 1.000000e+00
1.000000e+00 5.110000e+02 2.975811e-14 5.098945e+02 -2.230161e-14 5.110000e+02 5.098945e+02 443 -6.143152e-01 -2.664535e-15 -6.726917e-01 -0.000000e+00 1.000000e+00
1.000000e+00 5.110000e+02 7.052870e-15 5.129875e+02 -6.339373e-14 5.110000e+02 5.129875e+02 444 1.351556e+00 4.440892e-16 1.345383e+00 0.000000e+00 1.000000e+00
1.000000e+00 5.110000e+02 2.531893e-15 5.085265e+02 -1.437739e-14 5.110000e+02 5.085265e+02 445 -1.970974e+00 -1.776357e-15 -2.018075e+00 -0.000000e+00 1.000000e+00
1.000000e+00 5.110000e+02 9.179774e-14 5.129919e+02 2.925438e-14 5.110000e+02 5.129919e+02 446 2.405821e+00 1.221245e-15 2.466536e+00 0.000000e+00 1.000000e+00
1.000000e+00 5.110000e+02 1.774004e-14 5.092903e+02 1.243450e-14 5.110000e+02 5.092903e+02 447 -2.606205e+00 -1.568190e-15 -2.690767e+00 -0.000000e+00 1.000000e+00
1.000000e+00 5.110000e+02 -2.683048e-14 5.124556e+02 6.550316e-15 5.110000e+02 5.124556e+02 448 2.544637e+00 -3.885781e-16 2.466536e+00 -0.000000e+00 1.000000e+00
1.000000e+00 5.110000e+02 5.684342e-14 5.085623e+02 9.947598e-14 5.110000e+02 5.085623e+02 449 -2.219469e+00 -1.776357e-15 -2.242306e+00 -0.000000e+00 1.000000e+00
1.000000e+00 5.110000e+02 -1.421085e-14 5.119463e+02 -1.563194e-13 5.110000e+02 5.119463e+02 450 1.655835e+00 -2.442491e-15 1.569614e+00 -0.000000e+00 1.000000e+00
1.000000e+00 5.110000e+02 -7.460699e-14 5.127899e+02 -6.394885e-14 5.110000e+02 5.127899e+02 451 -9.039187e-01 -1.776357e-15 -8.969223e-01 -0.000000e+00 1.000000e+00
1.000000e+00 5.110000e+02 5.684342e-14 5.088943e+02 4.618528e-14 5.110000e+02 5.088943e+02 452 3.465234e-02 -3.552714e-15 0.000000e+00 -0.000000e+00 1.000000e+00
1.000000e+00 5.110000e+02 -2.486900e-14 5.104196e+02 -3.552714e-14 5.110000e+02 5.104196e+02 453 8.668090e-01 -3.330669e-15 8.969223e-01 -0.000000e+00 1.000000e+00
1.000000e+00 5.110000e+02 -4.263256e-14 5.118177e+02 -9.947598e-14 5.110000e+02 5.118177e+02 454 -1.709245e+00 -2.442491e-15 -1.793845e+00 -0.000000e+00 1.000000e+00
1.000000e+00 5.110000e+02 -1.776357e-14 5.134551e+02 -1.065814e-13 5.110000e+02 5.134551e+02 455 2.404397e+00 4.996004e-16 2.466536e+00 0.000000e+00 1.000000e+00
1.000000e+00 5.110000e+02 3.197442e-14 5.114932e+02 -8.526513e-14 5.110000e+02 5.114932e+02 456 -2.875989e+00 -5.689893e-15 -2.914998e+00 -0.000000e+00 1.000000e+00
1.000000e+00 5.110000e+02 -3.552714e-14 5.116514e+02 4.263256e-14 5.110000e+02 5.116514e+02 457 3.067843e+00 -3.580469e-15 3.139228e+00 -0.000000e+00 1.000000e+00
1.000000e+00 5.110000e+02 -7.460699e-14 5.118731e+02 1.421085e-14 5.110000e+02 5.118731e+02 458 -2.950250e+00 -5.606626e-15 -2.914998e+00 -0.000000e+00 1.000000e+00
1.000000e+00 5.110000e+02 -6.750156e-14 5.105889e+02 -1.776357e-14 5.110000e+02 5.105889e+02 459 2.523899e+00 -2.997602e-15 2.466536e+00 -0.000000e+00 1.000000e+00
1.000000e+00 5.110000e+02 3.907985e-14 5.101830e+02 -3.552714e-15 5.110000e+02 5.101830e+02 460 -1.820905e+00 -3.219647e-15 -1.793845e+00 -0.000000e+00 1.000000e+00
1.000000e+00 5.110000e+02 -7.105427e-14 5.096077e+02 -1.421085e-14 5.110000e+02 5.096077e+02 461 9.027126e-01 -5.884182e-15 8.969223e-01 -0.000000e+00 1.000000e+00
1.000000e+00 5.110000e+02 -1.421085e-14 5.108110e+02 -3.552714e-15 5.110000e+02 5.108110e+02 462 1.449962e-01 -5.440093e-15 2.242306e-01 -0.000000e+00 1.000000e+00
1.000000e+00 5.110000e+02 -4.263256e-14 5.108598e+02 -1.065814e-14 5.110000e+02 5.108598e+02 463 -1.220020e+00 -5.662137e-15 -1.121153e+00 -0.000000e+00 1.000000e+00
1.000000e+00 5.110000e+02 1.065814e-14 5.101263e+02 -4.618528e-14 5.110000e+02 5.101263e+02 464 2.213288e+00 -4.440892e-15 2.242306e+00 -0.000000e+00 1.000000e+00
1.000000e+00 5.110000e+02 -1.243450e-13 5.110409e+02 -4.263256e-14 5.110000e+02 5.110409e+02 465 -3.019567e+00 -4.926615e-15 -2.914998e+00 -0.000000e+00 1.000000e+00
1.000000e+00 5.110000e+02 3.907985e-14 5.122427e+02 -1.065814e-14 5.110000e+02 5.122427e+02 466 3.548207e+00 -5.065393e-15 3.587689e+00 -0.000000e+00 1.000000e+00
1.000000e+00 5.110000e+02 -2.842171e-14 5.127395e+02 4.263256e-14 5.110000e+02 5.127395e+02 467 -3.732859e+00 -4.274359e-15 -3.811920e+00 -0.000000e+00 1.000000e+00
1.000000e+00 5.110000e+02 1.101341e-13 5.121351e+02 2.842171e-14 5.110000e+02 5.121351e+02 468 3.539172e+00 -7.216450e-15 3.587689e+00 -0.000000e+00 1.000000e+00
1.000000e+00 5.110000e+02 -5.684342e-14 5.120134e+02 -6.039613e-14 5.110000e+02 5.120134e+02 469 -2.969634e+00 -7.160939e-15 -2.914998e+00 -0.000000e+00 1.000000e+00
1.000000e+00 5.110000e+02 -6.394885e-14 5.140312e+02 -8.526513e-14 5.110000e+02 5.140312e+02 470 2.064955e+00 -7.160939e-15 2.018075e+00 -0.000000e+00 1.000000e+00
1.000000e+00 5.110000e+02 -1.207923e-13 5.108041e+02 -2.131628e-14 5.110000e+02 5.108041e+02 471 -9.017315e-01 -2.886580e-15 -8.969223e-01 -0.000000e+00 1.000000e+00
1.000000e+00 5.110000e+02 -1.705303e-13 5.141029e+02 -7.815970e-14 5.110000e+02 5.141029e+02 472 -4.135462e-01 4.440892e-16 -4.484612e-01 0.000000e+00 1.000000e+00
1.000000e+00 5.110000e+02 -5.684342e-14 5.095467e+02 1.421085e-14 5.110000e+02 5.095467e+02 473 1.753711e+00 -2.747802e-15 1.793845e+00 -0.000000e+00 1.000000e+00
1.000000e+00 5.110000e+02 1.776357e-14 5.118467e+02 0.000000e+00 5.110000e+02 5.118467e+02 474 -2.982598e+00 -4.496403e-15 -2.914998e+00 -0.000000e+00 1.000000e+00
1.000000e+00 5.110000e+02 7.460699e-14 5.130295e+02 6.750156e-14 5.110000e+02 5.130295e+02 475 3.968164e+00 -3.497203e-15 4.036150e+00 -0.000000e+00 1.000000e+00
1.000000e+00 5.110000e+02 -1.634248e-13 5.113967e+02 -2.131628e-14 5.110000e+02 5.113967e+02 476 -4.595833e+00 -4.080070e-15 -4.484612e+00 -0.000000e+00 1.000000e+00
1.000000e+00 5.110000e+02 -1.350031e-13 5.116148e+02 -2.842171e-14 5.110000e+02 5.116148e+02 477 4.780804e+00 3.774758e-15 4.708842e+00 0.000000e+00 1.000000e+00
1.000000e+00 5.110000e+02 -1.705303e-13 5.104740e+02 -3.552714e-14 5.110000e+02 5.104740e+02 478 -4.478068e+00 -9.325873e-15 -4.484612e+00 -0.000000e+00 1.000000e+00
1.000000e+00 5.110000e+02 -4.263256e-14 5.122653e+02 3.197442e-14 5.110000e+02 5.122653e+02 479 3.689076e+00 -8.493206e-15 3.587689e+00 -0.000000e+00 1.000000e+00
1.000000e+00 5.110000e+02 -1.918465e-13 5.112426e+02 -1.065814e-13 5.110000e+02 5.112426e+02 480 -2.464263e+00 -6.716849e-15 -2.466536e+00 -0.000000e+00 1.000000e+00
1.000000e+00 5.110000e+02 -1.563194e-13 5.127249e+02 -2.486900e-14 5.110000e+02 5.127249e+02 481 9.009720e-01 -8.493206e-15 8.969223e-01 -0.000000e+00 1.000000e+00
1.000000e+00 5.110000e+02 -8.881784e-14 5.094192e+02 1.421085e-14 5.110000e+02 5.094192e+02 482 8.632450e-01 -3.858025e-15 8.969223e-01 -0.000000e+00 1.000000e+00
1.000000e+00 5.110000e+02 -1.030287e-13 5.137837e+02 0.000000e+00 5.110000e+02 5.137837e+02 483 -2.661558e+00 -1.051936e-14 -2.690767e+00 -0.000000e+00 1.000000e+00
1.000000e+00 5.110000e+02 -9.237056e-14 5.101683e+02 -2.842171e-14 5.110000e+02 5.101683e+02 484 4.312216e+00 -6.265821e-15 4.260381e+00 -0.000000e+00 1.000000e+00
1.000000e+00 5.110000e+02 -1.740830e-13 5.099676e+02 0.000000e+00 5.110000e+02 5.099676e+02 485 -5.635169e+00 -7.299716e-15 -5.605765e+00 -0.000000e+00 1.000000e+00
1.000000e+00 5.110000e+02 -2.096101e-13 5.102262e+02 -1.065814e-13 5.110000e+02 5.102262e+02 486 6.469547e+00 -3.996803e-15 6.502687e+00 -0.000000e+00 1.000000e+00
1.000000e+00 5.110000e+02 -1.065814e-13 5.105759e+02 -2.842171e-14 5.110000e+02 5.105759e+02 487 -6.690440e+00 -7.382983e-15 -6.726917e+00 -0.000000e+00 1.000000e+00
1.000000e+00 5.110000e+02 -9.947598e-14 5.114178e+02 -7.105427e-15 5.110000e+02 5.114178e+02 488 6.223411e+00 -3.386180e-15 6.278456e+00 -0.000000e+00 1.000000e+00
1.000000e+00 5.110000e+02 -5.684342e-14 5.104672e+02 -9.237056e-14 5.110000e+02 5.104672e+02 489 -5.055333e+00 -8.104628e-15 -5.157303e+00 -0.000000e+00 1.000000e+00
1.000000e+00 5.110000e+02 -5.329071e-14 5.105423e+02 9.237056e-14 5.110000e+02 5.105423e+02 490 3.240385e+00 -6.161738e-15 3.139228e+00 -0.000000e+00 1.000000e+00
1.000000e+00 5.110000e+02 -3.552714e-14 5.113610e+02 4.263256e-14 5.110000e+02 5.113610e+02 491 -9.004314e-01 6.661338e-16 -8.969223e-01 0.000000e+00 1.000000e+00
1.000000e+00 5.110000e+02 -1.989520e-13 5.126940e+02 -9.237056e-14 5.110000e+02 5.126940e+02 492 -1.780517e+00 -2.678413e-15 -1.793845e+00 -0.000000e+00 1.000000e+00
1.000000e+00 5.110000e+02 -7.460699e-14 5.083421e+02 -4.263256e-14 5.110000e+02 5.083421e+02 493 4.567583e+00 -3.920475e-16 4.484612e+00 -0.000000e+00 1.000000e+00
1.000000e+00 5.110000e+02 -1.030287e-13 5.088996e+02 -4.973799e-14 5.110000e+02 5.088996e+02 494 -7.191330e+00 -1.007527e-14 -7.175379e+00 -0.000000e+00 1.000000e+00
1.000000e+00 5.110000e+02 -1.421085e-14 5.124543e+02 -3.552714e-14 5.110000e+02 5.124543e+02 495 9.367945e+00 2.109424e-15 9.417684e+00 0.000000e+00 1.000000e+00
1.000000e+00 5.110000e+02 1.776357e-14 5.097440e+02 -1.776357e-14 5.110000e+02 5.097440e+02 496 -1.082176e+01 -7.993606e-15 -1.076307e+01 -0.000000e+00 1.000000e+00
1.000000e+00 5.110000e+02 -6.039613e-14 5.101696e+02 0.000000e+00 5.110000e+02 5.101696e+02 497 1.130833e+01 -3.830269e-15 1.121153e+01 -0.000000e+00 1.000000e+00
1.000000e+00 5.110000e+02 -2.842171e-14 5.118617e+02 1.421085e-14 5.110000e+02 5.118617e+02 498 -1.063614e+01 -5.440093e-15 -1.053884e+01 -0.000000e+00 1.000000e+00
1.000000e+00 5.110000e+02 -8.526513e-14 5.113142e+02 0.000000e+00 5.110000e+02 5.113142e+02 499 8.685151e+00 -8.132384e-15 8.744993e+00 -0.000000e+00 1.000000e+00
1.000000e+00 5.110000e+02 -8.526513e-14 5.147154e+02 3.552714e-14 5.110000e+02 5.147154e+02 500 -5.420508e+00 -7.716050e-15 -5.381534e+00 -0.000000e+00 1.000000e+00
1.000000e+00 5.110000e+02 1.472747e-14 5.124467e+02 -3.086420e-14 5.110000e+02 5.124467e+02 501 9.001078e-01 3.080869e-15 8.969223e-01 0.000000e+00 1.000000e+00
1.000000e+00 5.110000e+02 7.044622e-14 5.100063e+02 -3.586020e-14 5.110000e+02 5.100063e+02 502 4.724732e+00 5.419276e-15 4.708842e+00 0.000000e+00 1.000000e+00
1.000000e+00 5.110000e+02 2.181649e-14 5.102021e+02 -5.079270e-15 5.110000e+02 5.102021e+02 503 -1.121581e+01 1.665335e-15 -1.121153e+01 0.000000e+00 1.000000e+00
1.000000e+00 5.110000e+02 -8.414846e-14 5.102295e+02 3.258505e-14 5.110000e+02 5.102295e+02 504 1.826148e+01 1.998401e-15 1.816268e+01 0.000000e+00 1.000000e+00
1.000000e+00 5.110000e+02 -9.204547e-14 5.091027e+02 -4.107825e-15 5.110000e+02 5.091027e+02 505 -2.549607e+01 3.219647e-15 -2.556229e+01 0.000000e+00 1.000000e+00
1.000000e+00 5.110000e+02 -1.297483e-13 5.105421e+02 -1.110223e-16 5.110000e+02 5.105421e+02 506 3.252394e+01 1.126876e-14 3.251343e+01 0.000000e+00 1.000000e+00
1.000000e+00 5.110000e+02 -4.799472e-14 5.124434e+02 -1.923461e-14 5.110000e+02 5.124434e+02 507 -3.894639e+01 9.992007e-16 -3.901612e+01 0.000000e+00 1.000000e+00
1.000000e+00 5.110000e+02 -4.551415e-14 5.120938e+02 1.271205e-14 5.110000e+02 5.120938e+02 508 4.438937e+01 1.665335e-14 4.439766e+01 0.000000e+00 1.000000e+00
1.000000e+00 5.110000e+02 1.273556e-14 5.081532e+02 0.000000e+00 5.110000e+02 5.081532e+02 509 -4.852990e+01 -4.918288e-14 -4.843381e+01 -0.000000e+00 1.000000e+00
1.000000e+00 5.110000e+02 1.392363e-14 5.107317e+02 1.110223e-16 5.110000e+02 5.107317e+02 510 5.111908e+01 1.351697e-14 5.112457e+01 0.000000e+00 1.000000e+00
