1.000000e+00 1.270000e+02 -1.316308e-14 1.258661e+02 0.000000e+00 1.270000e+02 1.258661e+02 0 1.150000e+02 0.000000e+00 1.150000e+02 0.000000e+00 1.000000e+00
1.000000e+00 1.270000e+02 3.552714e-15 1.322453e+02 7.771561e-15 1.270000e+02 1.322453e+02 1 1.182575e+01 2.157996e-15 1.177165e+01 0.000000e+00 1.000000e+00
1.000000e+00 1.270000e+02 -1.998401e-14 1.314434e+02 -1.998401e-15 1.270000e+02 1.314434e+02 2 -1.131201e+01 -3.635980e-15 -1.086614e+01 -0.000000e+00 1.000000e+00
1.000000e+00 1.270000e+02 4.218847e-15 1.282207e+02 -1.243450e-14 1.270000e+02 1.282207e+02 3 1.048525e+01 6.217249e-15 1.086614e+01 0.000000e+00 1.000000e+00
1.000000e+00 1.270000e+02 1.243450e-14 1.257959e+02 -3.996803e-15 1.270000e+02 1.257959e+02 4 -9.387825e+00 2.775558e-15 -9.055118e+00 0.000000e+00 1.000000e+00
1.000000e+00 1.270000e+02 2.131628e-14 1.304906e+02 7.549517e-15 1.270000e+02 1.304906e+02 5 8.075361e+00 3.275158e-15 8.149606e+00 0.000000e+00 1.000000e+00
1.000000e+00 1.270000e+02 1.909584e-14 1.288326e+02 -8.881784e-15 1.270000e+02 1.288326e+02 6 -6.613425e+00 -3.219647e-15 -6.338583e+00 -0.000000e+00 1.000000e+00
1.000000e+00 1.270000e+02 -8.881784e-16 1.304121e+02 -5.773160e-15 1.270000e+02 1.304121e+02 7 5.073594e+00 -1.831868e-15 5.433071e+00 -0.000000e+00 1.000000e+00
1.000000e+00 1.270000e+02 9.769963e-15 1.265905e+02 6.217249e-15 1.270000e+02 1.265905e+02 8 -3.529219e+00 -2.664535e-15 -3.622047e+00 -0.000000e+00 1.000000e+00
1.000000e+00 1.270000e+02 -7.993606e-15 1.241519e+02 3.552714e-15 1.270000e+02 1.241519e+02 9 2.051143e+00 3.330669e-16 1.811024e+00 0.000000e+00 1.000000e+00
1.000000e+00 1.270000e+02 -3.108624e-14 1.304264e+02 -9.769963e-15 1.270000e+02 1.304264e+02 10 -7.036616e-01 0.000000e+00 -9.055118e-01 0.000000e+00 1.000000e+00
1.000000e+00 1.270000e+02 -7.993606e-15 1.277263e+02 -2.664535e-15 1.270000e+02 1.277263e+02 11 -4.590311e-01 -1.776357e-15 -9.055118e-01 -0.000000e+00 1.000000e+00
1.000000e+00 1.270000e+02 6.217249e-15 1.215770e+02 1.509903e-14 1.270000e+02 1.215770e+02 12 1.395686e+00 -1.887379e-15 1.811024e+00 -0.000000e+00 1.000000e+00
1.000000e+00 1.270000e+02 -3.996803e-14 1.244683e+02 8.881784e-16 1.270000e+02 1.244683e+02 13 -2.079963e+00 3.330669e-16 -1.811024e+00 0.000000e+00 1.000000e+00
1.000000e+00 1.270000e+02 -1.953993e-14 1.236229e+02 2.664535e-15 1.270000e+02 1.236229e+02 14 2.501402e+00 -1.221245e-15 2.716535e+00 -0.000000e+00 1.000000e+00
1.000000e+00 1.270000e+02 -3.552714e-14 1.255848e+02 -2.664535e-15 1.270000e+02 1.255848e+02 15 -2.665368e+00 2.220446e-16 -2.716535e+00 0.000000e+00 1.000000e+00
1.000000e+00 1.270000e+02 -3.197442e-14 1.233209e+02 -3.552714e-15 1.270000e+02 1.233209e+02 16 2.591990e+00 -5.551115e-16 2.716535e+00 -0.000000e+00 1.000000e+00
1.000000e+00 1.270000e+02 -1.243450e-14 1.260668e+02 1.776357e-15 1.270000e+02 1.260668e+02 17 -2.314201e+00 -8.881784e-16 -2.716535e+00 -0.000000e+00 1.000000e+00
1.000000e+00 1.270000e+02 -1.598721e-14 1.262574e+02 8.881784e-15 1.270000e+02 1.262574e+02 18 1.875008e+00 -3.330669e-16 1.811024e+00 -0.000000e+00 1.000000e+00
1.000000e+00 1.270000e+02 -1.065814e-14 1.298008e+02 1.776357e-15 1.270000e+02 1.298008e+02 19 -1.324229e+00 -3.330669e-16 -9.055118e-01 -0.000000e+00 1.000000e+00
1.000000e+00 1.270000e+02 -1.421085e-14 1.335533e+02 3.552714e-15 1.270000e+02 1.335533e+02 20 7.149003e-01 6.661338e-16 9.055118e-01 0.000000e+00 1.000000e+00
1.000000e+00 1.270000e+02 -2.842171e-14 1.255431e+02 -5.329071e-15 1.270000e+02 1.255431e+02 21 -9.961966e-02 1.110223e-16 -0.000000e+00 0.000000e+00 1.000000e+00
1.000000e+00 1.270000e+02 -1.421085e-14 1.281255e+02 -3.552714e-15 1.270000e+02 1.281255e+02 22 -4.729248e-01 -2.220446e-16 -9.055118e-01 -0.000000e+00 1.000000e+00
1.000000e+00 1.270000e+02 -2.842171e-14 1.199523e+02 -8.881784e-15 1.270000e+02 1.199523e+02 23 9.610156e-01 -7.771561e-16 9.055118e-01 -0.000000e+00 1.000000e+00
1.000000e+00 1.270000e+02 -3.907985e-14 1.226775e+02 -1.421085e-14 1.270000e+02 1.226775e+02 24 -1.332356e+00 2.220446e-16 -9.055118e-01 0.000000e+00 1.000000e+00
1.000000e+00 1.270000e+02 0.000000e+00 1.266993e+02 -1.243450e-14 1.270000e+02 1.266993e+02 25 1.565765e+00 7.771561e-16 1.811024e+00 0.000000e+00 1.000000e+00
1.000000e+00 1.270000e+02 1.598721e-14 1.272451e+02 0.000000e+00 1.270000e+02 1.272451e+02 26 -1.652015e+00 -1.554312e-15 -1.811024e+00 -0.000000e+00 1.000000e+00
1.000000e+00 1.270000e+02 8.881784e-15 1.264406e+02 5.329071e-15 1.270000e+02 1.264406e+02 27 1.593804e+00 -8.881784e-16 1.811024e+00 -0.000000e+00 1.000000e+00
1.000000e+00 1.270000e+02 1.243450e-14 1.234823e+02 -8.881784e-15 1.270000e+02 1.234823e+02 28 -1.404865e+00 9.992007e-16 -1.811024e+00 0.000000e+00 1.000000e+00
1.000000e+00 1.270000e+02 1.421085e-14 1.243751e+02 3.552714e-15 1.270000e+02 1.243751e+02 29 1.108340e+00 6.661338e-16 9.055118e-01 0.000000e+00 1.000000e+00
1.000000e+00 1.270000e+02 2.664535e-14 1.263631e+02 1.776357e-15 1.270000e+02 1.263631e+02 30 -7.345270e-01 2.220446e-16 -9.055118e-01 0.000000e+00 1.000000e+00
1.000000e+00 1.270000e+02 1.243450e-14 1.253184e+02 -3.552714e-15 1.270000e+02 1.253184e+02 31 3.182136e-01 4.440892e-16 0.000000e+00 0.000000e+00 1.000000e+00
1.000000e+00 1.270000e+02 5.329071e-15 1.316410e+02 -3.552714e-15 1.270000e+02 1.316410e+02 32 1.042112e-01 0.000000e+00 0.000000e+00 0.000000e+00 1.000000e+00
1.000000e+00 1.270000e+02 1.953993e-14 1.260359e+02 -1.776357e-15 1.270000e+02 1.260359e+02 33 -4.976438e-01 -7.771561e-16 -9.055118e-01 -0.000000e+00 1.000000e+00
1.000000e+00 1.270000e+02 -1.776357e-15 1.285838e+02 0.000000e+00 1.270000e+02 1.285838e+02 34 8.309366e-01 1.221245e-15 9.055118e-01 0.000000e+00 1.000000e+00
1.000000e+00 1.270000e+02 1.421085e-14 1.214613e+02 -8.881784e-15 1.270000e+02 1.214613e+02 35 -1.079164e+00 3.330669e-16 -9.055118e-01 0.000000e+00 1.000000e+00
1.000000e+00 1.270000e+02 1.065814e-14 1.275094e+02 -5.329071e-15 1.270000e+02 1.275094e+02 36 1.225324e+00 8.881784e-16 9.055118e-01 0.000000e+00 1.000000e+00
1.000000e+00 1.270000e+02 3.552714e-15 1.269433e+02 -1.065814e-14 1.270000e+02 1.269433e+02 37 -1.261374e+00 -9.992007e-16 -9.055118e-01 -0.000000e+00 1.000000e+00
1.000000e+00 1.270000e+02 -8.881784e-15 1.288810e+02 -1.776357e-14 1.270000e+02 1.288810e+02 38 1.188529e+00 4.440892e-16 9.055118e-01 0.000000e+00 1.000000e+00
1.000000e+00 1.270000e+02 7.105427e-15 1.279400e+02 -8.881784e-15 1.270000e+02 1.279400e+02 39 -1.016837e+00 3.330669e-16 -9.055118e-01 0.000000e+00 1.000000e+00
1.000000e+00 1.270000e+02 1.243450e-14 1.275768e+02 -1.065814e-14 1.270000e+02 1.275768e+02 40 7.640741e-01 4.440892e-16 9.055118e-01 0.000000e+00 1.000000e+00
1.000000e+00 1.270000e+02 1.776357e-15 1.284296e+02 3.552714e-15 1.270000e+02 1.284296e+02 41 -4.540734e-01 1.110223e-16 -9.055118e-01 0.000000e+00 1.000000e+00
1.000000e+00 1.270000e+02 1.776357e-15 1.317084e+02 5.329071e-15 1.270000e+02 1.317084e+02 42 1.146183e-01 3.330669e-16 0.000000e+00 0.000000e+00 1.000000e+00
1.000000e+00 1.270000e+02 -1.243450e-14 1.250180e+02 -1.065814e-14 1.270000e+02 1.250180e+02 43 2.249108e-01 7.771561e-16 0.000000e+00 0.000000e+00 1.000000e+00
1.000000e+00 1.270000e+02 -7.105427e-15 1.255932e+02 1.421085e-14 1.270000e+02 1.255932e+02 44 -5.359557e-01 2.220446e-16 -9.055118e-01 0.000000e+00 1.000000e+00
1.000000e+00 1.270000e+02 -1.776357e-15 1.267476e+02 -1.776357e-15 1.270000e+02 1.267476e+02 45 7.930729e-01 8.881784e-16 9.055118e-01 0.000000e+00 1.000000e+00
1.000000e+00 1.270000e+02 -1.598721e-14 1.211705e+02 1.776357e-15 1.270000e+02 1.211705e+02 46 -9.759223e-01 5.551115e-16 -9.055118e-01 0.000000e+00 1.000000e+00
1.000000e+00 1.270000e+02 -5.329071e-15 1.276881e+02 -1.065814e-14 1.270000e+02 1.276881e+02 47 1.070803e+00 2.220446e-16 9.055118e-01 0.000000e+00 1.000000e+00
1.000000e+00 1.270000e+02 1.421085e-14 1.325123e+02 8.881784e-15 1.270000e+02 1.325123e+02 48 -1.071622e+00 -1.443290e-15 -9.055118e-01 -0.000000e+00 1.000000e+00
1.000000e+00 1.270000e+02 1.953993e-14 1.232257e+02 -8.881784e-15 1.270000e+02 1.232257e+02 49 9.802361e-01 -7.771561e-16 9.055118e-01 -0.000000e+00 1.000000e+00
1.000000e+00 1.270000e+02 -8.881784e-16 1.240766e+02 -9.769963e-15 1.270000e+02 1.240766e+02 50 -8.061447e-01 -2.220446e-16 -9.055118e-01 -0.000000e+00 1.000000e+00
1.000000e+00 1.270000e+02 1.865175e-14 1.285049e+02 2.042810e-14 1.270000e+02 1.285049e+02 51 5.655705e-01 -1.110223e-16 9.055118e-01 -0.000000e+00 1.000000e+00
1.000000e+00 1.270000e+02 0.000000e+00 1.302048e+02 -8.881784e-16 1.270000e+02 1.302048e+02 52 -2.800150e-01 -4.440892e-16 -0.000000e+00 -0.000000e+00 1.000000e+00
1.000000e+00 1.270000e+02 -2.664535e-15 1.258029e+02 0.000000e+00 1.270000e+02 1.258029e+02 53 -2.559288e-02 5.551115e-17 -0.000000e+00 0.000000e+00 1.000000e+00
1.000000e+00 1.270000e+02 2.664535e-15 1.281473e+02 2.042810e-14 1.270000e+02 1.281473e+02 54 3.249992e-01 8.881784e-16 0.000000e+00 0.000000e+00 1.000000e+00
1.000000e+00 1.270000e+02 -3.197442e-14 1.307653e+02 -1.598721e-14 1.270000e+02 1.307653e+02 55 -5.928077e-01 -4.996004e-16 -9.055118e-01 -0.000000e+00 1.000000e+00
1.000000e+00 1.270000e+02 -9.769963e-15 1.283963e+02 -1.154632e-14 1.270000e+02 1.283963e+02 56 8.065668e-01 -4.996004e-16 9.055118e-01 -0.000000e+00 1.000000e+00
1.000000e+00 1.270000e+02 4.440892e-15 1.254495e+02 1.554312e-14 1.270000e+02 1.254495e+02 57 -9.485948e-01 -1.110223e-15 -9.055118e-01 -0.000000e+00 1.000000e+00
0.000000e+00 -1.065814e-14 -3.241851e-14 -8.914211e-01 -8.881784e-16 3.412559e-14 8.914211e-01 58 1.007398e+00 0.000000e+00 9.055118e-01 0.000000e+00 0.000000e+00
0.000000e+00 -4.263256e-14 1.865175e-14 -1.821975e+00 3.863576e-14 4.653411e-14 1.821975e+00 59 -9.785707e-01 -1.221245e-15 -9.055118e-01 -0.000000e+00 0.000000e+00
0.000000e+00 5.329071e-15 3.108624e-15 -5.436116e-01 3.064216e-14 6.169484e-15 5.436116e-01 60 8.651136e-01 5.273559e-16 9.055118e-01 0.000000e+00 0.000000e+00
0.000000e+00 2.486900e-14 -1.043610e-14 2.292938e+00 2.353673e-14 2.696997e-14 2.292938e+00 61 -6.771379e-01 -1.665335e-16 -9.055118e-01 -0.000000e+00 0.000000e+00
0.000000e+00 8.881784e-14 -1.876277e-14 2.882713e+00 1.054712e-14 9.077803e-14 2.882713e+00 62 4.309938e-01 2.359224e-16 0.000000e+00 0.000000e+00 0.000000e+00
0.000000e+00 -1.776357e-14 -1.271205e-14 8.245535e-01 4.218847e-15 2.184355e-14 8.245535e-01 63 -1.478887e-01 -4.857226e-17 -0.000000e+00 -0.000000e+00 0.000000e+00
0.000000e+00 -3.552714e-15 -1.998401e-14 8.245535e-01 8.437695e-15 2.029735e-14 8.245535e-01 64 -1.478887e-01 5.551115e-17 -0.000000e+00 0.000000e+00 0.000000e+00
0.000000e+00 7.815970e-14 -1.987299e-14 2.882713e+00 1.543210e-14 8.064660e-14 2.882713e+00 65 4.309938e-01 2.081668e-16 0.000000e+00 0.000000e+00 0.000000e+00
0.000000e+00 3.730349e-14 2.220446e-16 2.292938e+00 2.087219e-14 3.730415e-14 2.292938e+00 66 -6.771379e-01 -4.163336e-17 -9.055118e-01 -0.000000e+00 0.000000e+00
0.000000e+00 1.953993e-14 1.998401e-14 -5.436116e-01 3.064216e-14 2.794941e-14 5.436116e-01 67 8.651136e-01 5.551115e-16 9.055118e-01 0.000000e+00 0.000000e+00
0.000000e+00 -1.776357e-15 1.865175e-14 -1.821975e+00 2.531308e-14 1.873614e-14 1.821975e+00 68 -9.785707e-01 -1.332268e-15 -9.055118e-01 -0.000000e+00 0.000000e+00
0.000000e+00 8.881784e-15 1.110223e-14 -8.914211e-01 3.108624e-15 1.421779e-14 8.914211e-01 69 1.007398e+00 1.110223e-16 9.055118e-01 0.000000e+00 0.000000e+00
1.000000e+00 1.270000e+02 -1.332268e-15 1.254495e+02 1.287859e-14 1.270000e+02 1.254495e+02 70 -9.485948e-01 -9.992007e-16 -9.055118e-01 -0.000000e+00 1.000000e+00
1.000000e+00 1.270000e+02 2.575717e-14 1.283963e+02 6.217249e-15 1.270000e+02 1.283963e+02 71 8.065668e-01 -8.326673e-16 9.055118e-01 -0.000000e+00 1.000000e+00
1.000000e+00 1.270000e+02 1.421085e-14 1.307653e+02 -6.217249e-15 1.270000e+02 1.307653e+02 72 -5.928077e-01 -5.551115e-16 -9.055118e-01 -0.000000e+00 1.000000e+00
1.000000e+00 1.270000e+02 7.993606e-15 1.281473e+02 1.687539e-14 1.270000e+02 1.281473e+02 73 3.249992e-01 1.054712e-15 0.000000e+00 0.000000e+00 1.000000e+00
1.000000e+00 1.270000e+02 2.486900e-14 1.258029e+02 9.769963e-15 1.270000e+02 1.258029e+02 74 -2.559288e-02 -1.665335e-16 -0.000000e+00 -0.000000e+00 1.000000e+00
1.000000e+00 1.270000e+02 -8.881784e-15 1.302048e+02 7.105427e-15 1.270000e+02 1.302048e+02 75 -2.800150e-01 -5.551115e-16 -0.000000e+00 -0.000000e+00 1.000000e+00
1.000000e+00 1.270000e+02 5.062617e-14 1.285049e+02 2.309264e-14 1.270000e+02 1.285049e+02 76 5.655705e-01 -4.440892e-16 9.055118e-01 -0.000000e+00 1.000000e+00
1.000000e+00 1.270000e+02 2.131628e-14 1.240766e+02 -9.769963e-15 1.270000e+02 1.240766e+02 77 -8.061447e-01 -4.440892e-16 -9.055118e-01 -0.000000e+00 1.000000e+00
1.000000e+00 1.270000e+02 3.996803e-14 1.232257e+02 -1.332268e-14 1.270000e+02 1.232257e+02 78 9.802361e-01 -4.440892e-16 9.055118e-01 -0.000000e+00 1.000000e+00
1.000000e+00 1.270000e+02 5.329071e-15 1.325123e+02 -8.881784e-15 1.270000e+02 1.325123e+02 79 -1.071622e+00 -1.221245e-15 -9.055118e-01 -0.000000e+00 1.000000e+00
1.000000e+00 1.270000e+02 -1.776357e-15 1.276881e+02 -5.329071e-15 1.270000e+02 1.276881e+02 80 1.070803e+00 0.000000e+00 9.055118e-01 0.000000e+00 1.000000e+00
1.000000e+00 1.270000e+02 8.881784e-15 1.211705e+02 3.552714e-15 1.270000e+02 1.211705e+02 81 -9.759223e-01 2.220446e-16 -9.055118e-01 0.000000e+00 1.000000e+00
1.000000e+00 1.270000e+02 7.105427e-15 1.267476e+02 1.776357e-15 1.270000e+02 1.267476e+02 82 7.930729e-01 8.881784e-16 9.055118e-01 0.000000e+00 1.000000e+00
1.000000e+00 1.270000e+02 2.131628e-14 1.255932e+02 1.243450e-14 1.270000e+02 1.255932e+02 83 -5.359557e-01 2.220446e-16 -9.055118e-01 0.000000e+00 1.000000e+00
1.000000e+00 1.270000e+02 1.598721e-14 1.250180e+02 -5.329071e-15 1.270000e+02 1.250180e+02 84 2.249108e-01 5.551115e-16 0.000000e+00 0.000000e+00 1.000000e+00
1.000000e+00 1.270000e+02 3.907985e-14 1.317084e+02 1.776357e-15 1.270000e+02 1.317084e+02 85 1.146183e-01 2.220446e-16 0.000000e+00 0.000000e+00 1.000000e+00
1.000000e+00 1.270000e+02 3.019807e-14 1.284296e+02 -1.776357e-15 1.270000e+02 1.284296e+02 86 -4.540734e-01 -1.110223e-16 -9.055118e-01 -0.000000e+00 1.000000e+00
1.000000e+00 1.270000e+02 3.375078e-14 1.275768e+02 -7.105427e-15 1.270000e+02 1.275768e+02 87 7.640741e-01 5.551115e-16 9.055118e-01 0.000000e+00 1.000000e+00
1.000000e+00 1.270000e+02 1.243450e-14 1.279400e+02 -7.105427e-15 1.270000e+02 1.279400e+02 88 -1.016837e+00 7.771561e-16 -9.055118e-01 0.000000e+00 1.000000e+00
1.000000e+00 1.270000e+02 -3.552714e-15 1.288810e+02 -1.421085e-14 1.270000e+02 1.288810e+02 89 1.188529e+00 6.661338e-16 9.055118e-01 0.000000e+00 1.000000e+00
1.000000e+00 1.270000e+02 5.329071e-15 1.269433e+02 -8.881784e-15 1.270000e+02 1.269433e+02 90 -1.261374e+00 -1.554312e-15 -9.055118e-01 -0.000000e+00 1.000000e+00
1.000000e+00 1.270000e+02 2.842171e-14 1.275094e+02 -5.329071e-15 1.270000e+02 1.275094e+02 91 1.225324e+00 1.443290e-15 9.055118e-01 0.000000e+00 1.000000e+00
1.000000e+00 1.270000e+02 3.552714e-15 1.214613e+02 -8.881784e-15 1.270000e+02 1.214613e+02 92 -1.079164e+00 2.220446e-16 -9.055118e-01 0.000000e+00 1.000000e+00
1.000000e+00 1.270000e+02 -8.881784e-15 1.285838e+02 3.552714e-15 1.270000e+02 1.285838e+02 93 8.309366e-01 1.665335e-15 9.055118e-01 0.000000e+00 1.000000e+00
1.000000e+00 1.270000e+02 1.776357e-14 1.260359e+02 -1.776357e-15 1.270000e+02 1.260359e+02 94 -4.976438e-01 -3.330669e-16 -9.055118e-01 -0.000000e+00 1.000000e+00
1.000000e+00 1.270000e+02 0.000000e+00 1.316410e+02 -1.776357e-15 1.270000e+02 1.316410e+02 95 1.042112e-01 0.000000e+00 0.000000e+00 0.000000e+00 1.000000e+00
1.000000e+00 1.270000e+02 1.953993e-14 1.253184e+02 0.000000e+00 1.270000e+02 1.253184e+02 96 3.182136e-01 6.661338e-16 0.000000e+00 0.000000e+00 1.000000e+00
1.000000e+00 1.270000e+02 7.105427e-15 1.263631e+02 1.776357e-15 1.270000e+02 1.263631e+02 97 -7.345270e-01 -5.551115e-16 -9.055118e-01 -0.000000e+00 1.000000e+00
1.000000e+00 1.270000e+02 8.881784e-15 1.243751e+02 3.552714e-15 1.270000e+02 1.243751e+02 98 1.108340e+00 8.881784e-16 9.055118e-01 0.000000e+00 1.000000e+00
1.000000e+00 1.270000e+02 -3.552714e-15 1.234823e+02 -7.105427e-15 1.270000e+02 1.234823e+02 99 -1.404865e+00 1.221245e-15 -1.811024e+00 0.000000e+00 1.000000e+00
1.000000e+00 1.270000e+02 1.243450e-14 1.264406e+02 7.105427e-15 1.270000e+02 1.264406e+02 100 1.593804e+00 -1.332268e-15 1.811024e+00 -0.000000e+00 1.000000e+00
1.000000e+00 1.270000e+02 1.598721e-14 1.272451e+02 0.000000e+00 1.270000e+02 1.272451e+02 101 -1.652015e+00 -4.440892e-16 -1.811024e+00 -0.000000e+00 1.000000e+00
1.000000e+00 1.270000e+02 -8.881784e-15 1.266993e+02 -1.243450e-14 1.270000e+02 1.266993e+02 102 1.565765e+00 9.992007e-16 1.811024e+00 0.000000e+00 1.000000e+00
1.000000e+00 1.270000e+02 -3.375078e-14 1.226775e+02 -1.243450e-14 1.270000e+02 1.226775e+02 103 -1.332356e+00 5.551115e-16 -9.055118e-01 0.000000e+00 1.000000e+00
1.000000e+00 1.270000e+02 -1.776357e-14 1.199523e+02 -8.881784e-15 1.270000e+02 1.199523e+02 104 9.610156e-01 -4.440892e-16 9.055118e-01 -0.000000e+00 1.000000e+00
1.000000e+00 1.270000e+02 -7.105427e-15 1.281255e+02 -5.329071e-15 1.270000e+02 1.281255e+02 105 -4.729248e-01 3.330669e-16 -9.055118e-01 0.000000e+00 1.000000e+00
1.000000e+00 1.270000e+02 -1.598721e-14 1.255431e+02 -8.881784e-15 1.270000e+02 1.255431e+02 106 -9.961966e-02 -1.110223e-16 -0.000000e+00 -0.000000e+00 1.000000e+00
1.000000e+00 1.270000e+02 -2.131628e-14 1.335533e+02 7.105427e-15 1.270000e+02 1.335533e+02 107 7.149003e-01 -3.330669e-16 9.055118e-01 -0.000000e+00 1.000000e+00
1.000000e+00 1.270000e+02 -1.953993e-14 1.298008e+02 1.776357e-15 1.270000e+02 1.298008e+02 108 -1.324229e+00 -1.110223e-16 -9.055118e-01 -0.000000e+00 1.000000e+00
1.000000e+00 1.270000e+02 -2.842171e-14 1.262574e+02 8.881784e-15 1.270000e+02 1.262574e+02 109 1.875008e+00 -3.330669e-16 1.811024e+00 -0.000000e+00 1.000000e+00
1.000000e+00 1.270000e+02 -2.486900e-14 1.260668e+02 1.776357e-15 1.270000e+02 1.260668e+02 110 -2.314201e+00 -1.665335e-15 -2.716535e+00 -0.000000e+00 1.000000e+00
1.000000e+00 1.270000e+02 -4.263256e-14 1.233209e+02 -3.552714e-15 1.270000e+02 1.233209e+02 111 2.591990e+00 2.220446e-16 2.716535e+00 0.000000e+00 1.000000e+00
1.000000e+00 1.270000e+02 -2.842171e-14 1.255848e+02 -3.552714e-15 1.270000e+02 1.255848e+02 112 -2.665368e+00 -9.992007e-16 -2.716535e+00 -0.000000e+00 1.000000e+00
1.000000e+00 1.270000e+02 -1.509903e-14 1.236229e+02 0.000000e+00 1.270000e+02 1.236229e+02 113 2.501402e+00 -1.776357e-15 2.716535e+00 -0.000000e+00 1.000000e+00
1.000000e+00 1.270000e+02 -2.842171e-14 1.244683e+02 -1.776357e-15 1.270000e+02 1.244683e+02 114 -2.079963e+00 5.551115e-16 -1.811024e+00 0.000000e+00 1.000000e+00
1.000000e+00 1.270000e+02 8.881784e-15 1.215770e+02 1.687539e-14 1.270000e+02 1.215770e+02 115 1.395686e+00 -1.110223e-15 1.811024e+00 -0.000000e+00 1.000000e+00
1.000000e+00 1.270000e+02 -1.421085e-14 1.277263e+02 -5.329071e-15 1.270000e+02 1.277263e+02 116 -4.590311e-01 -1.887379e-15 -9.055118e-01 -0.000000e+00 1.000000e+00
1.000000e+00 1.270000e+02 -1.421085e-14 1.304264e+02 -1.154632e-14 1.270000e+02 1.304264e+02 117 -7.036616e-01 -8.881784e-16 -9.055118e-01 -0.000000e+00 1.000000e+00
1.000000e+00 1.270000e+02 2.042810e-14 1.241519e+02 5.329071e-15 1.270000e+02 1.241519e+02 118 2.051143e+00 -2.220446e-15 1.811024e+00 -0.000000e+00 1.000000e+00
1.000000e+00 1.270000e+02 2.575717e-14 1.265905e+02 6.217249e-15 1.270000e+02 1.265905e+02 119 -3.529219e+00 -2.720046e-15 -3.622047e+00 -0.000000e+00 1.000000e+00
1.000000e+00 1.270000e+02 7.105427e-15 1.304121e+02 -6.217249e-15 1.270000e+02 1.304121e+02 120 5.073594e+00 -1.998401e-15 5.433071e+00 -0.000000e+00 1.000000e+00
1.000000e+00 1.270000e+02 1.287859e-14 1.288326e+02 -1.065814e-14 1.270000e+02 1.288326e+02 121 -6.613425e+00 -2.442491e-15 -6.338583e+00 -0.000000e+00 1.000000e+00
1.000000e+00 1.270000e+02 1.953993e-14 1.304906e+02 6.661338e-15 1.270000e+02 1.304906e+02 122 8.075361e+00 2.664535e-15 8.149606e+00 0.000000e+00 1.000000e+00
1.000000e+00 1.270000e+02 2.708944e-14 1.257959e+02 -3.996803e-15 1.270000e+02 1.257959e+02 123 -9.387825e+00 1.859624e-15 -9.055118e+00 0.000000e+00 1.000000e+00
1.000000e+00 1.270000e+02 6.661338e-15 1.282207e+02 -9.547918e-15 1.270000e+02 1.282207e+02 124 1.048525e+01 8.132384e-15 1.086614e+01 0.000000e+00 1.000000e+00
1.000000e+00 1.270000e+02 -1.199041e-14 1.314434e+02 -8.881784e-16 1.270000e+02 1.314434e+02 125 -1.131201e+01 -3.289036e-15 -1.086614e+01 -0.000000e+00 1.000000e+00
1.000000e+00 1.270000e+02 0.000000e+00 1.322453e+02 7.327472e-15 1.270000e+02 1.322453e+02 126 1.182575e+01 -4.780898e-15 1.177165e+01 -0.000000e+00 1.000000e+00
