0.000000 -0.000000 0.000000 -3.592955 0.000000 0.000000 3.592955 0 204.000000 0.000000 204.000000 0.000000
0.000000 -0.000000 0.000000 -1.465211 0.000000 0.000000 1.465211 1 0.586793 0.000000 0.399217 0.000000
0.000000 -0.000000 0.000000 0.447420 0.000000 0.000000 0.447420 2 -154.572283 -0.000000 -154.497065 -0.000000
0.000000 -0.000000 0.000000 -0.394602 -0.000000 0.000000 0.394602 3 -0.952230 -0.000000 -0.798434 -0.000000
0.000000 -0.000000 0.000000 -1.554382 0.000000 0.000000 1.554382 4 48.127742 0.000000 47.906067 0.000000
0.000000 -0.000000 0.000000 0.495473 0.000000 0.000000 0.495473 5 0.006149 0.000000 0.000000 0.000000
0.000000 -0.000000 0.000000 -0.030057 0.000000 0.000000 0.030057 6 31.546319 0.000000 31.538160 0.000000
0.000000 0.000000 -0.000000 1.820295 0.000000 0.000000 1.820295 7 0.948581 -0.000000 0.798434 -0.000000
0.000000 0.000000 -0.000000 0.372320 0.000000 0.000000 0.372320 8 -38.799490 -0.000000 -38.724070 -0.000000
0.000000 0.000000 -0.000000 0.371729 -0.000000 0.000000 0.371729 9 -0.596930 0.000000 -0.399217 0.000000
0.000000 0.000000 -0.000000 -0.761865 0.000000 0.000000 0.761865 10 0.400053 0.000000 0.399217 0.000000
0.000000 0.000000 -0.000000 1.564745 -0.000000 0.000000 1.564745 11 -0.577119 -0.000000 -0.399217 -0.000000
0.000000 0.000000 -0.000000 0.217477 -0.000000 0.000000 0.217477 12 25.661974 0.000000 25.549902 0.000000
0.000000 -0.000000 -0.000000 -2.748176 0.000000 0.000000 2.748176 13 0.956638 0.000000 0.798434 0.000000
0.000000 0.000000 -0.000000 -1.242217 0.000000 0.000000 1.242217 14 -13.984027 0.000000 -13.972603 0.000000
0.000000 0.000000 0.000000 1.617622 0.000000 0.000000 1.617622 15 -0.018462 0.000000 -0.000000 0.000000
0.000000 -0.000000 -0.000000 2.526364 0.000000 0.000000 2.526364 16 -11.629665 -0.000000 -11.577299 -0.000000
0.000000 -0.000000 -0.000000 -2.725387 0.000000 0.000000 2.725387 17 -0.945681 -0.000000 -0.798434 -0.000000
0.000000 0.000000 -0.000000 -0.274481 -0.000000 0.000000 0.274481 18 17.316598 0.000000 17.166341 0.000000
0.000000 0.000000 -0.000000 0.167787 -0.000000 0.000000 0.167787 19 0.607559 0.000000 0.399217 0.000000
0.000000 0.000000 -0.000000 -0.170477 -0.000000 0.000000 0.170477 20 -0.400212 -0.000000 -0.399217 -0.000000
0.000000 0.000000 -0.000000 0.177744 -0.000000 0.000000 0.177744 21 0.567885 -0.000000 0.399217 -0.000000
0.000000 0.000000 -0.000000 -1.006290 0.000000 0.000000 1.006290 22 -13.945107 0.000000 -13.573386 0.000000
0.000000 -0.000000 0.000000 0.571429 0.000000 0.000000 0.571429 23 -0.961817 0.000000 -0.798434 0.000000
0.000000 0.000000 -0.000000 -1.736648 0.000000 0.000000 1.736648 24 8.294864 0.000000 7.984344 0.000000
0.000000 0.000000 -0.000000 -13.762872 0.000000 0.000000 13.762872 25 0.030826 0.000000 0.000000 0.000000
0.000000 -0.000000 -0.000000 6.037187 0.000000 0.000000 6.037187 26 7.034562 0.000000 6.786693 0.000000
0.000000 -0.000000 -0.000000 -2.337408 0.000000 0.000000 2.337408 27 0.943523 0.000000 0.798434 0.000000
0.000000 0.000000 -0.000000 3.376997 -0.000000 0.000000 3.376997 28 -11.180504 0.000000 -11.178082 0.000000
0.000000 -0.000000 -0.000000 6.426180 0.000000 0.000000 6.426180 29 -0.618710 0.000000 -0.399217 0.000000
0.000000 0.000000 0.000000 -5.343625 0.000000 0.000000 5.343625 30 0.400477 -0.000000 0.399217 -0.000000
0.000000 -0.000000 -0.000000 2.318972 -0.000000 0.000000 2.318972 31 -0.559065 0.000000 -0.399217 0.000000
0.000000 0.000000 0.000000 0.808470 0.000000 0.000000 0.808470 32 9.552801 0.000000 9.181996 0.000000
0.000000 -0.000000 0.000000 1.011821 0.000000 0.000000 1.011821 33 0.967784 0.000000 0.798434 0.000000
0.000000 -0.000000 -0.000000 -3.811643 -0.000000 0.000000 3.811643 34 -5.953373 0.000000 -5.589041 0.000000
0.000000 -0.000000 -0.000000 -0.610551 0.000000 0.000000 0.610551 35 -0.043272 0.000000 -0.000000 0.000000
0.000000 -0.000000 -0.000000 -3.020651 -0.000000 0.000000 3.020651 36 -4.992981 0.000000 -4.790607 0.000000
0.000000 -0.000000 -0.000000 -1.416586 -0.000000 0.000000 1.416586 37 -0.942106 0.000000 -0.798434 0.000000
0.000000 -0.000000 -0.000000 1.198244 0.000000 0.000000 1.198244 38 8.275345 0.000000 7.984344 0.000000
0.000000 -0.000000 0.000000 0.266828 -0.000000 0.000000 0.266828 39 0.630415 0.000000 0.399217 0.000000
0.000000 0.000000 -0.000000 -1.661562 -0.000000 0.000000 1.661562 40 -0.400848 0.000000 -0.399217 0.000000
0.000000 0.000000 -0.000000 0.154443 0.000000 0.000000 0.154443 41 0.550638 0.000000 0.399217 0.000000
0.000000 -0.000000 -0.000000 -0.492330 0.000000 0.000000 0.492330 42 -7.253207 0.000000 -7.185910 0.000000
0.000000 0.000000 -0.000000 -0.924629 0.000000 0.000000 0.924629 43 -0.974560 0.000000 -0.798434 0.000000
0.000000 -0.000000 -0.000000 1.573046 0.000000 0.000000 1.573046 44 4.677111 0.000000 4.391389 0.000000
0.000000 -0.000000 0.000000 3.441968 -0.000000 0.000000 3.441968 45 0.055837 -0.000000 0.000000 -0.000000
0.000000 0.000000 0.000000 0.699033 0.000000 0.000000 0.699033 46 3.839527 0.000000 3.592955 0.000000
0.000000 -0.000000 -0.000000 0.867045 0.000000 0.000000 0.867045 47 0.941429 0.000000 0.798434 0.000000
0.000000 0.000000 -0.000000 0.714337 0.000000 0.000000 0.714337 48 -6.581809 -0.000000 -6.387476 -0.000000
0.000000 -0.000000 -0.000000 1.184530 0.000000 0.000000 1.184530 49 -0.642709 0.000000 -0.399217 0.000000
0.000000 -0.000000 0.000000 -0.259457 0.000000 0.000000 0.259457 50 0.401326 0.000000 0.399217 0.000000
0.000000 0.000000 0.000000 -1.020682 0.000000 0.000000 1.020682 51 -0.542585 0.000000 -0.399217 0.000000
0.000000 -0.000000 0.000000 2.450004 -0.000000 0.000000 2.450004 52 5.838976 0.000000 5.589041 0.000000
0.000000 0.000000 0.000000 0.128639 -0.000000 0.000000 0.128639 53 0.982168 0.000000 0.798434 0.000000
0.000000 -0.000000 0.000000 -0.418608 0.000000 0.000000 0.418608 54 -3.874334 -0.000000 -3.592955 -0.000000
0.000000 0.000000 0.000000 0.225008 0.000000 0.000000 0.225008 55 -0.068553 0.000000 -0.000000 0.000000
0.000000 -0.000000 -0.000000 3.296402 0.000000 0.000000 3.296402 56 -3.098373 -0.000000 -2.794521 -0.000000
0.000000 -0.000000 0.000000 -1.519619 0.000000 0.000000 1.519619 57 -0.941497 0.000000 -0.798434 0.000000
0.000000 0.000000 0.000000 -0.320585 -0.000000 0.000000 0.320585 58 5.473217 0.000000 5.189824 0.000000
0.000000 0.000000 0.000000 -1.184969 0.000000 0.000000 1.184969 59 0.655632 0.000000 0.399217 0.000000
0.000000 0.000000 0.000000 1.246989 0.000000 0.000000 1.246989 60 -0.401912 -0.000000 -0.399217 -0.000000
0.000000 -0.000000 -0.000000 1.089400 -0.000000 0.000000 1.089400 61 0.534885 0.000000 0.399217 0.000000
0.000000 0.000000 0.000000 -0.657487 0.000000 0.000000 0.657487 62 -4.881692 -0.000000 -4.790607 -0.000000
0.000000 -0.000000 0.000000 -1.417726 0.000000 0.000000 1.417726 63 -0.990637 -0.000000 -0.798434 -0.000000
0.000000 -0.000000 0.000000 0.973998 0.000000 0.000000 0.973998 64 3.323141 0.000000 3.193738 0.000000
0.000000 -0.000000 0.000000 0.941179 0.000000 0.000000 0.941179 65 0.081459 -0.000000 0.000000 -0.000000
0.000000 0.000000 0.000000 0.085585 0.000000 0.000000 0.085585 66 2.582072 0.000000 2.395303 0.000000
0.000000 0.000000 0.000000 0.987522 0.000000 0.000000 0.987522 67 0.942317 -0.000000 0.798434 -0.000000
0.000000 -0.000000 -0.000000 1.464062 -0.000000 0.000000 1.464062 68 -4.691523 -0.000000 -4.391389 -0.000000
0.000000 -0.000000 0.000000 -2.423386 -0.000000 0.000000 2.423386 69 -0.669224 0.000000 -0.399217 0.000000
0.000000 0.000000 0.000000 0.463948 -0.000000 0.000000 0.463948 70 0.402606 -0.000000 0.399217 -0.000000
0.000000 -0.000000 0.000000 3.159138 0.000000 0.000000 3.159138 71 -0.527523 -0.000000 -0.399217 -0.000000
0.000000 -0.000000 0.000000 2.375449 0.000000 0.000000 2.375449 72 4.190952 0.000000 3.992172 0.000000
0.000000 0.000000 -0.000000 2.717280 0.000000 0.000000 2.717280 73 1.000000 -0.000000 0.798434 -0.000000
0.000000 0.000000 -0.000000 4.638186 -0.000000 0.000000 4.638186 74 -2.921575 -0.000000 -2.794521 -0.000000
0.000000 0.000000 0.000000 10.188631 0.000000 0.000000 10.188631 75 -0.094591 -0.000000 -0.000000 -0.000000
0.000000 -0.000000 0.000000 19.098232 -0.000000 0.000000 19.098232 76 -2.201835 -0.000000 -1.996086 -0.000000
1.000000 511.000000 0.000000 466.504608 -0.000000 511.000000 466.504608 77 -0.943901 0.000000 -0.798434 0.000000
1.000000 511.000000 -0.000000 503.252120 -0.000000 511.000000 503.252120 78 4.111014 0.000000 3.992172 0.000000
1.000000 511.000000 0.000000 507.283770 -0.000000 511.000000 507.283770 79 0.683533 -0.000000 0.399217 -0.000000
1.000000 511.000000 0.000000 507.956127 -0.000000 511.000000 507.956127 80 -0.403409 -0.000000 -0.399217 -0.000000
1.000000 511.000000 -0.000000 508.376883 -0.000000 511.000000 508.376883 81 0.520481 0.000000 0.399217 0.000000
1.000000 511.000000 -0.000000 509.077437 -0.000000 511.000000 509.077437 82 -3.669231 -0.000000 -3.592955 -0.000000
1.000000 511.000000 0.000000 509.427845 -0.000000 511.000000 509.427845 83 -1.010295 0.000000 -0.798434 0.000000
1.000000 511.000000 0.000000 511.988524 -0.000000 511.000000 511.988524 84 2.616234 0.000000 2.395303 0.000000
1.000000 511.000000 -0.000000 511.066025 -0.000000 511.000000 511.066025 85 0.107990 -0.000000 0.000000 -0.000000
1.000000 511.000000 0.000000 510.421977 0.000000 511.000000 510.421977 86 1.910167 0.000000 1.596869 0.000000
1.000000 511.000000 0.000000 512.256871 -0.000000 511.000000 512.256871 87 0.946264 0.000000 0.798434 0.000000
1.000000 511.000000 0.000000 510.140445 -0.000000 511.000000 510.140445 88 -3.663120 0.000000 -3.592955 0.000000
1.000000 511.000000 -0.000000 513.662404 0.000000 511.000000 513.662404 89 -0.698608 -0.000000 -0.399217 -0.000000
1.000000 511.000000 -0.000000 512.141277 -0.000000 511.000000 512.141277 90 0.404322 -0.000000 0.399217 -0.000000
1.000000 511.000000 -0.000000 509.512132 0.000000 511.000000 509.512132 91 -0.513745 0.000000 -0.399217 0.000000
1.000000 511.000000 0.000000 512.782885 0.000000 511.000000 512.782885 92 3.261406 0.000000 3.193738 0.000000
1.000000 511.000000 0.000000 512.566057 -0.000000 511.000000 512.566057 93 1.021566 -0.000000 0.798434 -0.000000
1.000000 511.000000 0.000000 511.848829 -0.000000 511.000000 511.848829 94 -2.376438 -0.000000 -1.996086 -0.000000
1.000000 511.000000 -0.000000 509.460957 -0.000000 511.000000 509.460957 95 -0.121698 0.000000 -0.000000 0.000000
1.000000 511.000000 -0.000000 510.162332 -0.000000 511.000000 510.162332 96 -1.679365 -0.000000 -1.596869 -0.000000
1.000000 511.000000 0.000000 509.900419 -0.000000 511.000000 509.900419 97 -0.949425 0.000000 -0.798434 0.000000
1.000000 511.000000 -0.000000 512.538366 -0.000000 511.000000 512.538366 98 3.307260 0.000000 3.193738 0.000000
1.000000 511.000000 0.000000 510.228797 0.000000 511.000000 510.228797 99 0.714505 0.000000 0.399217 0.000000
1.000000 511.000000 0.000000 509.671388 -0.000000 511.000000 509.671388 100 -0.405346 0.000000 -0.399217 0.000000
1.000000 511.000000 0.000000 510.725904 -0.000000 511.000000 510.725904 101 0.507300 0.000000 0.399217 0.000000
1.000000 511.000000 0.000000 512.584557 -0.000000 511.000000 512.584557 102 -2.933973 -0.000000 -2.794521 -0.000000
1.000000 511.000000 0.000000 511.267287 0.000000 511.000000 511.267287 103 -1.033860 -0.000000 -0.798434 -0.000000
1.000000 511.000000 0.000000 511.580638 -0.000000 511.000000 511.580638 104 2.183310 0.000000 1.996086 0.000000
1.000000 511.000000 0.000000 511.556048 -0.000000 511.000000 511.556048 105 0.135759 0.000000 0.000000 0.000000
1.000000 511.000000 -0.000000 509.601942 -0.000000 511.000000 509.601942 106 1.492179 0.000000 1.197652 0.000000
1.000000 511.000000 0.000000 508.045480 -0.000000 511.000000 508.045480 107 0.953407 0.000000 0.798434 0.000000
1.000000 511.000000 0.000000 510.717610 -0.000000 511.000000 510.717610 108 -3.017883 0.000000 -2.794521 0.000000
1.000000 511.000000 -0.000000 508.447685 -0.000000 511.000000 508.447685 109 -0.731285 0.000000 -0.399217 0.000000
1.000000 511.000000 -0.000000 510.757237 -0.000000 511.000000 510.757237 110 0.406483 0.000000 0.399217 0.000000
1.000000 511.000000 0.000000 511.195659 0.000000 511.000000 511.195659 111 -0.501134 0.000000 -0.399217 0.000000
1.000000 511.000000 0.000000 507.659587 0.000000 511.000000 507.659587 112 2.665392 0.000000 2.395303 0.000000
1.000000 511.000000 0.000000 510.601970 -0.000000 511.000000 510.601970 113 1.047235 0.000000 0.798434 0.000000
1.000000 511.000000 0.000000 513.147058 -0.000000 511.000000 513.147058 114 -2.024597 0.000000 -1.996086 0.000000
1.000000 511.000000 0.000000 510.836596 0.000000 511.000000 510.836596 115 -0.150221 0.000000 -0.000000 0.000000
1.000000 511.000000 0.000000 508.656643 0.000000 511.000000 508.656643 116 -1.337307 0.000000 -1.197652 0.000000
1.000000 511.000000 0.000000 513.907447 0.000000 511.000000 513.907447 117 -0.958239 0.000000 -0.798434 0.000000
1.000000 511.000000 0.000000 507.889188 -0.000000 511.000000 507.889188 118 2.778100 0.000000 2.395303 0.000000
1.000000 511.000000 0.000000 516.561041 0.000000 511.000000 516.561041 119 0.749015 0.000000 0.399217 0.000000
1.000000 511.000000 -0.000000 510.644084 -0.000000 511.000000 510.644084 120 -0.407734 0.000000 -0.399217 0.000000
1.000000 511.000000 0.000000 511.161559 0.000000 511.000000 511.161559 121 0.495234 -0.000000 0.399217 -0.000000
1.000000 511.000000 0.000000 510.161231 0.000000 511.000000 510.161231 122 -2.441188 0.000000 -2.395303 0.000000
1.000000 511.000000 0.000000 513.200209 -0.000000 511.000000 513.200209 123 -1.061751 -0.000000 -0.798434 -0.000000
1.000000 511.000000 -0.000000 504.012680 -0.000000 511.000000 504.012680 124 1.891997 0.000000 1.596869 0.000000
1.000000 511.000000 -0.000000 512.979590 -0.000000 511.000000 512.979590 125 0.165135 -0.000000 0.000000 -0.000000
1.000000 511.000000 -0.000000 509.493880 -0.000000 511.000000 509.493880 126 1.207035 -0.000000 1.197652 -0.000000
1.000000 511.000000 -0.000000 507.137115 -0.000000 511.000000 507.137115 127 0.963953 0.000000 0.798434 0.000000
1.000000 511.000000 -0.000000 511.848654 -0.000000 511.000000 511.848654 128 -2.576300 0.000000 -2.395303 0.000000
1.000000 511.000000 0.000000 511.327537 -0.000000 511.000000 511.327537 129 -0.767770 -0.000000 -0.399217 -0.000000
1.000000 511.000000 -0.000000 506.204260 -0.000000 511.000000 506.204260 130 0.409101 0.000000 0.399217 0.000000
1.000000 511.000000 -0.000000 510.040974 -0.000000 511.000000 510.040974 131 -0.489588 0.000000 -0.399217 0.000000
1.000000 511.000000 0.000000 511.247029 -0.000000 511.000000 511.247029 132 2.251270 0.000000 1.996086 0.000000
1.000000 511.000000 0.000000 508.693882 -0.000000 511.000000 508.693882 133 1.077480 0.000000 0.798434 0.000000
1.000000 511.000000 0.000000 510.489969 -0.000000 511.000000 510.489969 134 -1.779691 -0.000000 -1.596869 -0.000000
1.000000 511.000000 -0.000000 513.347641 -0.000000 511.000000 513.347641 135 -0.180558 0.000000 -0.000000 0.000000
1.000000 511.000000 -0.000000 511.922552 -0.000000 511.000000 511.922552 136 -1.095917 0.000000 -0.798434 0.000000
1.000000 511.000000 -0.000000 512.674299 -0.000000 511.000000 512.674299 137 -0.970590 -0.000000 -0.798434 -0.000000
1.000000 511.000000 -0.000000 510.391216 -0.000000 511.000000 510.391216 138 2.404240 0.000000 2.395303 0.000000
1.000000 511.000000 -0.000000 512.958943 -0.000000 511.000000 512.958943 139 0.787632 0.000000 0.399217 0.000000
1.000000 511.000000 -0.000000 507.634881 -0.000000 511.000000 507.634881 140 -0.410584 0.000000 -0.399217 0.000000
1.000000 511.000000 -0.000000 512.493854 -0.000000 511.000000 512.493854 141 0.484187 0.000000 0.399217 0.000000
1.000000 511.000000 0.000000 512.968899 0.000000 511.000000 512.968899 142 -2.088391 0.000000 -1.996086 0.000000
1.000000 511.000000 -0.000000 509.151107 -0.000000 511.000000 509.151107 143 -1.094500 0.000000 -0.798434 0.000000
1.000000 511.000000 -0.000000 507.185131 0.000000 511.000000 507.185131 144 1.683474 -0.000000 1.596869 -0.000000
1.000000 511.000000 -0.000000 513.055584 0.000000 511.000000 513.055584 145 0.196550 0.000000 0.000000 0.000000
1.000000 511.000000 0.000000 509.789232 -0.000000 511.000000 509.789232 146 1.000000 -0.000000 0.798434 -0.000000
1.000000 511.000000 0.000000 507.989524 0.000000 511.000000 507.989524 147 0.978193 -0.000000 0.798434 -0.000000
1.000000 511.000000 0.000000 510.599663 -0.000000 511.000000 510.599663 148 -2.255903 0.000000 -1.996086 0.000000
1.000000 511.000000 0.000000 508.143917 0.000000 511.000000 508.143917 149 -0.808691 -0.000000 -0.798434 -0.000000
1.000000 511.000000 -0.000000 510.972892 -0.000000 511.000000 510.972892 150 0.412187 -0.000000 0.399217 -0.000000
1.000000 511.000000 -0.000000 511.333654 -0.000000 511.000000 511.333654 151 -0.479020 0.000000 -0.399217 0.000000
1.000000 511.000000 -0.000000 511.220299 -0.000000 511.000000 511.220299 152 1.947212 -0.000000 1.596869 -0.000000
1.000000 511.000000 0.000000 512.618612 -0.000000 511.000000 512.618612 153 1.112902 0.000000 0.798434 0.000000
1.000000 511.000000 -0.000000 511.866912 -0.000000 511.000000 511.866912 154 -1.600234 0.000000 -1.596869 0.000000
1.000000 511.000000 -0.000000 508.832238 -0.000000 511.000000 508.832238 155 -0.213177 0.000000 -0.000000 0.000000
1.000000 511.000000 -0.000000 510.856378 -0.000000 511.000000 510.856378 156 -0.916343 0.000000 -0.798434 0.000000
1.000000 511.000000 -0.000000 511.984638 -0.000000 511.000000 511.984638 157 -0.986814 -0.000000 -0.798434 -0.000000
1.000000 511.000000 -0.000000 509.681977 -0.000000 511.000000 509.681977 158 2.126798 0.000000 1.996086 0.000000
1.000000 511.000000 0.000000 511.313594 -0.000000 511.000000 511.313594 159 0.831052 0.000000 0.798434 0.000000
1.000000 511.000000 0.000000 509.456392 -0.000000 511.000000 509.456392 160 -0.413912 -0.000000 -0.399217 -0.000000
1.000000 511.000000 -0.000000 510.286976 0.000000 511.000000 510.286976 161 0.474077 -0.000000 0.399217 -0.000000
1.000000 511.000000 0.000000 511.990997 -0.000000 511.000000 511.990997 162 -1.823712 0.000000 -1.596869 0.000000
1.000000 511.000000 -0.000000 513.618018 -0.000000 511.000000 513.618018 163 -1.132786 0.000000 -0.798434 0.000000
1.000000 511.000000 0.000000 511.159238 -0.000000 511.000000 511.159238 164 1.527621 0.000000 1.197652 0.000000
1.000000 511.000000 -0.000000 509.893652 -0.000000 511.000000 509.893652 165 0.230513 0.000000 0.000000 0.000000
1.000000 511.000000 0.000000 512.426254 0.000000 511.000000 512.426254 166 0.842714 -0.000000 0.798434 -0.000000
1.000000 511.000000 0.000000 514.596231 0.000000 511.000000 514.596231 167 0.996515 0.000000 0.798434 0.000000
1.000000 511.000000 0.000000 508.888450 -0.000000 511.000000 508.888450 168 -2.013502 0.000000 -1.996086 0.000000
1.000000 511.000000 -0.000000 511.163289 -0.000000 511.000000 511.163289 169 -0.854826 0.000000 -0.798434 0.000000
1.000000 511.000000 -0.000000 511.900288 -0.000000 511.000000 511.900288 170 0.415760 0.000000 0.399217 0.000000
1.000000 511.000000 -0.000000 512.100922 -0.000000 511.000000 512.100922 171 -0.469350 -0.000000 -0.399217 -0.000000
1.000000 511.000000 0.000000 508.588187 0.000000 511.000000 508.588187 172 1.714804 0.000000 1.596869 0.000000
1.000000 511.000000 -0.000000 510.656196 -0.000000 511.000000 510.656196 173 1.154266 0.000000 0.798434 0.000000
1.000000 511.000000 -0.000000 508.920394 0.000000 511.000000 508.920394 174 -1.463824 0.000000 -1.197652 0.000000
1.000000 511.000000 -0.000000 508.729269 -0.000000 511.000000 508.729269 175 -0.248637 0.000000 -0.000000 0.000000
1.000000 511.000000 -0.000000 504.800696 -0.000000 511.000000 504.800696 176 -0.777388 -0.000000 -0.399217 -0.000000
1.000000 511.000000 0.000000 505.920694 0.000000 511.000000 505.920694 177 -1.007363 0.000000 -0.798434 0.000000
1.000000 511.000000 -0.000000 506.638195 -0.000000 511.000000 506.638195 178 1.913362 0.000000 1.596869 0.000000
0.000000 -0.000000 -0.000000 31.733976 0.000000 0.000000 31.733976 179 0.880143 0.000000 0.798434 0.000000
0.000000 -0.000000 -0.000000 4.170057 -0.000000 0.000000 4.170057 180 -0.417734 0.000000 -0.399217 0.000000
0.000000 -0.000000 -0.000000 4.214325 -0.000000 0.000000 4.214325 181 0.464832 0.000000 0.399217 0.000000
0.000000 0.000000 -0.000000 2.570604 0.000000 0.000000 2.570604 182 -1.618081 0.000000 -1.596869 0.000000
0.000000 0.000000 0.000000 8.020546 0.000000 0.000000 8.020546 183 -1.177471 0.000000 -0.798434 0.000000
0.000000 0.000000 -0.000000 -2.838711 -0.000000 0.000000 2.838711 184 1.407428 0.000000 1.197652 0.000000
0.000000 -0.000000 -0.000000 5.560838 -0.000000 0.000000 5.560838 185 0.267641 0.000000 0.000000 0.000000
0.000000 -0.000000 -0.000000 -3.850737 0.000000 0.000000 3.850737 186 0.719010 0.000000 0.399217 0.000000
0.000000 -0.000000 -0.000000 1.780268 0.000000 0.000000 1.780268 187 1.019438 0.000000 0.798434 0.000000
0.000000 0.000000 -0.000000 0.217331 0.000000 0.000000 0.217331 188 -1.824293 -0.000000 -1.596869 -0.000000
0.000000 0.000000 0.000000 -0.453541 0.000000 0.000000 0.453541 189 -0.907145 0.000000 -0.798434 0.000000
0.000000 -0.000000 0.000000 2.337302 -0.000000 0.000000 2.337302 190 0.419836 0.000000 0.399217 0.000000
0.000000 -0.000000 -0.000000 0.765553 0.000000 0.000000 0.765553 191 -0.460513 0.000000 -0.399217 0.000000
0.000000 0.000000 -0.000000 -1.774436 -0.000000 0.000000 1.774436 192 1.531637 0.000000 1.197652 0.000000
0.000000 -0.000000 0.000000 0.139114 0.000000 0.000000 0.139114 193 1.202547 0.000000 1.197652 0.000000
0.000000 0.000000 0.000000 0.381683 0.000000 0.000000 0.381683 194 -1.357309 0.000000 -1.197652 0.000000
0.000000 0.000000 -0.000000 0.300125 -0.000000 0.000000 0.300125 195 -0.287622 0.000000 -0.000000 0.000000
0.000000 -0.000000 0.000000 0.850343 0.000000 0.000000 0.850343 196 -0.666502 -0.000000 -0.399217 -0.000000
0.000000 0.000000 0.000000 -1.204174 0.000000 0.000000 1.204174 197 -1.032829 0.000000 -0.798434 0.000000
0.000000 -0.000000 -0.000000 -0.469664 0.000000 0.000000 0.469664 198 1.744627 0.000000 1.596869 0.000000
0.000000 0.000000 -0.000000 -0.358673 0.000000 0.000000 0.358673 199 0.935996 0.000000 0.798434 0.000000
0.000000 -0.000000 0.000000 3.161968 0.000000 0.000000 3.161968 200 -0.422071 0.000000 -0.399217 0.000000
0.000000 0.000000 0.000000 -0.249128 -0.000000 0.000000 0.249128 201 0.456387 0.000000 0.399217 0.000000
0.000000 -0.000000 0.000000 -0.561757 -0.000000 0.000000 0.561757 202 -1.453944 -0.000000 -1.197652 -0.000000
0.000000 0.000000 0.000000 0.307459 0.000000 0.000000 0.307459 203 -1.229660 0.000000 -1.197652 0.000000
0.000000 0.000000 -0.000000 3.336758 0.000000 0.000000 3.336758 204 1.312564 -0.000000 1.197652 -0.000000
0.000000 0.000000 0.000000 -2.888330 0.000000 0.000000 2.888330 205 0.308695 -0.000000 0.000000 -0.000000
0.000000 0.000000 0.000000 0.870346 0.000000 0.000000 0.870346 206 0.618995 0.000000 0.399217 0.000000
0.000000 -0.000000 -0.000000 1.356420 0.000000 0.000000 1.356420 207 1.047641 0.000000 0.798434 0.000000
0.000000 -0.000000 0.000000 0.889457 0.000000 0.000000 0.889457 208 -1.673021 -0.000000 -1.596869 -0.000000
0.000000 -0.000000 -0.000000 0.468202 -0.000000 0.000000 0.468202 209 -0.966877 0.000000 -0.798434 0.000000
0.000000 0.000000 0.000000 1.486215 -0.000000 0.000000 1.486215 210 0.424440 0.000000 0.399217 0.000000
0.000000 -0.000000 -0.000000 3.783631 -0.000000 0.000000 3.783631 211 -0.452447 -0.000000 -0.399217 -0.000000
0.000000 0.000000 0.000000 0.402948 0.000000 0.000000 0.402948 212 1.383762 0.000000 1.197652 0.000000
0.000000 0.000000 -0.000000 -1.970052 -0.000000 0.000000 1.970052 213 1.258999 -0.000000 1.197652 -0.000000
0.000000 0.000000 -0.000000 -0.218621 -0.000000 0.000000 0.218621 214 -1.272462 0.000000 -1.197652 0.000000
0.000000 -0.000000 0.000000 1.486534 -0.000000 0.000000 1.486534 215 -0.330985 -0.000000 -0.000000 -0.000000
0.000000 0.000000 -0.000000 -3.551470 0.000000 0.000000 3.551470 216 -0.575779 -0.000000 -0.399217 -0.000000
0.000000 0.000000 -0.000000 1.774409 -0.000000 0.000000 1.774409 217 -1.063992 0.000000 -0.798434 0.000000
0.000000 -0.000000 -0.000000 1.163188 0.000000 0.000000 1.163188 218 1.608378 0.000000 1.596869 0.000000
0.000000 0.000000 0.000000 -3.504555 0.000000 0.000000 3.504555 219 1.000000 -0.000000 0.798434 -0.000000
0.000000 -0.000000 -0.000000 -1.675557 0.000000 0.000000 1.675557 220 -0.426947 -0.000000 -0.399217 -0.000000
0.000000 0.000000 -0.000000 -2.589662 0.000000 0.000000 2.589662 221 0.448687 0.000000 0.399217 0.000000
0.000000 -0.000000 0.000000 -0.983809 0.000000 0.000000 0.983809 222 -1.320074 -0.000000 -1.197652 -0.000000
0.000000 -0.000000 -0.000000 1.865530 0.000000 0.000000 1.865530 223 -1.290781 0.000000 -1.197652 0.000000
0.000000 0.000000 -0.000000 -0.823037 0.000000 0.000000 0.823037 224 1.236402 -0.000000 1.197652 -0.000000
0.000000 0.000000 0.000000 -0.016413 0.000000 0.000000 0.016413 225 0.354637 -0.000000 0.000000 -0.000000
0.000000 0.000000 -0.000000 3.202347 0.000000 0.000000 3.202347 226 0.536272 0.000000 0.399217 0.000000
0.000000 -0.000000 0.000000 -2.301081 0.000000 0.000000 2.301081 227 1.082021 0.000000 0.798434 0.000000
0.000000 0.000000 -0.000000 6.823553 0.000000 0.000000 6.823553 228 -1.549794 -0.000000 -1.197652 -0.000000
0.000000 0.000000 0.000000 4.920174 -0.000000 0.000000 4.920174 229 -1.035602 0.000000 -0.798434 0.000000
0.000000 -0.000000 -0.000000 4.467308 -0.000000 0.000000 4.467308 230 0.429595 0.000000 0.399217 0.000000
0.000000 0.000000 0.000000 0.550030 0.000000 0.000000 0.550030 231 -0.445101 0.000000 -0.399217 0.000000
0.000000 -0.000000 -0.000000 -4.809372 -0.000000 0.000000 4.809372 232 1.262041 0.000000 1.197652 0.000000
0.000000 0.000000 0.000000 0.986853 0.000000 0.000000 0.986853 233 1.325254 -0.000000 1.197652 -0.000000
0.000000 -0.000000 -0.000000 -2.321518 -0.000000 0.000000 2.321518 234 -1.203886 -0.000000 -1.197652 -0.000000
0.000000 -0.000000 0.000000 4.656792 0.000000 0.000000 4.656792 235 -0.379813 0.000000 -0.000000 0.000000
0.000000 -0.000000 0.000000 -4.473063 0.000000 0.000000 4.473063 236 -0.499987 0.000000 -0.399217 0.000000
0.000000 0.000000 0.000000 0.894989 0.000000 0.000000 0.894989 237 -1.101887 0.000000 -0.798434 0.000000
0.000000 0.000000 -0.000000 0.761165 -0.000000 0.000000 0.761165 238 1.496516 0.000000 1.197652 0.000000
0.000000 0.000000 0.000000 -2.916420 0.000000 0.000000 2.916420 239 1.073957 0.000000 0.798434 0.000000
0.000000 0.000000 0.000000 3.195407 0.000000 0.000000 3.195407 240 -0.432389 0.000000 -0.399217 0.000000
0.000000 0.000000 0.000000 0.821813 0.000000 0.000000 0.821813 241 0.441684 -0.000000 0.399217 -0.000000
0.000000 -0.000000 -0.000000 -1.986736 -0.000000 0.000000 1.986736 242 -1.208959 -0.000000 -1.197652 -0.000000
0.000000 0.000000 0.000000 -3.205619 0.000000 0.000000 3.205619 243 -1.362704 -0.000000 -1.197652 -0.000000
0.000000 -0.000000 -0.000000 2.987603 -0.000000 0.000000 2.987603 244 1.174499 0.000000 0.798434 0.000000
0.000000 0.000000 -0.000000 -0.882570 -0.000000 0.000000 0.882570 245 0.406702 -0.000000 0.399217 -0.000000
0.000000 0.000000 0.000000 1.541353 0.000000 0.000000 1.541353 246 0.466517 -0.000000 0.399217 -0.000000
0.000000 0.000000 0.000000 -2.311722 0.000000 0.000000 2.311722 247 1.123772 -0.000000 0.798434 -0.000000
0.000000 -0.000000 0.000000 3.054215 0.000000 0.000000 3.054215 248 -1.447917 -0.000000 -1.197652 -0.000000
0.000000 0.000000 -0.000000 1.042930 0.000000 0.000000 1.042930 249 -1.115381 -0.000000 -0.798434 -0.000000
0.000000 0.000000 0.000000 -0.619922 0.000000 0.000000 0.619922 250 0.435332 0.000000 0.399217 0.000000
0.000000 0.000000 -0.000000 -0.699160 0.000000 0.000000 0.699160 251 -0.438429 0.000000 -0.399217 0.000000
0.000000 -0.000000 -0.000000 0.051371 0.000000 0.000000 0.051371 252 1.160239 -0.000000 0.798434 -0.000000
0.000000 -0.000000 -0.000000 -0.879015 -0.000000 0.000000 0.879015 253 1.403463 0.000000 1.197652 0.000000
0.000000 0.000000 0.000000 0.060956 0.000000 0.000000 0.060956 254 -1.147893 0.000000 -0.798434 0.000000
0.000000 -0.000000 -0.000000 -2.806654 -0.000000 0.000000 2.806654 255 -0.435520 0.000000 -0.399217 0.000000
0.000000 -0.000000 -0.000000 -2.806654 0.000000 0.000000 2.806654 256 -0.435520 0.000000 -0.399217 0.000000
0.000000 -0.000000 -0.000000 0.060956 -0.000000 0.000000 0.060956 257 -1.147893 -0.000000 -0.798434 -0.000000
0.000000 -0.000000 0.000000 -0.879015 0.000000 0.000000 0.879015 258 1.403463 0.000000 1.197652 0.000000
0.000000 -0.000000 -0.000000 0.051371 0.000000 0.000000 0.051371 259 1.160239 0.000000 0.798434 0.000000
0.000000 0.000000 -0.000000 -0.699160 0.000000 0.000000 0.699160 260 -0.438429 0.000000 -0.399217 0.000000
0.000000 0.000000 -0.000000 -0.619922 -0.000000 0.000000 0.619922 261 0.435332 0.000000 0.399217 0.000000
0.000000 0.000000 -0.000000 1.042930 0.000000 0.000000 1.042930 262 -1.115381 -0.000000 -0.798434 -0.000000
0.000000 -0.000000 0.000000 3.054215 0.000000 0.000000 3.054215 263 -1.447917 0.000000 -1.197652 0.000000
0.000000 -0.000000 0.000000 -2.311722 0.000000 0.000000 2.311722 264 1.123772 0.000000 0.798434 0.000000
0.000000 0.000000 0.000000 1.541353 0.000000 0.000000 1.541353 265 0.466517 0.000000 0.399217 0.000000
0.000000 -0.000000 -0.000000 -0.882570 0.000000 0.000000 0.882570 266 0.406702 0.000000 0.399217 0.000000
0.000000 0.000000 -0.000000 2.987603 0.000000 0.000000 2.987603 267 1.174499 -0.000000 0.798434 -0.000000
0.000000 0.000000 -0.000000 -3.205619 0.000000 0.000000 3.205619 268 -1.362704 0.000000 -1.197652 0.000000
0.000000 -0.000000 -0.000000 -1.986736 0.000000 0.000000 1.986736 269 -1.208959 -0.000000 -1.197652 -0.000000
0.000000 0.000000 0.000000 0.821813 0.000000 0.000000 0.821813 270 0.441684 0.000000 0.399217 0.000000
0.000000 0.000000 -0.000000 3.195407 -0.000000 0.000000 3.195407 271 -0.432389 -0.000000 -0.399217 -0.000000
0.000000 0.000000 0.000000 -2.916420 0.000000 0.000000 2.916420 272 1.073957 -0.000000 0.798434 -0.000000
0.000000 -0.000000 -0.000000 0.761165 0.000000 0.000000 0.761165 273 1.496516 0.000000 1.197652 0.000000
0.000000 0.000000 -0.000000 0.894989 0.000000 0.000000 0.894989 274 -1.101887 0.000000 -0.798434 0.000000
0.000000 -0.000000 -0.000000 -4.473063 -0.000000 0.000000 4.473063 275 -0.499987 -0.000000 -0.399217 -0.000000
0.000000 -0.000000 -0.000000 4.656792 0.000000 0.000000 4.656792 276 -0.379813 0.000000 -0.000000 0.000000
0.000000 -0.000000 0.000000 -2.321518 -0.000000 0.000000 2.321518 277 -1.203886 -0.000000 -1.197652 -0.000000
0.000000 0.000000 0.000000 0.986853 0.000000 0.000000 0.986853 278 1.325254 0.000000 1.197652 0.000000
0.000000 0.000000 -0.000000 -4.809372 0.000000 0.000000 4.809372 279 1.262041 0.000000 1.197652 0.000000
0.000000 -0.000000 -0.000000 0.550030 -0.000000 0.000000 0.550030 280 -0.445101 -0.000000 -0.399217 -0.000000
0.000000 -0.000000 0.000000 4.467308 -0.000000 0.000000 4.467308 281 0.429595 0.000000 0.399217 0.000000
0.000000 0.000000 0.000000 4.920174 0.000000 0.000000 4.920174 282 -1.035602 0.000000 -0.798434 0.000000
0.000000 -0.000000 0.000000 6.823553 0.000000 0.000000 6.823553 283 -1.549794 -0.000000 -1.197652 -0.000000
0.000000 0.000000 -0.000000 -2.301081 0.000000 0.000000 2.301081 284 1.082021 0.000000 0.798434 0.000000
0.000000 0.000000 0.000000 3.202347 -0.000000 0.000000 3.202347 285 0.536272 0.000000 0.399217 0.000000
0.000000 0.000000 -0.000000 -0.016413 0.000000 0.000000 0.016413 286 0.354637 0.000000 0.000000 0.000000
0.000000 -0.000000 -0.000000 -0.823037 -0.000000 0.000000 0.823037 287 1.236402 0.000000 1.197652 0.000000
0.000000 -0.000000 -0.000000 1.865530 -0.000000 0.000000 1.865530 288 -1.290781 -0.000000 -1.197652 -0.000000
0.000000 0.000000 0.000000 -0.983809 -0.000000 0.000000 0.983809 289 -1.320074 0.000000 -1.197652 0.000000
0.000000 -0.000000 0.000000 -2.589662 0.000000 0.000000 2.589662 290 0.448687 0.000000 0.399217 0.000000
0.000000 -0.000000 -0.000000 -1.675557 -0.000000 0.000000 1.675557 291 -0.426947 0.000000 -0.399217 0.000000
0.000000 0.000000 -0.000000 -3.504555 0.000000 0.000000 3.504555 292 1.000000 -0.000000 0.798434 -0.000000
0.000000 0.000000 -0.000000 1.163188 -0.000000 0.000000 1.163188 293 1.608378 -0.000000 1.596869 -0.000000
0.000000 -0.000000 -0.000000 1.774409 0.000000 0.000000 1.774409 294 -1.063992 0.000000 -0.798434 0.000000
0.000000 -0.000000 -0.000000 -3.551470 -0.000000 0.000000 3.551470 295 -0.575779 0.000000 -0.399217 0.000000
0.000000 0.000000 0.000000 1.486534 0.000000 0.000000 1.486534 296 -0.330985 0.000000 -0.000000 0.000000
0.000000 -0.000000 0.000000 -0.218621 0.000000 0.000000 0.218621 297 -1.272462 0.000000 -1.197652 0.000000
0.000000 0.000000 0.000000 -1.970052 0.000000 0.000000 1.970052 298 1.258999 0.000000 1.197652 0.000000
0.000000 0.000000 -0.000000 0.402948 0.000000 0.000000 0.402948 299 1.383762 0.000000 1.197652 0.000000
0.000000 0.000000 -0.000000 3.783631 0.000000 0.000000 3.783631 300 -0.452447 -0.000000 -0.399217 -0.000000
0.000000 -0.000000 0.000000 1.486215 0.000000 0.000000 1.486215 301 0.424440 0.000000 0.399217 0.000000
0.000000 0.000000 0.000000 0.468202 0.000000 0.000000 0.468202 302 -0.966877 -0.000000 -0.798434 -0.000000
0.000000 -0.000000 0.000000 0.889457 -0.000000 0.000000 0.889457 303 -1.673021 -0.000000 -1.596869 -0.000000
0.000000 -0.000000 0.000000 1.356420 0.000000 0.000000 1.356420 304 1.047641 -0.000000 0.798434 -0.000000
0.000000 -0.000000 0.000000 0.870346 0.000000 0.000000 0.870346 305 0.618995 -0.000000 0.399217 -0.000000
0.000000 0.000000 0.000000 -2.888330 0.000000 0.000000 2.888330 306 0.308695 -0.000000 0.000000 -0.000000
0.000000 0.000000 0.000000 3.336758 -0.000000 0.000000 3.336758 307 1.312564 -0.000000 1.197652 -0.000000
0.000000 -0.000000 -0.000000 0.307459 0.000000 0.000000 0.307459 308 -1.229660 -0.000000 -1.197652 -0.000000
0.000000 -0.000000 0.000000 -0.561757 0.000000 0.000000 0.561757 309 -1.453944 0.000000 -1.197652 0.000000
0.000000 0.000000 0.000000 -0.249128 0.000000 0.000000 0.249128 310 0.456387 -0.000000 0.399217 -0.000000
0.000000 -0.000000 0.000000 3.161968 0.000000 0.000000 3.161968 311 -0.422071 0.000000 -0.399217 0.000000
0.000000 0.000000 0.000000 -0.358673 -0.000000 0.000000 0.358673 312 0.935996 0.000000 0.798434 0.000000
0.000000 -0.000000 0.000000 -0.469664 -0.000000 0.000000 0.469664 313 1.744627 0.000000 1.596869 0.000000
0.000000 0.000000 0.000000 -1.204174 0.000000 0.000000 1.204174 314 -1.032829 0.000000 -0.798434 0.000000
0.000000 -0.000000 0.000000 0.850343 0.000000 0.000000 0.850343 315 -0.666502 0.000000 -0.399217 0.000000
0.000000 -0.000000 -0.000000 0.300125 0.000000 0.000000 0.300125 316 -0.287622 -0.000000 -0.000000 -0.000000
0.000000 -0.000000 0.000000 0.381683 0.000000 0.000000 0.381683 317 -1.357309 -0.000000 -1.197652 -0.000000
0.000000 -0.000000 0.000000 0.139114 0.000000 0.000000 0.139114 318 1.202547 -0.000000 1.197652 -0.000000
0.000000 -0.000000 0.000000 -1.774436 0.000000 0.000000 1.774436 319 1.531637 0.000000 1.197652 0.000000
0.000000 0.000000 -0.000000 0.765553 -0.000000 0.000000 0.765553 320 -0.460513 -0.000000 -0.399217 -0.000000
0.000000 0.000000 -0.000000 2.337302 0.000000 0.000000 2.337302 321 0.419836 0.000000 0.399217 0.000000
0.000000 0.000000 0.000000 -0.453541 0.000000 0.000000 0.453541 322 -0.907145 0.000000 -0.798434 0.000000
0.000000 -0.000000 -0.000000 0.217331 0.000000 0.000000 0.217331 323 -1.824293 -0.000000 -1.596869 -0.000000
0.000000 -0.000000 0.000000 1.780268 0.000000 0.000000 1.780268 324 1.019438 -0.000000 0.798434 -0.000000
0.000000 -0.000000 0.000000 -3.850737 -0.000000 0.000000 3.850737 325 0.719010 -0.000000 0.399217 -0.000000
0.000000 -0.000000 0.000000 5.560838 0.000000 0.000000 5.560838 326 0.267641 0.000000 0.000000 0.000000
0.000000 -0.000000 0.000000 -2.838711 0.000000 0.000000 2.838711 327 1.407428 0.000000 1.197652 0.000000
0.000000 0.000000 0.000000 8.020546 0.000000 0.000000 8.020546 328 -1.177471 0.000000 -0.798434 0.000000
0.000000 0.000000 -0.000000 2.570604 -0.000000 0.000000 2.570604 329 -1.618081 0.000000 -1.596869 0.000000
0.000000 0.000000 -0.000000 4.214325 0.000000 0.000000 4.214325 330 0.464832 -0.000000 0.399217 -0.000000
0.000000 -0.000000 -0.000000 4.170057 0.000000 0.000000 4.170057 331 -0.417734 -0.000000 -0.399217 -0.000000
0.000000 -0.000000 0.000000 31.733976 0.000000 0.000000 31.733976 332 0.880143 -0.000000 0.798434 -0.000000
1.000000 511.000000 0.000000 506.638195 -0.000000 511.000000 506.638195 333 1.913362 0.000000 1.596869 0.000000
1.000000 511.000000 -0.000000 505.920694 -0.000000 511.000000 505.920694 334 -1.007363 0.000000 -0.798434 0.000000
1.000000 511.000000 -0.000000 504.800696 0.000000 511.000000 504.800696 335 -0.777388 0.000000 -0.399217 0.000000
1.000000 511.000000 -0.000000 508.729269 0.000000 511.000000 508.729269 336 -0.248637 -0.000000 -0.000000 -0.000000
1.000000 511.000000 -0.000000 508.920394 -0.000000 511.000000 508.920394 337 -1.463824 -0.000000 -1.197652 -0.000000
1.000000 511.000000 0.000000 510.656196 -0.000000 511.000000 510.656196 338 1.154266 0.000000 0.798434 0.000000
1.000000 511.000000 -0.000000 508.588187 -0.000000 511.000000 508.588187 339 1.714804 0.000000 1.596869 0.000000
1.000000 511.000000 -0.000000 512.100922 -0.000000 511.000000 512.100922 340 -0.469350 -0.000000 -0.399217 -0.000000
1.000000 511.000000 0.000000 511.900288 0.000000 511.000000 511.900288 341 0.415760 0.000000 0.399217 0.000000
1.000000 511.000000 -0.000000 511.163289 -0.000000 511.000000 511.163289 342 -0.854826 -0.000000 -0.798434 -0.000000
1.000000 511.000000 -0.000000 508.888450 -0.000000 511.000000 508.888450 343 -2.013502 0.000000 -1.996086 0.000000
1.000000 511.000000 0.000000 514.596231 -0.000000 511.000000 514.596231 344 0.996515 -0.000000 0.798434 -0.000000
1.000000 511.000000 0.000000 512.426254 -0.000000 511.000000 512.426254 345 0.842714 0.000000 0.798434 0.000000
1.000000 511.000000 0.000000 509.893652 -0.000000 511.000000 509.893652 346 0.230513 0.000000 0.000000 0.000000
1.000000 511.000000 -0.000000 511.159238 0.000000 511.000000 511.159238 347 1.527621 0.000000 1.197652 0.000000
1.000000 511.000000 -0.000000 513.618018 -0.000000 511.000000 513.618018 348 -1.132786 -0.000000 -0.798434 -0.000000
1.000000 511.000000 -0.000000 511.990997 0.000000 511.000000 511.990997 349 -1.823712 0.000000 -1.596869 0.000000
1.000000 511.000000 -0.000000 510.286976 -0.000000 511.000000 510.286976 350 0.474077 -0.000000 0.399217 -0.000000
1.000000 511.000000 -0.000000 509.456392 -0.000000 511.000000 509.456392 351 -0.413912 -0.000000 -0.399217 -0.000000
1.000000 511.000000 -0.000000 511.313594 -0.000000 511.000000 511.313594 352 0.831052 0.000000 0.798434 0.000000
1.000000 511.000000 0.000000 509.681977 -0.000000 511.000000 509.681977 353 2.126798 0.000000 1.996086 0.000000
1.000000 511.000000 0.000000 511.984638 -0.000000 511.000000 511.984638 354 -0.986814 -0.000000 -0.798434 -0.000000
1.000000 511.000000 -0.000000 510.856378 0.000000 511.000000 510.856378 355 -0.916343 0.000000 -0.798434 0.000000
1.000000 511.000000 0.000000 508.832238 -0.000000 511.000000 508.832238 356 -0.213177 0.000000 -0.000000 0.000000
1.000000 511.000000 -0.000000 511.866912 -0.000000 511.000000 511.866912 357 -1.600234 0.000000 -1.596869 0.000000
1.000000 511.000000 0.000000 512.618612 0.000000 511.000000 512.618612 358 1.112902 0.000000 0.798434 0.000000
1.000000 511.000000 0.000000 511.220299 -0.000000 511.000000 511.220299 359 1.947212 0.000000 1.596869 0.000000
1.000000 511.000000 0.000000 511.333654 -0.000000 511.000000 511.333654 360 -0.479020 0.000000 -0.399217 0.000000
1.000000 511.000000 -0.000000 510.972892 -0.000000 511.000000 510.972892 361 0.412187 -0.000000 0.399217 -0.000000
1.000000 511.000000 -0.000000 508.143917 -0.000000 511.000000 508.143917 362 -0.808691 -0.000000 -0.798434 -0.000000
1.000000 511.000000 0.000000 510.599663 -0.000000 511.000000 510.599663 363 -2.255903 -0.000000 -1.996086 -0.000000
1.000000 511.000000 -0.000000 507.989524 -0.000000 511.000000 507.989524 364 0.978193 0.000000 0.798434 0.000000
1.000000 511.000000 -0.000000 509.789232 -0.000000 511.000000 509.789232 365 1.000000 -0.000000 0.798434 -0.000000
1.000000 511.000000 -0.000000 513.055584 -0.000000 511.000000 513.055584 366 0.196550 -0.000000 0.000000 -0.000000
1.000000 511.000000 -0.000000 507.185131 -0.000000 511.000000 507.185131 367 1.683474 0.000000 1.596869 0.000000
1.000000 511.000000 0.000000 509.151107 -0.000000 511.000000 509.151107 368 -1.094500 -0.000000 -0.798434 -0.000000
1.000000 511.000000 -0.000000 512.968899 -0.000000 511.000000 512.968899 369 -2.088391 -0.000000 -1.996086 -0.000000
1.000000 511.000000 0.000000 512.493854 -0.000000 511.000000 512.493854 370 0.484187 -0.000000 0.399217 -0.000000
1.000000 511.000000 -0.000000 507.634881 -0.000000 511.000000 507.634881 371 -0.410584 -0.000000 -0.399217 -0.000000
1.000000 511.000000 -0.000000 512.958943 -0.000000 511.000000 512.958943 372 0.787632 0.000000 0.399217 0.000000
1.000000 511.000000 0.000000 510.391216 -0.000000 511.000000 510.391216 373 2.404240 -0.000000 2.395303 -0.000000
1.000000 511.000000 -0.000000 512.674299 -0.000000 511.000000 512.674299 374 -0.970590 -0.000000 -0.798434 -0.000000
1.000000 511.000000 -0.000000 511.922552 -0.000000 511.000000 511.922552 375 -1.095917 -0.000000 -0.798434 -0.000000
1.000000 511.000000 -0.000000 513.347641 -0.000000 511.000000 513.347641 376 -0.180558 0.000000 -0.000000 0.000000
1.000000 511.000000 -0.000000 510.489969 -0.000000 511.000000 510.489969 377 -1.779691 -0.000000 -1.596869 -0.000000
1.000000 511.000000 -0.000000 508.693882 -0.000000 511.000000 508.693882 378 1.077480 -0.000000 0.798434 -0.000000
1.000000 511.000000 -0.000000 511.247029 -0.000000 511.000000 511.247029 379 2.251270 0.000000 1.996086 0.000000
1.000000 511.000000 0.000000 510.040974 -0.000000 511.000000 510.040974 380 -0.489588 -0.000000 -0.399217 -0.000000
1.000000 511.000000 0.000000 506.204260 0.000000 511.000000 506.204260 381 0.409101 0.000000 0.399217 0.000000
1.000000 511.000000 -0.000000 511.327537 -0.000000 511.000000 511.327537 382 -0.767770 0.000000 -0.399217 0.000000
1.000000 511.000000 -0.000000 511.848654 0.000000 511.000000 511.848654 383 -2.576300 -0.000000 -2.395303 -0.000000
1.000000 511.000000 0.000000 507.137115 0.000000 511.000000 507.137115 384 0.963953 -0.000000 0.798434 -0.000000
1.000000 511.000000 -0.000000 509.493880 -0.000000 511.000000 509.493880 385 1.207035 0.000000 1.197652 0.000000
1.000000 511.000000 -0.000000 512.979590 -0.000000 511.000000 512.979590 386 0.165135 -0.000000 0.000000 -0.000000
1.000000 511.000000 -0.000000 504.012680 -0.000000 511.000000 504.012680 387 1.891997 -0.000000 1.596869 -0.000000
1.000000 511.000000 0.000000 513.200209 0.000000 511.000000 513.200209 388 -1.061751 -0.000000 -0.798434 -0.000000
1.000000 511.000000 -0.000000 510.161231 -0.000000 511.000000 510.161231 389 -2.441188 -0.000000 -2.395303 -0.000000
1.000000 511.000000 -0.000000 511.161559 0.000000 511.000000 511.161559 390 0.495234 -0.000000 0.399217 -0.000000
1.000000 511.000000 0.000000 510.644084 0.000000 511.000000 510.644084 391 -0.407734 -0.000000 -0.399217 -0.000000
1.000000 511.000000 -0.000000 516.561041 -0.000000 511.000000 516.561041 392 0.749015 -0.000000 0.399217 -0.000000
1.000000 511.000000 -0.000000 507.889188 -0.000000 511.000000 507.889188 393 2.778100 0.000000 2.395303 0.000000
1.000000 511.000000 0.000000 513.907447 -0.000000 511.000000 513.907447 394 -0.958239 0.000000 -0.798434 0.000000
1.000000 511.000000 -0.000000 508.656643 -0.000000 511.000000 508.656643 395 -1.337307 -0.000000 -1.197652 -0.000000
1.000000 511.000000 -0.000000 510.836596 -0.000000 511.000000 510.836596 396 -0.150221 0.000000 -0.000000 0.000000
1.000000 511.000000 -0.000000 513.147058 0.000000 511.000000 513.147058 397 -2.024597 -0.000000 -1.996086 -0.000000
1.000000 511.000000 0.000000 510.601970 0.000000 511.000000 510.601970 398 1.047235 -0.000000 0.798434 -0.000000
1.000000 511.000000 -0.000000 507.659587 -0.000000 511.000000 507.659587 399 2.665392 0.000000 2.395303 0.000000
1.000000 511.000000 0.000000 511.195659 -0.000000 511.000000 511.195659 400 -0.501134 -0.000000 -0.399217 -0.000000
1.000000 511.000000 0.000000 510.757237 -0.000000 511.000000 510.757237 401 0.406483 0.000000 0.399217 0.000000
1.000000 511.000000 0.000000 508.447685 -0.000000 511.000000 508.447685 402 -0.731285 0.000000 -0.399217 0.000000
1.000000 511.000000 0.000000 510.717610 -0.000000 511.000000 510.717610 403 -3.017883 -0.000000 -2.794521 -0.000000
1.000000 511.000000 0.000000 508.045480 -0.000000 511.000000 508.045480 404 0.953407 -0.000000 0.798434 -0.000000
1.000000 511.000000 0.000000 509.601942 -0.000000 511.000000 509.601942 405 1.492179 -0.000000 1.197652 -0.000000
1.000000 511.000000 -0.000000 511.556048 -0.000000 511.000000 511.556048 406 0.135759 -0.000000 0.000000 -0.000000
1.000000 511.000000 0.000000 511.580638 0.000000 511.000000 511.580638 407 2.183310 0.000000 1.996086 0.000000
1.000000 511.000000 -0.000000 511.267287 -0.000000 511.000000 511.267287 408 -1.033860 0.000000 -0.798434 0.000000
1.000000 511.000000 -0.000000 512.584557 -0.000000 511.000000 512.584557 409 -2.933973 -0.000000 -2.794521 -0.000000
1.000000 511.000000 -0.000000 510.725904 0.000000 511.000000 510.725904 410 0.507300 0.000000 0.399217 0.000000
1.000000 511.000000 -0.000000 509.671388 -0.000000 511.000000 509.671388 411 -0.405346 0.000000 -0.399217 0.000000
1.000000 511.000000 0.000000 510.228797 -0.000000 511.000000 510.228797 412 0.714505 0.000000 0.399217 0.000000
1.000000 511.000000 0.000000 512.538366 -0.000000 511.000000 512.538366 413 3.307260 -0.000000 3.193738 -0.000000
1.000000 511.000000 0.000000 509.900419 -0.000000 511.000000 509.900419 414 -0.949425 -0.000000 -0.798434 -0.000000
1.000000 511.000000 -0.000000 510.162332 -0.000000 511.000000 510.162332 415 -1.679365 -0.000000 -1.596869 -0.000000
1.000000 511.000000 -0.000000 509.460957 -0.000000 511.000000 509.460957 416 -0.121698 0.000000 -0.000000 0.000000
1.000000 511.000000 -0.000000 511.848829 0.000000 511.000000 511.848829 417 -2.376438 -0.000000 -1.996086 -0.000000
1.000000 511.000000 0.000000 512.566057 0.000000 511.000000 512.566057 418 1.021566 -0.000000 0.798434 -0.000000
1.000000 511.000000 0.000000 512.782885 -0.000000 511.000000 512.782885 419 3.261406 0.000000 3.193738 0.000000
1.000000 511.000000 0.000000 509.512132 -0.000000 511.000000 509.512132 420 -0.513745 0.000000 -0.399217 0.000000
1.000000 511.000000 0.000000 512.141277 -0.000000 511.000000 512.141277 421 0.404322 0.000000 0.399217 0.000000
1.000000 511.000000 0.000000 513.662404 0.000000 511.000000 513.662404 422 -0.698608 0.000000 -0.399217 0.000000
1.000000 511.000000 -0.000000 510.140445 -0.000000 511.000000 510.140445 423 -3.663120 -0.000000 -3.592955 -0.000000
1.000000 511.000000 -0.000000 512.256871 -0.000000 511.000000 512.256871 424 0.946264 0.000000 0.798434 0.000000
1.000000 511.000000 0.000000 510.421977 -0.000000 511.000000 510.421977 425 1.910167 0.000000 1.596869 0.000000
1.000000 511.000000 0.000000 511.066025 0.000000 511.000000 511.066025 426 0.107990 -0.000000 0.000000 -0.000000
1.000000 511.000000 0.000000 511.988524 0.000000 511.000000 511.988524 427 2.616234 0.000000 2.395303 0.000000
1.000000 511.000000 0.000000 509.427845 -0.000000 511.000000 509.427845 428 -1.010295 0.000000 -0.798434 0.000000
1.000000 511.000000 -0.000000 509.077437 -0.000000 511.000000 509.077437 429 -3.669231 -0.000000 -3.592955 -0.000000
1.000000 511.000000 0.000000 508.376883 -0.000000 511.000000 508.376883 430 0.520481 0.000000 0.399217 0.000000
1.000000 511.000000 0.000000 507.956127 0.000000 511.000000 507.956127 431 -0.403409 0.000000 -0.399217 0.000000
1.000000 511.000000 0.000000 507.283770 -0.000000 511.000000 507.283770 432 0.683533 0.000000 0.399217 0.000000
1.000000 511.000000 0.000000 503.252120 0.000000 511.000000 503.252120 433 4.111014 0.000000 3.992172 0.000000
1.000000 511.000000 -0.000000 466.504608 -0.000000 511.000000 466.504608 434 -0.943901 -0.000000 -0.798434 -0.000000
0.000000 0.000000 -0.000000 19.098232 0.000000 0.000000 19.098232 435 -2.201835 0.000000 -1.996086 0.000000
0.000000 0.000000 -0.000000 10.188631 -0.000000 0.000000 10.188631 436 -0.094591 -0.000000 -0.000000 -0.000000
0.000000 -0.000000 0.000000 4.638186 0.000000 0.000000 4.638186 437 -2.921575 0.000000 -2.794521 0.000000
0.000000 0.000000 0.000000 2.717280 -0.000000 0.000000 2.717280 438 1.000000 0.000000 0.798434 0.000000
0.000000 -0.000000 0.000000 2.375449 0.000000 0.000000 2.375449 439 4.190952 0.000000 3.992172 0.000000
0.000000 -0.000000 0.000000 3.159138 0.000000 0.000000 3.159138 440 -0.527523 0.000000 -0.399217 0.000000
0.000000 0.000000 0.000000 0.463948 0.000000 0.000000 0.463948 441 0.402606 0.000000 0.399217 0.000000
0.000000 0.000000 0.000000 -2.423386 0.000000 0.000000 2.423386 442 -0.669224 -0.000000 -0.399217 -0.000000
0.000000 -0.000000 -0.000000 1.464062 0.000000 0.000000 1.464062 443 -4.691523 -0.000000 -4.391389 -0.000000
0.000000 0.000000 -0.000000 0.987522 0.000000 0.000000 0.987522 444 0.942317 -0.000000 0.798434 -0.000000
0.000000 -0.000000 -0.000000 0.085585 -0.000000 0.000000 0.085585 445 2.582072 0.000000 2.395303 0.000000
0.000000 0.000000 0.000000 0.941179 -0.000000 0.000000 0.941179 446 0.081459 0.000000 0.000000 0.000000
0.000000 0.000000 0.000000 0.973998 0.000000 0.000000 0.973998 447 3.323141 0.000000 3.193738 0.000000
0.000000 0.000000 0.000000 -1.417726 -0.000000 0.000000 1.417726 448 -0.990637 -0.000000 -0.798434 -0.000000
0.000000 -0.000000 0.000000 -0.657487 0.000000 0.000000 0.657487 449 -4.881692 -0.000000 -4.790607 -0.000000
0.000000 -0.000000 0.000000 1.089400 0.000000 0.000000 1.089400 450 0.534885 -0.000000 0.399217 -0.000000
0.000000 -0.000000 0.000000 1.246989 -0.000000 0.000000 1.246989 451 -0.401912 -0.000000 -0.399217 -0.000000
0.000000 -0.000000 -0.000000 -1.184969 0.000000 0.000000 1.184969 452 0.655632 -0.000000 0.399217 -0.000000
0.000000 -0.000000 0.000000 -0.320585 0.000000 0.000000 0.320585 453 5.473217 -0.000000 5.189824 -0.000000
0.000000 -0.000000 0.000000 -1.519619 0.000000 0.000000 1.519619 454 -0.941497 -0.000000 -0.798434 -0.000000
0.000000 0.000000 0.000000 3.296402 0.000000 0.000000 3.296402 455 -3.098373 0.000000 -2.794521 0.000000
0.000000 0.000000 0.000000 0.225008 0.000000 0.000000 0.225008 456 -0.068553 -0.000000 -0.000000 -0.000000
0.000000 0.000000 -0.000000 -0.418608 -0.000000 0.000000 0.418608 457 -3.874334 -0.000000 -3.592955 -0.000000
0.000000 0.000000 0.000000 0.128639 0.000000 0.000000 0.128639 458 0.982168 0.000000 0.798434 0.000000
0.000000 -0.000000 -0.000000 2.450004 0.000000 0.000000 2.450004 459 5.838976 0.000000 5.589041 0.000000
0.000000 -0.000000 0.000000 -1.020682 0.000000 0.000000 1.020682 460 -0.542585 -0.000000 -0.399217 -0.000000
0.000000 -0.000000 0.000000 -0.259457 0.000000 0.000000 0.259457 461 0.401326 0.000000 0.399217 0.000000
0.000000 0.000000 0.000000 1.184530 0.000000 0.000000 1.184530 462 -0.642709 -0.000000 -0.399217 -0.000000
0.000000 0.000000 0.000000 0.714337 0.000000 0.000000 0.714337 463 -6.581809 -0.000000 -6.387476 -0.000000
0.000000 0.000000 0.000000 0.867045 0.000000 0.000000 0.867045 464 0.941429 -0.000000 0.798434 -0.000000
0.000000 -0.000000 -0.000000 0.699033 0.000000 0.000000 0.699033 465 3.839527 -0.000000 3.592955 -0.000000
0.000000 0.000000 -0.000000 3.441968 0.000000 0.000000 3.441968 466 0.055837 -0.000000 0.000000 -0.000000
0.000000 -0.000000 0.000000 1.573046 0.000000 0.000000 1.573046 467 4.677111 0.000000 4.391389 0.000000
0.000000 0.000000 -0.000000 -0.924629 0.000000 0.000000 0.924629 468 -0.974560 0.000000 -0.798434 0.000000
0.000000 0.000000 0.000000 -0.492330 0.000000 0.000000 0.492330 469 -7.253207 -0.000000 -7.185910 -0.000000
0.000000 -0.000000 0.000000 0.154443 0.000000 0.000000 0.154443 470 0.550638 -0.000000 0.399217 -0.000000
0.000000 -0.000000 -0.000000 -1.661562 0.000000 0.000000 1.661562 471 -0.400848 -0.000000 -0.399217 -0.000000
0.000000 -0.000000 -0.000000 0.266828 0.000000 0.000000 0.266828 472 0.630415 -0.000000 0.399217 -0.000000
0.000000 -0.000000 -0.000000 1.198244 -0.000000 0.000000 1.198244 473 8.275345 -0.000000 7.984344 -0.000000
0.000000 -0.000000 0.000000 -1.416586 0.000000 0.000000 1.416586 474 -0.942106 0.000000 -0.798434 0.000000
0.000000 -0.000000 0.000000 -3.020651 0.000000 0.000000 3.020651 475 -4.992981 0.000000 -4.790607 0.000000
0.000000 -0.000000 0.000000 -0.610551 -0.000000 0.000000 0.610551 476 -0.043272 -0.000000 -0.000000 -0.000000
0.000000 -0.000000 -0.000000 -3.811643 0.000000 0.000000 3.811643 477 -5.953373 -0.000000 -5.589041 -0.000000
0.000000 0.000000 -0.000000 1.011821 0.000000 0.000000 1.011821 478 0.967784 -0.000000 0.798434 -0.000000
0.000000 0.000000 -0.000000 0.808470 0.000000 0.000000 0.808470 479 9.552801 -0.000000 9.181996 -0.000000
0.000000 -0.000000 -0.000000 2.318972 -0.000000 0.000000 2.318972 480 -0.559065 -0.000000 -0.399217 -0.000000
0.000000 0.000000 0.000000 -5.343625 0.000000 0.000000 5.343625 481 0.400477 0.000000 0.399217 0.000000
0.000000 -0.000000 0.000000 6.426180 -0.000000 0.000000 6.426180 482 -0.618710 -0.000000 -0.399217 -0.000000
0.000000 -0.000000 0.000000 3.376997 0.000000 0.000000 3.376997 483 -11.180504 -0.000000 -11.178082 -0.000000
0.000000 0.000000 -0.000000 -2.337408 -0.000000 0.000000 2.337408 484 0.943523 -0.000000 0.798434 -0.000000
0.000000 -0.000000 0.000000 6.037187 0.000000 0.000000 6.037187 485 7.034562 -0.000000 6.786693 -0.000000
0.000000 -0.000000 -0.000000 -13.762872 0.000000 0.000000 13.762872 486 0.030826 -0.000000 0.000000 -0.000000
0.000000 0.000000 -0.000000 -1.736648 -0.000000 0.000000 1.736648 487 8.294864 0.000000 7.984344 0.000000
0.000000 -0.000000 0.000000 0.571429 0.000000 0.000000 0.571429 488 -0.961817 -0.000000 -0.798434 -0.000000
0.000000 0.000000 0.000000 -1.006290 0.000000 0.000000 1.006290 489 -13.945107 -0.000000 -13.573386 -0.000000
0.000000 0.000000 0.000000 0.177744 0.000000 0.000000 0.177744 490 0.567885 0.000000 0.399217 0.000000
0.000000 0.000000 -0.000000 -0.170477 0.000000 0.000000 0.170477 491 -0.400212 0.000000 -0.399217 0.000000
0.000000 0.000000 -0.000000 0.167787 -0.000000 0.000000 0.167787 492 0.607559 0.000000 0.399217 0.000000
0.000000 0.000000 -0.000000 -0.274481 0.000000 0.000000 0.274481 493 17.316598 0.000000 17.166341 0.000000
0.000000 -0.000000 0.000000 -2.725387 0.000000 0.000000 2.725387 494 -0.945681 0.000000 -0.798434 0.000000
0.000000 -0.000000 0.000000 2.526364 0.000000 0.000000 2.526364 495 -11.629665 -0.000000 -11.577299 -0.000000
0.000000 0.000000 0.000000 1.617622 0.000000 0.000000 1.617622 496 -0.018462 -0.000000 -0.000000 -0.000000
0.000000 0.000000 0.000000 -1.242217 0.000000 0.000000 1.242217 497 -13.984027 -0.000000 -13.972603 -0.000000
0.000000 0.000000 0.000000 -2.748176 0.000000 0.000000 2.748176 498 0.956638 0.000000 0.798434 0.000000
0.000000 -0.000000 0.000000 0.217477 0.000000 0.000000 0.217477 499 25.661974 -0.000000 25.549902 -0.000000
0.000000 0.000000 0.000000 1.564745 0.000000 0.000000 1.564745 500 -0.577119 -0.000000 -0.399217 -0.000000
0.000000 0.000000 -0.000000 -0.761865 -0.000000 0.000000 0.761865 501 0.400053 0.000000 0.399217 0.000000
0.000000 0.000000 0.000000 0.371729 0.000000 0.000000 0.371729 502 -0.596930 0.000000 -0.399217 0.000000
0.000000 -0.000000 -0.000000 0.372320 -0.000000 0.000000 0.372320 503 -38.799490 0.000000 -38.724070 0.000000
0.000000 -0.000000 -0.000000 1.820295 0.000000 0.000000 1.820295 504 0.948581 0.000000 0.798434 0.000000
0.000000 0.000000 0.000000 -0.030057 0.000000 0.000000 0.030057 505 31.546319 0.000000 31.538160 0.000000
0.000000 0.000000 -0.000000 0.495473 0.000000 0.000000 0.495473 506 0.006149 0.000000 0.000000 0.000000
0.000000 -0.000000 -0.000000 -1.554382 -0.000000 0.000000 1.554382 507 48.127742 -0.000000 47.906067 -0.000000
0.000000 -0.000000 0.000000 -0.394602 0.000000 0.000000 0.394602 508 -0.952230 -0.000000 -0.798434 -0.000000
0.000000 0.000000 0.000000 0.447420 0.000000 0.000000 0.447420 509 -154.572283 -0.000000 -154.497065 -0.000000
0.000000 -0.000000 -0.000000 -1.465211 0.000000 0.000000 1.465211 510 0.586793 -0.000000 0.399217 -0.000000
