0.000000 -0.000000 0.000000 1224.000000 27744.000000 0.000000 27770.986875 0 204.000000 0.000000 408.000000 0.000000
0.000000 -0.000000 0.000000 -27485.702805 -7577.391521 0.000000 28511.063133 1 0.586793 0.000000 408.000000 408.000000
0.000000 -0.000000 0.000000 -3552.496257 2872.707103 0.000000 4568.662359 2 -154.572283 -0.000000 -408.000000 -408.000000
0.000000 -0.000000 0.000000 -2323.202380 4562.322566 0.000000 5119.771137 3 -0.952230 -0.000000 -408.000000 -408.000000
0.000000 -0.000000 0.000000 -14575.244379 -1375.008721 0.000000 14639.958937 4 48.127742 0.000000 408.000000 408.000000
0.000000 -0.000000 0.000000 -12966.446345 5487.898475 0.000000 14079.977290 5 0.006149 0.000000 408.000000 408.000000
0.000000 -0.000000 0.000000 -20289.842634 8978.080230 0.000000 22187.465803 6 31.546319 0.000000 408.000000 408.000000
0.000000 0.000000 -0.000000 15179.575801 -14497.763557 0.000000 20990.585262 7 0.948581 -0.000000 408.000000 -408.000000
0.000000 0.000000 -0.000000 15660.673614 -5530.234952 0.000000 16608.437514 8 -38.799490 -0.000000 -408.000000 -408.000000
0.000000 0.000000 -0.000000 5048.156816 1802.459850 0.000000 5360.293718 9 -0.596930 0.000000 -408.000000 408.000000
0.000000 0.000000 -0.000000 9123.954806 -5182.560284 0.000000 10493.115953 10 0.400053 0.000000 408.000000 408.000000
0.000000 0.000000 -0.000000 846.310646 3842.611575 0.000000 3934.705252 11 -0.577119 -0.000000 -408.000000 -408.000000
0.000000 0.000000 -0.000000 -1588.367851 413.398278 0.000000 1641.283208 12 25.661974 0.000000 408.000000 408.000000
0.000000 -0.000000 -0.000000 6694.322588 3167.253967 0.000000 7405.771574 13 0.956638 0.000000 408.000000 408.000000
0.000000 0.000000 -0.000000 5953.907791 2715.509506 0.000000 6543.929237 14 -13.984027 0.000000 -408.000000 408.000000
0.000000 0.000000 0.000000 6567.124657 -8439.828081 0.000000 10693.821782 15 -0.018462 0.000000 -408.000000 408.000000
0.000000 -0.000000 -0.000000 -3376.194664 -3691.041765 0.000000 5002.247467 16 -11.629665 -0.000000 -408.000000 -408.000000
0.000000 -0.000000 -0.000000 12233.715296 -9811.948742 0.000000 15682.414612 17 -0.945681 -0.000000 -408.000000 -408.000000
0.000000 0.000000 -0.000000 -6710.926912 6125.216553 0.000000 9085.968183 18 17.316598 0.000000 408.000000 408.000000
0.000000 0.000000 -0.000000 425.900718 3109.403797 0.000000 3138.436457 19 0.607559 0.000000 408.000000 408.000000
0.000000 0.000000 -0.000000 -9676.924092 1175.845425 0.000000 9748.100961 20 -0.400212 -0.000000 -408.000000 -408.000000
0.000000 0.000000 -0.000000 8189.461795 -11791.684162 0.000000 14356.569920 21 0.567885 -0.000000 408.000000 -408.000000
0.000000 0.000000 -0.000000 310.787227 -921.786241 0.000000 972.768510 22 -13.945107 0.000000 -408.000000 408.000000
0.000000 -0.000000 0.000000 4037.440462 1030.022094 0.000000 4166.757852 23 -0.961817 0.000000 -408.000000 408.000000
0.000000 0.000000 -0.000000 10182.652496 2966.873014 0.000000 10606.071249 24 8.294864 0.000000 408.000000 408.000000
0.000000 0.000000 -0.000000 24818.888812 -13498.744925 0.000000 28252.315948 25 0.030826 0.000000 408.000000 408.000000
0.000000 -0.000000 -0.000000 -26278.029326 6006.662045 0.000000 26955.793703 26 7.034562 0.000000 408.000000 408.000000
0.000000 -0.000000 -0.000000 -11587.086512 -1705.797092 0.000000 11711.973256 27 0.943523 0.000000 408.000000 408.000000
0.000000 0.000000 -0.000000 -5596.904984 996.511829 0.000000 5684.925789 28 -11.180504 0.000000 -408.000000 408.000000
0.000000 -0.000000 -0.000000 3216.951066 -1773.306933 0.000000 3673.335220 29 -0.618710 0.000000 -408.000000 408.000000
0.000000 0.000000 0.000000 -627.954691 923.616821 0.000000 1116.868446 30 0.400477 -0.000000 408.000000 -408.000000
0.000000 -0.000000 -0.000000 2604.189058 4266.136583 0.000000 4998.171865 31 -0.559065 0.000000 -408.000000 408.000000
0.000000 0.000000 0.000000 5623.695658 -10802.776661 0.000000 12178.913598 32 9.552801 0.000000 408.000000 408.000000
0.000000 -0.000000 0.000000 -3443.982045 -5758.154650 0.000000 6709.497545 33 0.967784 0.000000 408.000000 408.000000
0.000000 -0.000000 -0.000000 5849.267918 -6390.642222 0.000000 8663.385204 34 -5.953373 0.000000 -408.000000 408.000000
0.000000 -0.000000 -0.000000 -2419.934398 -13317.177671 0.000000 13535.261490 35 -0.043272 0.000000 -408.000000 408.000000
0.000000 -0.000000 -0.000000 7177.223763 8428.804814 0.000000 11070.559676 36 -4.992981 0.000000 -408.000000 408.000000
0.000000 -0.000000 -0.000000 -2425.392869 -7606.782100 0.000000 7984.088206 37 -0.942106 0.000000 -408.000000 408.000000
0.000000 -0.000000 -0.000000 -2813.689264 -8767.265627 0.000000 9207.702963 38 8.275345 0.000000 408.000000 408.000000
0.000000 -0.000000 0.000000 87.001086 3255.546253 0.000000 3256.708552 39 0.630415 0.000000 408.000000 408.000000
0.000000 0.000000 -0.000000 -3649.303938 4917.245241 0.000000 6123.456540 40 -0.400848 0.000000 -408.000000 408.000000
0.000000 0.000000 -0.000000 -67.912615 -746.583846 0.000000 749.666300 41 0.550638 0.000000 408.000000 408.000000
0.000000 -0.000000 -0.000000 3326.325188 -10764.335180 0.000000 11266.558974 42 -7.253207 0.000000 -408.000000 408.000000
0.000000 0.000000 -0.000000 -17303.405464 5363.113298 0.000000 18115.485776 43 -0.974560 0.000000 -408.000000 0.000000
0.000000 -0.000000 -0.000000 -7130.776614 -4799.636471 0.000000 8595.608494 44 4.677111 0.000000 408.000000 408.000000
0.000000 -0.000000 0.000000 -13957.603287 -8234.525017 0.000000 16205.619142 45 0.055837 -0.000000 408.000000 -408.000000
0.000000 0.000000 0.000000 -508.662809 3079.928560 0.000000 3121.649850 46 3.839527 0.000000 408.000000 408.000000
0.000000 -0.000000 -0.000000 -7796.792541 5742.035615 0.000000 9683.023646 47 0.941429 0.000000 408.000000 408.000000
0.000000 0.000000 -0.000000 -9218.786312 -5060.213958 0.000000 10516.262947 48 -6.581809 -0.000000 -408.000000 -408.000000
0.000000 -0.000000 -0.000000 -8266.432309 -1743.559195 0.000000 8448.307629 49 -0.642709 0.000000 -408.000000 408.000000
0.000000 -0.000000 0.000000 -3127.376941 670.101599 0.000000 3198.362500 50 0.401326 0.000000 408.000000 408.000000
0.000000 0.000000 0.000000 2238.401430 2745.880697 0.000000 3542.640508 51 -0.542585 0.000000 -408.000000 408.000000
0.000000 -0.000000 0.000000 -5247.836650 -50.561190 0.000000 5248.080215 52 5.838976 0.000000 408.000000 408.000000
0.000000 0.000000 0.000000 833.772098 -1500.292570 0.000000 1716.407209 53 0.982168 0.000000 408.000000 408.000000
0.000000 -0.000000 0.000000 -12422.604544 -3770.364775 0.000000 12982.170627 54 -3.874334 -0.000000 -408.000000 -408.000000
0.000000 0.000000 0.000000 -9681.922648 -8887.061488 0.000000 13142.278647 55 -0.068553 0.000000 -408.000000 408.000000
0.000000 -0.000000 -0.000000 -2893.636120 14237.256303 0.000000 14528.337724 56 -3.098373 -0.000000 -408.000000 -408.000000
0.000000 -0.000000 0.000000 5337.670236 2079.454762 0.000000 5728.425233 57 -0.941497 0.000000 -408.000000 408.000000
0.000000 0.000000 0.000000 4895.176851 -1314.111078 0.000000 5068.495273 58 5.473217 0.000000 408.000000 408.000000
0.000000 0.000000 0.000000 -1378.967262 4004.915188 0.000000 4235.669530 59 0.655632 0.000000 408.000000 408.000000
0.000000 0.000000 0.000000 6456.895882 -1734.513285 0.000000 6685.808909 60 -0.401912 -0.000000 -408.000000 -408.000000
0.000000 -0.000000 -0.000000 -59.795322 1756.606480 0.000000 1757.623909 61 0.534885 0.000000 408.000000 408.000000
0.000000 0.000000 0.000000 1170.585097 3180.842410 0.000000 3389.399343 62 -4.881692 -0.000000 -408.000000 -408.000000
0.000000 -0.000000 0.000000 -6941.300962 -4066.215570 0.000000 8044.611122 63 -0.990637 -0.000000 -408.000000 -408.000000
0.000000 -0.000000 0.000000 -5163.193829 1938.954859 0.000000 5515.262139 64 3.323141 0.000000 408.000000 408.000000
0.000000 -0.000000 0.000000 -150.199779 -6514.162997 0.000000 6515.894376 65 0.081459 -0.000000 408.000000 -408.000000
0.000000 0.000000 0.000000 -2009.675420 -4608.312068 0.000000 5027.458146 66 2.582072 0.000000 408.000000 408.000000
0.000000 0.000000 0.000000 -4328.152325 3383.067349 0.000000 5493.454945 67 0.942317 -0.000000 408.000000 -408.000000
0.000000 -0.000000 -0.000000 -4377.953181 -11868.745376 0.000000 12650.438366 68 -4.691523 -0.000000 -408.000000 -408.000000
0.000000 -0.000000 0.000000 -11834.053296 7729.052897 0.000000 14134.464124 69 -0.669224 0.000000 -408.000000 0.000000
0.000000 0.000000 0.000000 -1576.688042 3159.365249 0.000000 3530.939529 70 0.402606 -0.000000 408.000000 -408.000000
0.000000 -0.000000 0.000000 3925.261844 6336.429115 0.000000 7453.724872 71 -0.527523 -0.000000 -408.000000 -408.000000
0.000000 -0.000000 0.000000 -3686.552941 6587.727171 0.000000 7549.094109 72 4.190952 0.000000 408.000000 408.000000
0.000000 0.000000 -0.000000 -1192.334076 4664.647795 0.000000 4814.623516 73 1.000000 -0.000000 408.000000 -408.000000
0.000000 0.000000 -0.000000 -10527.206908 -7580.072318 0.000000 12972.262009 74 -2.921575 -0.000000 -408.000000 -408.000000
0.000000 0.000000 0.000000 -9162.723671 -3476.927025 0.000000 9800.230946 75 -0.094591 -0.000000 -408.000000 -408.000000
0.000000 -0.000000 0.000000 -33864.661555 -15357.133392 0.000000 37184.094022 76 -2.201835 -0.000000 -408.000000 -408.000000
1.000000 511.000000 0.000000 72563.353501 3045.208211 511.000000 72627.223300 77 -0.943901 0.000000 -408.000000 408.000000
1.000000 511.000000 -0.000000 15621.649241 11671.588881 511.000000 19500.305434 78 4.111014 0.000000 408.000000 408.000000
1.000000 511.000000 0.000000 14167.891830 6404.580561 511.000000 15548.241414 79 0.683533 -0.000000 408.000000 -408.000000
1.000000 511.000000 0.000000 -1838.511066 7254.011216 511.000000 7483.368336 80 -0.403409 -0.000000 -408.000000 -408.000000
1.000000 511.000000 -0.000000 13064.248498 954.962067 511.000000 13099.104602 81 0.520481 0.000000 408.000000 408.000000
1.000000 511.000000 -0.000000 3063.742966 -956.329723 511.000000 3209.530729 82 -3.669231 -0.000000 -408.000000 -408.000000
1.000000 511.000000 0.000000 -5174.212903 7648.110882 511.000000 9233.963354 83 -1.010295 0.000000 -408.000000 408.000000
1.000000 511.000000 0.000000 13758.899262 7597.061079 511.000000 15716.954092 84 2.616234 0.000000 408.000000 408.000000
1.000000 511.000000 -0.000000 9037.760327 -1404.773386 511.000000 9146.283398 85 0.107990 -0.000000 408.000000 -408.000000
1.000000 511.000000 0.000000 8265.692690 8789.816595 511.000000 12065.759463 86 1.910167 0.000000 408.000000 408.000000
1.000000 511.000000 0.000000 10012.012956 2733.441515 511.000000 10378.444293 87 0.946264 0.000000 408.000000 408.000000
1.000000 511.000000 0.000000 5801.759387 4824.052473 511.000000 7545.322674 88 -3.663120 0.000000 -408.000000 408.000000
1.000000 511.000000 -0.000000 1110.053695 -1324.460296 511.000000 1728.124499 89 -0.698608 -0.000000 -408.000000 -408.000000
1.000000 511.000000 -0.000000 8222.364401 -2286.663589 511.000000 8534.407227 90 0.404322 -0.000000 408.000000 -408.000000
1.000000 511.000000 -0.000000 4384.043335 -5327.760649 511.000000 6899.628214 91 -0.513745 0.000000 -408.000000 408.000000
1.000000 511.000000 0.000000 932.995880 753.000074 511.000000 1198.953887 92 3.261406 0.000000 408.000000 408.000000
1.000000 511.000000 0.000000 4170.138291 313.638129 511.000000 4181.916097 93 1.021566 -0.000000 408.000000 -408.000000
1.000000 511.000000 0.000000 -1773.655738 926.102940 511.000000 2000.880139 94 -2.376438 -0.000000 -408.000000 -408.000000
1.000000 511.000000 -0.000000 -2956.189001 921.308142 511.000000 3096.427313 95 -0.121698 0.000000 -408.000000 408.000000
1.000000 511.000000 -0.000000 11128.790843 -7655.415571 511.000000 13507.604273 96 -1.679365 -0.000000 -408.000000 -408.000000
1.000000 511.000000 0.000000 -3054.881425 2091.898593 511.000000 3702.477582 97 -0.949425 0.000000 -408.000000 408.000000
1.000000 511.000000 -0.000000 5491.807760 -291.704168 511.000000 5499.549417 98 3.307260 0.000000 408.000000 408.000000
1.000000 511.000000 0.000000 4242.369865 321.756740 511.000000 4254.553969 99 0.714505 0.000000 408.000000 408.000000
1.000000 511.000000 0.000000 4136.634284 5500.644854 511.000000 6882.502234 100 -0.405346 0.000000 -408.000000 408.000000
1.000000 511.000000 0.000000 -8681.026984 -2594.272186 511.000000 9060.379554 101 0.507300 0.000000 408.000000 408.000000
1.000000 511.000000 0.000000 3715.525985 3106.776652 511.000000 4843.262796 102 -2.933973 -0.000000 -408.000000 -408.000000
1.000000 511.000000 0.000000 3620.238981 2394.002156 511.000000 4340.204673 103 -1.033860 -0.000000 -408.000000 -408.000000
1.000000 511.000000 0.000000 12923.363427 3137.094725 511.000000 13298.672323 104 2.183310 0.000000 408.000000 408.000000
1.000000 511.000000 0.000000 5500.328500 -8135.160953 511.000000 9820.104752 105 0.135759 0.000000 408.000000 408.000000
1.000000 511.000000 -0.000000 2624.639681 14594.094718 511.000000 14828.227612 106 1.492179 0.000000 408.000000 408.000000
1.000000 511.000000 0.000000 -3775.436849 4813.598446 511.000000 6117.569240 107 0.953407 0.000000 408.000000 408.000000
1.000000 511.000000 0.000000 7006.303840 6565.110585 511.000000 9601.508761 108 -3.017883 0.000000 -408.000000 408.000000
1.000000 511.000000 -0.000000 -3487.773846 8581.189752 511.000000 9262.903646 109 -0.731285 0.000000 -408.000000 408.000000
1.000000 511.000000 -0.000000 12623.084597 3875.773349 511.000000 13204.691734 110 0.406483 0.000000 408.000000 408.000000
1.000000 511.000000 0.000000 1467.590909 4367.624220 511.000000 4607.598550 111 -0.501134 0.000000 -408.000000 408.000000
1.000000 511.000000 0.000000 6829.132273 10427.330390 511.000000 12464.600541 112 2.665392 0.000000 408.000000 408.000000
1.000000 511.000000 0.000000 -16537.667658 11569.751312 511.000000 20183.002675 113 1.047235 0.000000 408.000000 408.000000
1.000000 511.000000 0.000000 -2083.692012 -2914.100781 511.000000 3582.423169 114 -2.024597 0.000000 -408.000000 408.000000
1.000000 511.000000 0.000000 1758.144852 -1132.266978 511.000000 2091.196268 115 -0.150221 0.000000 -408.000000 408.000000
1.000000 511.000000 0.000000 -4997.356862 4519.092511 511.000000 6737.638513 116 -1.337307 0.000000 -408.000000 408.000000
1.000000 511.000000 0.000000 -3507.006249 4133.829016 511.000000 5421.036355 117 -0.958239 0.000000 -408.000000 408.000000
1.000000 511.000000 0.000000 -4714.564035 14877.486494 511.000000 15606.624184 118 2.778100 0.000000 408.000000 408.000000
1.000000 511.000000 0.000000 10352.309578 -1075.876437 511.000000 10408.065320 119 0.749015 0.000000 408.000000 408.000000
1.000000 511.000000 -0.000000 -4571.049274 -8551.206475 511.000000 9696.268542 120 -0.407734 0.000000 -408.000000 408.000000
1.000000 511.000000 0.000000 113.790510 -1692.065885 511.000000 1695.887744 121 0.495234 -0.000000 408.000000 -408.000000
1.000000 511.000000 0.000000 -2788.916361 5216.865605 511.000000 5915.550796 122 -2.441188 0.000000 -408.000000 408.000000
1.000000 511.000000 0.000000 5298.788877 -7187.136577 511.000000 8929.283047 123 -1.061751 -0.000000 -408.000000 -408.000000
1.000000 511.000000 -0.000000 -2673.631145 6188.330533 511.000000 6741.197096 124 1.891997 0.000000 408.000000 408.000000
1.000000 511.000000 -0.000000 2697.765142 126.327232 511.000000 2700.721261 125 0.165135 -0.000000 408.000000 -408.000000
1.000000 511.000000 -0.000000 8279.301169 -5495.862692 511.000000 9937.370607 126 1.207035 -0.000000 408.000000 -408.000000
1.000000 511.000000 -0.000000 6186.423820 -869.812942 511.000000 6247.272544 127 0.963953 0.000000 408.000000 408.000000
1.000000 511.000000 -0.000000 -18574.333233 -702.615487 511.000000 18587.617480 128 -2.576300 0.000000 -408.000000 408.000000
1.000000 511.000000 0.000000 -8388.416918 10559.813991 511.000000 13486.111742 129 -0.767770 -0.000000 -408.000000 -408.000000
1.000000 511.000000 -0.000000 5151.104953 -7524.324932 511.000000 9118.626427 130 0.409101 0.000000 408.000000 408.000000
1.000000 511.000000 -0.000000 8978.048946 -11928.033010 511.000000 14929.277758 131 -0.489588 0.000000 -408.000000 408.000000
1.000000 511.000000 0.000000 2599.347661 1924.942121 511.000000 3234.503119 132 2.251270 0.000000 408.000000 408.000000
1.000000 511.000000 0.000000 -3239.360011 -4058.475604 511.000000 5192.752403 133 1.077480 0.000000 408.000000 408.000000
1.000000 511.000000 0.000000 -1538.665125 -1182.894284 511.000000 1940.806341 134 -1.779691 -0.000000 -408.000000 -408.000000
1.000000 511.000000 -0.000000 -6724.924613 -2628.476979 511.000000 7220.353334 135 -0.180558 0.000000 -408.000000 408.000000
1.000000 511.000000 -0.000000 4277.875035 1309.878710 511.000000 4473.924122 136 -1.095917 0.000000 -408.000000 408.000000
1.000000 511.000000 -0.000000 -6129.822253 -12310.631131 511.000000 13752.321974 137 -0.970590 -0.000000 -408.000000 -408.000000
1.000000 511.000000 -0.000000 -1248.687790 -4878.563702 511.000000 5035.832105 138 2.404240 0.000000 408.000000 408.000000
1.000000 511.000000 -0.000000 3630.350112 3796.406526 511.000000 5252.822522 139 0.787632 0.000000 408.000000 408.000000
1.000000 511.000000 -0.000000 7202.902522 -4210.086124 511.000000 8343.058787 140 -0.410584 0.000000 -408.000000 0.000000
1.000000 511.000000 -0.000000 -8412.709311 3901.410597 511.000000 9273.331796 141 0.484187 0.000000 408.000000 408.000000
1.000000 511.000000 0.000000 -7133.483897 -485.128335 511.000000 7149.960980 142 -2.088391 0.000000 -408.000000 408.000000
1.000000 511.000000 -0.000000 1527.982461 -1458.816985 511.000000 2112.552342 143 -1.094500 0.000000 -408.000000 408.000000
1.000000 511.000000 -0.000000 -884.344640 -4217.493576 511.000000 4309.213096 144 1.683474 -0.000000 408.000000 -408.000000
1.000000 511.000000 -0.000000 -5138.129267 987.244252 511.000000 5232.114637 145 0.196550 0.000000 408.000000 408.000000
1.000000 511.000000 0.000000 -4524.948451 2456.882268 511.000000 5148.925030 146 1.000000 -0.000000 408.000000 -408.000000
1.000000 511.000000 0.000000 1019.592096 -2908.907249 511.000000 3082.419411 147 0.978193 -0.000000 408.000000 -408.000000
1.000000 511.000000 0.000000 -5497.122325 -1197.808603 511.000000 5626.108718 148 -2.255903 0.000000 -408.000000 0.000000
1.000000 511.000000 0.000000 -2943.568179 -4546.961026 511.000000 5416.590089 149 -0.808691 -0.000000 -408.000000 -408.000000
1.000000 511.000000 -0.000000 2864.902748 -12482.071126 511.000000 12806.629820 150 0.412187 -0.000000 408.000000 -408.000000
1.000000 511.000000 -0.000000 -2258.777733 11432.039502 511.000000 11653.051275 151 -0.479020 0.000000 -408.000000 408.000000
1.000000 511.000000 -0.000000 -1873.532007 441.855728 511.000000 1924.930821 152 1.947212 -0.000000 408.000000 -408.000000
1.000000 511.000000 0.000000 -6575.950517 1428.018985 511.000000 6729.217148 153 1.112902 0.000000 408.000000 408.000000
1.000000 511.000000 -0.000000 104.198019 4037.224239 511.000000 4038.568656 154 -1.600234 0.000000 -408.000000 408.000000
1.000000 511.000000 -0.000000 16409.137815 4270.814954 511.000000 16955.815055 155 -0.213177 0.000000 -408.000000 408.000000
1.000000 511.000000 -0.000000 8697.603887 -530.926348 511.000000 8713.793442 156 -0.916343 0.000000 -408.000000 408.000000
1.000000 511.000000 -0.000000 10528.269644 -2817.048374 511.000000 10898.634008 157 -0.986814 -0.000000 -408.000000 -408.000000
1.000000 511.000000 -0.000000 2131.939912 2521.785030 511.000000 3302.206463 158 2.126798 0.000000 408.000000 0.000000
1.000000 511.000000 0.000000 -570.236529 -370.474756 511.000000 680.015620 159 0.831052 0.000000 408.000000 408.000000
1.000000 511.000000 0.000000 6037.066344 -6743.321329 511.000000 9050.886840 160 -0.413912 -0.000000 -408.000000 -408.000000
1.000000 511.000000 -0.000000 6505.225402 -2108.286492 511.000000 6838.335284 161 0.474077 -0.000000 408.000000 -408.000000
1.000000 511.000000 0.000000 -1514.552210 -1737.753783 511.000000 2305.137004 162 -1.823712 0.000000 -408.000000 0.000000
1.000000 511.000000 -0.000000 -1366.690775 5001.787248 511.000000 5185.144101 163 -1.132786 0.000000 -408.000000 408.000000
1.000000 511.000000 0.000000 -3724.219164 1724.986838 511.000000 4104.313337 164 1.527621 0.000000 408.000000 0.000000
1.000000 511.000000 -0.000000 68.965707 8906.026894 511.000000 8906.293915 165 0.230513 0.000000 408.000000 408.000000
1.000000 511.000000 0.000000 -1019.118301 6137.898245 511.000000 6221.928718 166 0.842714 -0.000000 408.000000 -408.000000
1.000000 511.000000 0.000000 -1409.851142 7884.865197 511.000000 8009.917566 167 0.996515 0.000000 408.000000 408.000000
1.000000 511.000000 0.000000 3564.072460 -4623.508855 511.000000 5837.760412 168 -2.013502 0.000000 -408.000000 408.000000
1.000000 511.000000 -0.000000 -3463.259993 692.204821 511.000000 3531.758385 169 -0.854826 0.000000 -408.000000 408.000000
1.000000 511.000000 -0.000000 -3202.283726 1091.404457 511.000000 3383.161945 170 0.415760 0.000000 408.000000 408.000000
1.000000 511.000000 -0.000000 3968.380419 -2778.493651 511.000000 4844.385423 171 -0.469350 -0.000000 -408.000000 -408.000000
1.000000 511.000000 0.000000 -449.626713 -2116.317112 511.000000 2163.553166 172 1.714804 0.000000 408.000000 408.000000
1.000000 511.000000 -0.000000 -256.369703 5894.177386 511.000000 5899.750205 173 1.154266 0.000000 408.000000 408.000000
1.000000 511.000000 -0.000000 -79.265010 8534.008228 511.000000 8534.376332 174 -1.463824 0.000000 -408.000000 408.000000
1.000000 511.000000 -0.000000 20697.085050 -19551.634583 511.000000 28471.665642 175 -0.248637 0.000000 -408.000000 408.000000
1.000000 511.000000 -0.000000 5206.056243 10337.117674 511.000000 11574.066849 176 -0.777388 -0.000000 -408.000000 -408.000000
1.000000 511.000000 0.000000 130.241516 7692.486519 511.000000 7693.589000 177 -1.007363 0.000000 -408.000000 408.000000
1.000000 511.000000 -0.000000 19686.663486 11933.647895 511.000000 23021.222194 178 1.913362 0.000000 408.000000 408.000000
0.000000 -0.000000 -0.000000 -96373.211135 -17001.871401 0.000000 97861.429866 179 0.880143 0.000000 408.000000 408.000000
0.000000 -0.000000 -0.000000 -16009.836038 -12634.108875 0.000000 20394.498205 180 -0.417734 0.000000 -408.000000 408.000000
0.000000 -0.000000 -0.000000 -15741.591439 -7538.559985 0.000000 17453.583806 181 0.464832 0.000000 408.000000 408.000000
0.000000 0.000000 -0.000000 -10577.988604 -11764.682238 0.000000 15820.922573 182 -1.618081 0.000000 -408.000000 408.000000
0.000000 0.000000 0.000000 10398.713696 12269.765820 0.000000 16083.544380 183 -1.177471 0.000000 -408.000000 408.000000
0.000000 0.000000 -0.000000 -3827.109382 4900.951392 0.000000 6218.206395 184 1.407428 0.000000 408.000000 408.000000
0.000000 -0.000000 -0.000000 -3064.564184 -2011.357943 0.000000 3665.666981 185 0.267641 0.000000 408.000000 408.000000
0.000000 -0.000000 -0.000000 -13762.052376 592.477991 0.000000 13774.800027 186 0.719010 0.000000 408.000000 408.000000
0.000000 -0.000000 -0.000000 -3363.016802 -1131.730687 0.000000 3548.337126 187 1.019438 0.000000 408.000000 408.000000
0.000000 0.000000 -0.000000 -1524.577383 -9823.480301 0.000000 9941.081501 188 -1.824293 -0.000000 -408.000000 -408.000000
0.000000 0.000000 0.000000 -4073.680290 1397.644501 0.000000 4306.771558 189 -0.907145 0.000000 -408.000000 408.000000
0.000000 -0.000000 0.000000 -2221.594075 -1213.794759 0.000000 2531.556428 190 0.419836 0.000000 408.000000 408.000000
0.000000 -0.000000 -0.000000 -3735.455351 -5904.136731 0.000000 6986.591244 191 -0.460513 0.000000 -408.000000 408.000000
0.000000 0.000000 -0.000000 8193.837130 2323.721030 0.000000 8516.962272 192 1.531637 0.000000 408.000000 408.000000
0.000000 -0.000000 0.000000 -3684.298604 767.107762 0.000000 3763.311111 193 1.202547 0.000000 408.000000 408.000000
0.000000 0.000000 0.000000 -6436.796557 910.172453 0.000000 6500.827933 194 -1.357309 0.000000 -408.000000 408.000000
0.000000 0.000000 -0.000000 446.474640 -1893.026355 0.000000 1944.964880 195 -0.287622 0.000000 -408.000000 408.000000
0.000000 -0.000000 0.000000 11558.746573 12059.831685 0.000000 16704.615009 196 -0.666502 -0.000000 -408.000000 -408.000000
0.000000 0.000000 0.000000 -3525.975073 -4253.886444 0.000000 5525.219461 197 -1.032829 0.000000 -408.000000 408.000000
0.000000 -0.000000 -0.000000 2106.015127 -2241.004445 0.000000 3075.288708 198 1.744627 0.000000 408.000000 408.000000
0.000000 0.000000 -0.000000 -3018.795178 -8575.036928 0.000000 9090.895591 199 0.935996 0.000000 408.000000 408.000000
0.000000 -0.000000 0.000000 -1493.000599 12559.433000 0.000000 12647.861798 200 -0.422071 0.000000 -408.000000 408.000000
0.000000 0.000000 0.000000 -4427.817234 -2327.193701 0.000000 5002.139140 201 0.456387 0.000000 408.000000 408.000000
0.000000 -0.000000 0.000000 -3408.087409 9051.211146 0.000000 9671.581205 202 -1.453944 -0.000000 -408.000000 -408.000000
0.000000 0.000000 0.000000 11100.810668 -9422.449637 0.000000 14560.582222 203 -1.229660 0.000000 -408.000000 408.000000
0.000000 0.000000 -0.000000 -4416.558030 -5225.367939 0.000000 6841.816640 204 1.312564 -0.000000 408.000000 -408.000000
0.000000 0.000000 0.000000 4862.029176 2299.724618 0.000000 5378.481294 205 0.308695 -0.000000 408.000000 -408.000000
0.000000 0.000000 0.000000 378.002639 -6997.077732 0.000000 7007.280698 206 0.618995 0.000000 408.000000 408.000000
0.000000 -0.000000 -0.000000 8506.376972 7308.651681 0.000000 11214.938189 207 1.047641 0.000000 408.000000 408.000000
0.000000 -0.000000 0.000000 -2323.496642 6358.418330 0.000000 6769.646985 208 -1.673021 -0.000000 -408.000000 -408.000000
0.000000 -0.000000 -0.000000 -879.594639 -486.256804 0.000000 1005.053436 209 -0.966877 0.000000 -408.000000 408.000000
0.000000 0.000000 0.000000 6082.344200 11204.228669 0.000000 12748.711740 210 0.424440 0.000000 408.000000 408.000000
0.000000 -0.000000 -0.000000 -1277.801016 -8538.882089 0.000000 8633.961013 211 -0.452447 -0.000000 -408.000000 -408.000000
0.000000 0.000000 0.000000 -7240.577976 -2947.887678 0.000000 7817.673003 212 1.383762 0.000000 408.000000 408.000000
0.000000 0.000000 -0.000000 9413.650884 2349.559513 0.000000 9702.435409 213 1.258999 -0.000000 408.000000 -408.000000
0.000000 0.000000 -0.000000 744.683607 3694.224360 0.000000 3768.533839 214 -1.272462 0.000000 -408.000000 408.000000
0.000000 -0.000000 0.000000 -1099.533273 -1968.450155 0.000000 2254.721586 215 -0.330985 -0.000000 -408.000000 -408.000000
0.000000 0.000000 -0.000000 -1377.819163 5663.690036 0.000000 5828.873859 216 -0.575779 -0.000000 -408.000000 -408.000000
0.000000 0.000000 -0.000000 6332.148561 -232.839311 0.000000 6336.427980 217 -1.063992 0.000000 -408.000000 408.000000
0.000000 -0.000000 -0.000000 -4994.179282 -7428.647785 0.000000 8951.348201 218 1.608378 0.000000 408.000000 408.000000
0.000000 0.000000 0.000000 6820.424795 -1001.530063 0.000000 6893.566338 219 1.000000 -0.000000 408.000000 -408.000000
0.000000 -0.000000 -0.000000 -4570.759731 -2287.962421 0.000000 5111.420209 220 -0.426947 -0.000000 -408.000000 -408.000000
0.000000 0.000000 -0.000000 3285.551770 -3798.046382 0.000000 5021.952484 221 0.448687 0.000000 408.000000 408.000000
0.000000 -0.000000 0.000000 -1293.454689 4361.916452 0.000000 4549.652752 222 -1.320074 -0.000000 -408.000000 -408.000000
0.000000 -0.000000 -0.000000 -2973.642927 -1407.595989 0.000000 3289.966371 223 -1.290781 0.000000 -408.000000 0.000000
0.000000 0.000000 -0.000000 5589.465404 -1961.241611 0.000000 5923.562455 224 1.236402 -0.000000 408.000000 -408.000000
0.000000 0.000000 0.000000 6570.194606 -7069.359367 0.000000 9651.077609 225 0.354637 -0.000000 408.000000 -408.000000
0.000000 0.000000 -0.000000 -150.671418 2199.003069 0.000000 2204.158881 226 0.536272 0.000000 408.000000 408.000000
0.000000 -0.000000 0.000000 -6074.125875 2947.677004 0.000000 6751.577954 227 1.082021 0.000000 408.000000 408.000000
0.000000 0.000000 -0.000000 5269.597036 -6595.818571 0.000000 8442.361964 228 -1.549794 -0.000000 -408.000000 -408.000000
0.000000 0.000000 0.000000 9195.612065 -5664.167135 0.000000 10800.095860 229 -1.035602 0.000000 -408.000000 408.000000
0.000000 -0.000000 -0.000000 -35138.834952 -7747.692637 0.000000 35982.835672 230 0.429595 0.000000 408.000000 408.000000
0.000000 0.000000 0.000000 2610.244966 3584.846343 0.000000 4434.467509 231 -0.445101 0.000000 -408.000000 408.000000
0.000000 -0.000000 -0.000000 -3699.949477 4473.213087 0.000000 5805.106498 232 1.262041 0.000000 408.000000 408.000000
0.000000 0.000000 0.000000 -6367.747267 1482.564328 0.000000 6538.057987 233 1.325254 -0.000000 408.000000 -408.000000
0.000000 -0.000000 -0.000000 -6821.067964 5459.759560 0.000000 8737.044272 234 -1.203886 -0.000000 -408.000000 -408.000000
0.000000 -0.000000 0.000000 -5398.685787 777.388912 0.000000 5454.369051 235 -0.379813 0.000000 -408.000000 408.000000
0.000000 -0.000000 0.000000 209.681749 -2140.917338 0.000000 2151.160962 236 -0.499987 0.000000 -408.000000 408.000000
0.000000 0.000000 0.000000 -4145.866478 -1903.825308 0.000000 4562.100356 237 -1.101887 0.000000 -408.000000 408.000000
0.000000 0.000000 -0.000000 13835.051487 -4525.244742 0.000000 14556.321294 238 1.496516 0.000000 408.000000 408.000000
0.000000 0.000000 0.000000 -1946.988511 1831.085413 0.000000 2672.758510 239 1.073957 0.000000 408.000000 408.000000
0.000000 0.000000 0.000000 6253.127672 203.766885 0.000000 6256.446805 240 -0.432389 0.000000 -408.000000 408.000000
0.000000 0.000000 0.000000 4298.167725 5001.158671 0.000000 6594.378959 241 0.441684 -0.000000 408.000000 -408.000000
0.000000 -0.000000 -0.000000 4043.630189 -1614.262404 0.000000 4353.939391 242 -1.208959 -0.000000 -408.000000 -408.000000
0.000000 0.000000 0.000000 1062.180579 9852.729300 0.000000 9909.818477 243 -1.362704 -0.000000 -408.000000 -408.000000
0.000000 -0.000000 -0.000000 4141.931971 -888.240363 0.000000 4236.103327 244 1.174499 0.000000 408.000000 408.000000
0.000000 0.000000 -0.000000 -3836.668868 -16705.103452 0.000000 17140.026527 245 0.406702 -0.000000 408.000000 -408.000000
0.000000 0.000000 0.000000 951.091046 3460.990528 0.000000 3589.293748 246 0.466517 -0.000000 408.000000 -408.000000
0.000000 0.000000 0.000000 4143.372611 4286.508059 0.000000 5961.684991 247 1.123772 -0.000000 408.000000 -408.000000
0.000000 -0.000000 0.000000 1321.720900 4205.461583 0.000000 4408.271006 248 -1.447917 -0.000000 -408.000000 -408.000000
0.000000 0.000000 -0.000000 4674.741064 -4164.018521 0.000000 6260.371734 249 -1.115381 -0.000000 -408.000000 -408.000000
0.000000 0.000000 0.000000 3990.333863 903.634596 0.000000 4091.371386 250 0.435332 0.000000 408.000000 408.000000
0.000000 0.000000 -0.000000 8383.239682 -2546.399268 0.000000 8761.441479 251 -0.438429 0.000000 -408.000000 408.000000
0.000000 -0.000000 -0.000000 -15030.470508 -4214.457872 0.000000 15610.147303 252 1.160239 -0.000000 408.000000 -408.000000
0.000000 -0.000000 -0.000000 1812.626196 499.955120 0.000000 1880.310838 253 1.403463 0.000000 408.000000 408.000000
0.000000 0.000000 0.000000 -3662.951586 -285.079179 0.000000 3674.028370 254 -1.147893 0.000000 -408.000000 408.000000
0.000000 -0.000000 -0.000000 -9059.233896 3631.470757 0.000000 9759.984561 255 -0.435520 0.000000 -408.000000 408.000000
0.000000 -0.000000 -0.000000 9875.095062 3631.470757 0.000000 10521.648271 256 -0.435520 0.000000 -408.000000 408.000000
0.000000 -0.000000 -0.000000 4477.698976 -285.079179 0.000000 4486.764787 257 -1.147893 -0.000000 -408.000000 -408.000000
0.000000 -0.000000 0.000000 -1000.123085 499.955120 0.000000 1118.124012 258 1.403463 0.000000 408.000000 408.000000
0.000000 -0.000000 -0.000000 15839.564627 -4214.457872 0.000000 16390.651688 259 1.160239 0.000000 408.000000 408.000000
0.000000 0.000000 -0.000000 -7578.772555 -2546.399268 0.000000 7995.119929 260 -0.438429 0.000000 -408.000000 408.000000
0.000000 0.000000 -0.000000 -3191.786664 903.634596 0.000000 3317.236439 261 0.435332 0.000000 408.000000 408.000000
0.000000 0.000000 -0.000000 -3883.507086 -4164.018521 0.000000 5693.915834 262 -1.115381 -0.000000 -408.000000 -408.000000
0.000000 -0.000000 0.000000 -539.324595 4205.461583 0.000000 4239.903082 263 -1.447917 0.000000 -408.000000 408.000000
0.000000 -0.000000 0.000000 -3371.507948 4286.508059 0.000000 5453.550878 264 1.123772 0.000000 408.000000 408.000000
0.000000 0.000000 0.000000 -191.670484 3460.990528 0.000000 3466.293844 265 0.466517 0.000000 408.000000 408.000000
0.000000 -0.000000 -0.000000 4581.450351 -16705.103452 0.000000 17321.956260 266 0.406702 0.000000 408.000000 408.000000
0.000000 0.000000 -0.000000 -3414.352748 -888.240363 0.000000 3527.998814 267 1.174499 -0.000000 408.000000 -408.000000
0.000000 0.000000 -0.000000 -354.852458 9852.729300 0.000000 9859.117350 268 -1.362704 0.000000 -408.000000 408.000000
0.000000 -0.000000 -0.000000 -3360.252840 -1614.262404 0.000000 3727.887103 269 -1.208959 -0.000000 -408.000000 -408.000000
0.000000 0.000000 0.000000 -3643.330556 5001.158671 0.000000 6187.523381 270 0.441684 0.000000 408.000000 408.000000
0.000000 0.000000 -0.000000 -5632.666597 203.766885 0.000000 5636.351119 271 -0.432389 -0.000000 -408.000000 -408.000000
0.000000 0.000000 0.000000 2525.438224 1831.085413 0.000000 3119.408921 272 1.073957 -0.000000 408.000000 -408.000000
0.000000 -0.000000 -0.000000 -13308.942909 -4525.244742 0.000000 14057.233061 273 1.496516 0.000000 408.000000 408.000000
0.000000 0.000000 -0.000000 4605.080819 -1903.825308 0.000000 4983.103466 274 -1.101887 0.000000 -408.000000 408.000000
0.000000 -0.000000 -0.000000 161.070942 -2140.917338 0.000000 2146.967838 275 -0.499987 -0.000000 -408.000000 -408.000000
0.000000 -0.000000 -0.000000 5646.842345 777.388912 0.000000 5700.101928 276 -0.379813 0.000000 -408.000000 408.000000
0.000000 -0.000000 0.000000 6887.520802 5459.759560 0.000000 8789.022542 277 -1.203886 -0.000000 -408.000000 -408.000000
0.000000 0.000000 0.000000 6135.674533 1482.564328 0.000000 6312.249913 278 1.325254 0.000000 408.000000 408.000000
0.000000 0.000000 -0.000000 2882.221497 4473.213087 0.000000 5321.356602 279 1.262041 0.000000 408.000000 408.000000
0.000000 -0.000000 -0.000000 -5119.810737 3584.846343 0.000000 6250.086823 280 -0.445101 -0.000000 -408.000000 -408.000000
0.000000 -0.000000 0.000000 -36510.869635 -7747.692637 0.000000 37323.857554 281 0.429595 0.000000 408.000000 408.000000
0.000000 0.000000 0.000000 -4440.710937 -5664.167135 0.000000 7197.409462 282 -1.035602 0.000000 -408.000000 408.000000
0.000000 -0.000000 0.000000 -2481.151879 -6595.818571 0.000000 7047.051671 283 -1.549794 -0.000000 -408.000000 -408.000000
0.000000 0.000000 -0.000000 8223.869033 2947.677004 0.000000 8736.178890 284 1.082021 0.000000 408.000000 408.000000
0.000000 0.000000 0.000000 1980.594682 2199.003069 0.000000 2959.454306 285 0.536272 0.000000 408.000000 408.000000
0.000000 0.000000 -0.000000 -4934.854678 -7069.359367 0.000000 8621.405486 286 0.354637 0.000000 408.000000 408.000000
0.000000 -0.000000 -0.000000 -4086.958251 -1961.241611 0.000000 4533.177297 287 1.236402 0.000000 408.000000 408.000000
0.000000 -0.000000 -0.000000 4378.098922 -1407.595989 0.000000 4598.812525 288 -1.290781 -0.000000 -408.000000 -408.000000
0.000000 0.000000 0.000000 2621.220073 4361.916452 0.000000 5088.920299 289 -1.320074 0.000000 -408.000000 408.000000
0.000000 -0.000000 0.000000 -2020.560800 -3798.046382 0.000000 4302.071857 290 0.448687 0.000000 408.000000 0.000000
0.000000 -0.000000 -0.000000 5782.418927 -2287.962421 0.000000 6218.612440 291 -0.426947 0.000000 -408.000000 408.000000
0.000000 0.000000 -0.000000 -5655.516682 -1001.530063 0.000000 5743.512115 292 1.000000 -0.000000 408.000000 -408.000000
0.000000 0.000000 -0.000000 6116.989562 -7428.647785 0.000000 9623.012481 293 1.608378 -0.000000 408.000000 -408.000000
0.000000 -0.000000 -0.000000 -5248.139577 -232.839311 0.000000 5253.302120 294 -1.063992 0.000000 -408.000000 408.000000
0.000000 -0.000000 -0.000000 2425.329650 5663.690036 0.000000 6161.136968 295 -0.575779 0.000000 -408.000000 408.000000
0.000000 0.000000 0.000000 2112.092447 -1968.450155 0.000000 2887.166520 296 -0.330985 0.000000 -408.000000 408.000000
0.000000 -0.000000 0.000000 233.875508 3694.224360 0.000000 3701.620101 297 -1.272462 0.000000 -408.000000 408.000000
0.000000 0.000000 0.000000 -8468.628098 2349.559513 0.000000 8788.520454 298 1.258999 0.000000 408.000000 0.000000
0.000000 0.000000 -0.000000 8152.114185 -2947.887678 0.000000 8668.737362 299 1.383762 0.000000 408.000000 408.000000
0.000000 0.000000 -0.000000 2155.535342 -8538.882089 0.000000 8806.749681 300 -0.452447 -0.000000 -408.000000 -408.000000
0.000000 -0.000000 0.000000 -5239.061384 11204.228669 0.000000 12368.609633 301 0.424440 0.000000 408.000000 408.000000
0.000000 0.000000 0.000000 1687.458659 -486.256804 0.000000 1756.121409 302 -0.966877 -0.000000 -408.000000 -408.000000
0.000000 -0.000000 0.000000 3094.662020 6358.418330 0.000000 7071.521525 303 -1.673021 -0.000000 -408.000000 -408.000000
0.000000 -0.000000 0.000000 -7773.507647 7308.651681 0.000000 10669.761503 304 1.047641 -0.000000 408.000000 -408.000000
0.000000 -0.000000 0.000000 314.641167 -6997.077732 0.000000 7004.148474 305 0.618995 -0.000000 408.000000 -408.000000
0.000000 0.000000 0.000000 -4211.896405 2299.724618 0.000000 4798.833675 306 0.308695 -0.000000 408.000000 -408.000000
0.000000 0.000000 0.000000 5021.504049 -5225.367939 0.000000 7247.066511 307 1.312564 -0.000000 408.000000 -408.000000
0.000000 -0.000000 -0.000000 -10544.162897 -9422.449637 0.000000 14140.789523 308 -1.229660 -0.000000 -408.000000 -408.000000
0.000000 -0.000000 0.000000 3912.830680 9051.211146 0.000000 9860.764024 309 -1.453944 0.000000 -408.000000 408.000000
0.000000 0.000000 0.000000 4876.479755 -2327.193701 0.000000 5403.321693 310 0.456387 -0.000000 408.000000 -408.000000
0.000000 -0.000000 0.000000 1880.740642 12559.433000 0.000000 12699.470171 311 -0.422071 0.000000 -408.000000 408.000000
0.000000 0.000000 0.000000 3339.984281 -8575.036928 0.000000 9202.540590 312 0.935996 0.000000 408.000000 408.000000
0.000000 -0.000000 0.000000 -1857.946833 -2241.004445 0.000000 2911.025139 313 1.744627 0.000000 408.000000 408.000000
0.000000 0.000000 0.000000 3693.212474 -4253.886444 0.000000 5633.415328 314 -1.032829 0.000000 -408.000000 408.000000
0.000000 -0.000000 0.000000 -11481.448442 12059.831685 0.000000 16651.222135 315 -0.666502 0.000000 -408.000000 0.000000
0.000000 -0.000000 -0.000000 -469.961570 -1893.026355 0.000000 1950.490363 316 -0.287622 -0.000000 -408.000000 -408.000000
0.000000 -0.000000 0.000000 6299.489309 910.172453 0.000000 6364.902155 317 -1.357309 -0.000000 -408.000000 -408.000000
0.000000 -0.000000 0.000000 3417.333637 767.107762 0.000000 3502.373981 318 1.202547 -0.000000 408.000000 -408.000000
0.000000 -0.000000 0.000000 -8609.945787 2323.721030 0.000000 8918.006833 319 1.531637 0.000000 408.000000 408.000000
0.000000 0.000000 -0.000000 3145.873002 -5904.136731 0.000000 6689.943758 320 -0.460513 -0.000000 -408.000000 -408.000000
0.000000 0.000000 -0.000000 1427.631826 -1213.794759 0.000000 1873.881092 321 0.419836 0.000000 408.000000 408.000000
0.000000 0.000000 0.000000 3035.269680 1397.644501 0.000000 3341.597250 322 -0.907145 0.000000 -408.000000 408.000000
0.000000 -0.000000 -0.000000 188.488004 -9823.480301 0.000000 9825.288441 323 -1.824293 -0.000000 -408.000000 -408.000000
0.000000 -0.000000 0.000000 1656.402329 -1131.730687 0.000000 2006.111418 324 1.019438 -0.000000 408.000000 -408.000000
0.000000 -0.000000 0.000000 11581.482917 592.477991 0.000000 11596.627817 325 0.719010 -0.000000 408.000000 -408.000000
0.000000 -0.000000 0.000000 256.141481 -2011.357943 0.000000 2027.601843 326 0.267641 0.000000 408.000000 408.000000
0.000000 -0.000000 0.000000 147.276067 4900.951392 0.000000 4903.163752 327 1.407428 0.000000 408.000000 408.000000
0.000000 0.000000 0.000000 -15369.582829 12269.765820 0.000000 19666.500187 328 -1.177471 0.000000 -408.000000 408.000000
0.000000 0.000000 -0.000000 3496.825027 -11764.682238 0.000000 12273.366833 329 -1.618081 0.000000 -408.000000 408.000000
0.000000 0.000000 -0.000000 4587.755939 -7538.559985 0.000000 8824.816780 330 0.464832 -0.000000 408.000000 -408.000000
0.000000 -0.000000 -0.000000 -6298.197927 -12634.108875 0.000000 14116.940327 331 -0.417734 -0.000000 -408.000000 -408.000000
0.000000 -0.000000 0.000000 -85800.058730 -17001.871401 0.000000 87468.358332 332 0.880143 -0.000000 408.000000 -408.000000
1.000000 511.000000 0.000000 14426.046852 11933.647895 511.000000 18722.253600 333 1.913362 0.000000 408.000000 408.000000
1.000000 511.000000 -0.000000 16444.588716 7692.486519 511.000000 18154.857391 334 -1.007363 0.000000 -408.000000 408.000000
1.000000 511.000000 -0.000000 6137.310252 10337.117674 511.000000 12021.754404 335 -0.777388 0.000000 -408.000000 408.000000
1.000000 511.000000 -0.000000 -11868.271021 -19551.634583 511.000000 22871.866384 336 -0.248637 -0.000000 -408.000000 -408.000000
1.000000 511.000000 -0.000000 7429.791034 8534.008228 511.000000 11315.082468 337 -1.463824 -0.000000 -408.000000 -408.000000
1.000000 511.000000 0.000000 6633.374798 5894.177386 511.000000 8873.724599 338 1.154266 0.000000 408.000000 408.000000
1.000000 511.000000 -0.000000 6136.733856 -2116.317112 511.000000 6491.402047 339 1.714804 0.000000 408.000000 408.000000
1.000000 511.000000 -0.000000 1203.982732 -2778.493651 511.000000 3028.134968 340 -0.469350 -0.000000 -408.000000 -408.000000
1.000000 511.000000 0.000000 7975.603672 1091.404457 511.000000 8049.932771 341 0.415760 0.000000 408.000000 408.000000
1.000000 511.000000 -0.000000 7917.918013 692.204821 511.000000 7948.117587 342 -0.854826 -0.000000 -408.000000 -408.000000
1.000000 511.000000 -0.000000 629.996456 -4623.508855 511.000000 4666.232921 343 -2.013502 0.000000 -408.000000 408.000000
1.000000 511.000000 0.000000 5386.615289 7884.865197 511.000000 9549.173966 344 0.996515 -0.000000 408.000000 -408.000000
1.000000 511.000000 0.000000 4811.666164 6137.898245 511.000000 7799.097777 345 0.842714 0.000000 408.000000 408.000000
1.000000 511.000000 0.000000 3565.191753 8906.026894 511.000000 9593.117703 346 0.230513 0.000000 408.000000 408.000000
1.000000 511.000000 -0.000000 7220.493599 1724.986838 511.000000 7423.685567 347 1.527621 0.000000 408.000000 408.000000
1.000000 511.000000 -0.000000 4741.600190 5001.787248 511.000000 6892.071389 348 -1.132786 -0.000000 -408.000000 -408.000000
1.000000 511.000000 -0.000000 4781.558091 -1737.753783 511.000000 5087.542235 349 -1.823712 0.000000 -408.000000 408.000000
1.000000 511.000000 -0.000000 -3335.048640 -2108.286492 511.000000 3945.557168 350 0.474077 -0.000000 408.000000 -408.000000
1.000000 511.000000 -0.000000 -2954.541860 -6743.321329 511.000000 7362.180394 351 -0.413912 -0.000000 -408.000000 -408.000000
1.000000 511.000000 -0.000000 3572.751508 -370.474756 511.000000 3591.908251 352 0.831052 0.000000 408.000000 408.000000
1.000000 511.000000 0.000000 796.947503 2521.785030 511.000000 2644.716442 353 2.126798 0.000000 408.000000 0.000000
1.000000 511.000000 0.000000 -7667.681548 -2817.048374 511.000000 8168.788274 354 -0.986814 -0.000000 -408.000000 -408.000000
1.000000 511.000000 -0.000000 -5900.882891 -530.926348 511.000000 5924.719545 355 -0.916343 0.000000 -408.000000 408.000000
1.000000 511.000000 0.000000 -13672.627992 4270.814954 511.000000 14324.127080 356 -0.213177 0.000000 -408.000000 408.000000
1.000000 511.000000 -0.000000 2575.070159 4037.224239 511.000000 4788.545279 357 -1.600234 0.000000 -408.000000 408.000000
1.000000 511.000000 0.000000 9200.325819 1428.018985 511.000000 9310.490502 358 1.112902 0.000000 408.000000 408.000000
1.000000 511.000000 0.000000 4444.787588 441.855728 511.000000 4466.696004 359 1.947212 0.000000 408.000000 0.000000
1.000000 511.000000 0.000000 4778.138142 11432.039502 511.000000 12390.404806 360 -0.479020 0.000000 -408.000000 408.000000
1.000000 511.000000 -0.000000 -396.751580 -12482.071126 511.000000 12488.375051 361 0.412187 -0.000000 408.000000 -408.000000
1.000000 511.000000 -0.000000 5360.650433 -4546.961026 511.000000 7029.326257 362 -0.808691 -0.000000 -408.000000 -408.000000
1.000000 511.000000 0.000000 7862.705309 -1197.808603 511.000000 7953.419405 363 -2.255903 -0.000000 -408.000000 -408.000000
1.000000 511.000000 -0.000000 1293.444986 -2908.907249 511.000000 3183.510848 364 0.978193 0.000000 408.000000 408.000000
1.000000 511.000000 -0.000000 6783.706535 2456.882268 511.000000 7214.911283 365 1.000000 -0.000000 408.000000 -408.000000
1.000000 511.000000 -0.000000 7340.087679 987.244252 511.000000 7406.182441 366 0.196550 -0.000000 408.000000 -408.000000
1.000000 511.000000 -0.000000 3026.053584 -4217.493576 511.000000 5190.785331 367 1.683474 0.000000 408.000000 408.000000
1.000000 511.000000 0.000000 548.901803 -1458.816985 511.000000 1558.666156 368 -1.094500 -0.000000 -408.000000 -408.000000
1.000000 511.000000 -0.000000 9139.570178 -485.128335 511.000000 9152.436427 369 -2.088391 -0.000000 -408.000000 -408.000000
1.000000 511.000000 0.000000 10340.243766 3901.410597 511.000000 11051.771161 370 0.484187 -0.000000 408.000000 -408.000000
1.000000 511.000000 -0.000000 -5363.999171 -4210.086124 511.000000 6818.893772 371 -0.410584 -0.000000 -408.000000 -408.000000
1.000000 511.000000 -0.000000 -1893.275617 3796.406526 511.000000 4242.310110 372 0.787632 0.000000 408.000000 408.000000
1.000000 511.000000 0.000000 2866.431619 -4878.563702 511.000000 5658.340218 373 2.404240 -0.000000 408.000000 -408.000000
1.000000 511.000000 -0.000000 7604.597583 -12310.631131 511.000000 14470.022227 374 -0.970590 -0.000000 -408.000000 -408.000000
1.000000 511.000000 -0.000000 -2978.789787 1309.878710 511.000000 3254.069887 375 -1.095917 -0.000000 -408.000000 -408.000000
1.000000 511.000000 -0.000000 7801.528204 -2628.476979 511.000000 8232.419666 376 -0.180558 0.000000 -408.000000 408.000000
1.000000 511.000000 -0.000000 2322.944420 -1182.894284 511.000000 2606.781477 377 -1.779691 -0.000000 -408.000000 -408.000000
1.000000 511.000000 -0.000000 3620.880433 -4058.475604 511.000000 5438.933659 378 1.077480 -0.000000 408.000000 -408.000000
1.000000 511.000000 -0.000000 -2809.797123 1924.942121 511.000000 3405.930422 379 2.251270 0.000000 408.000000 0.000000
1.000000 511.000000 0.000000 -10145.394623 -11928.033010 511.000000 15659.086932 380 -0.489588 -0.000000 -408.000000 -408.000000
1.000000 511.000000 0.000000 -8128.359539 -7524.324932 511.000000 11076.357455 381 0.409101 0.000000 408.000000 408.000000
1.000000 511.000000 -0.000000 698.277422 10559.813991 511.000000 10582.875927 382 -0.767770 0.000000 -408.000000 408.000000
1.000000 511.000000 -0.000000 -31581.153350 -702.615487 511.000000 31588.968255 383 -2.576300 -0.000000 -408.000000 -408.000000
1.000000 511.000000 0.000000 14454.792877 -869.812942 511.000000 14480.939599 384 0.963953 -0.000000 408.000000 -408.000000
1.000000 511.000000 -0.000000 2259.199729 -5495.862692 511.000000 5942.094761 385 1.207035 0.000000 408.000000 408.000000
1.000000 511.000000 -0.000000 5093.854264 126.327232 511.000000 5095.420476 386 0.165135 -0.000000 408.000000 -408.000000
1.000000 511.000000 -0.000000 9190.557065 6188.330533 511.000000 11079.791242 387 1.891997 -0.000000 408.000000 -408.000000
1.000000 511.000000 0.000000 486.670854 -7187.136577 511.000000 7203.594984 388 -1.061751 -0.000000 -408.000000 -408.000000
1.000000 511.000000 -0.000000 8103.445751 5216.865605 511.000000 9637.505890 389 -2.441188 -0.000000 -408.000000 -408.000000
1.000000 511.000000 -0.000000 4875.209732 -1692.065885 511.000000 5160.499675 390 0.495234 -0.000000 408.000000 -408.000000
1.000000 511.000000 0.000000 9324.247815 -8551.206475 511.000000 12651.669040 391 -0.407734 -0.000000 -408.000000 -408.000000
1.000000 511.000000 -0.000000 -5775.370604 -1075.876437 511.000000 5874.726863 392 0.749015 -0.000000 408.000000 -408.000000
1.000000 511.000000 -0.000000 9157.022922 14877.486494 511.000000 17469.707301 393 2.778100 0.000000 408.000000 408.000000
1.000000 511.000000 0.000000 7845.651890 4133.829016 511.000000 8868.077352 394 -0.958239 0.000000 -408.000000 0.000000
1.000000 511.000000 -0.000000 9255.569228 4519.092511 511.000000 10299.891207 395 -1.337307 -0.000000 -408.000000 -408.000000
1.000000 511.000000 -0.000000 2438.058656 -1132.266978 511.000000 2688.151506 396 -0.150221 0.000000 -408.000000 408.000000
1.000000 511.000000 -0.000000 6232.845325 -2914.100781 511.000000 6880.431978 397 -2.024597 -0.000000 -408.000000 -408.000000
1.000000 511.000000 0.000000 20652.255197 11569.751312 511.000000 23672.236695 398 1.047235 -0.000000 408.000000 -408.000000
1.000000 511.000000 -0.000000 -2738.416257 10427.330390 511.000000 10780.915669 399 2.665392 0.000000 408.000000 408.000000
1.000000 511.000000 0.000000 2608.645598 4367.624220 511.000000 5087.354242 400 -0.501134 -0.000000 -408.000000 -408.000000
1.000000 511.000000 0.000000 -8552.878390 3875.773349 511.000000 9390.066443 401 0.406483 0.000000 408.000000 408.000000
1.000000 511.000000 0.000000 7559.729757 8581.189752 511.000000 11436.185184 402 -0.731285 0.000000 -408.000000 408.000000
1.000000 511.000000 0.000000 -2925.271793 6565.110585 511.000000 7187.342489 403 -3.017883 -0.000000 -408.000000 -408.000000
1.000000 511.000000 0.000000 7872.594439 4813.598446 511.000000 9227.593034 404 0.953407 -0.000000 408.000000 -408.000000
1.000000 511.000000 0.000000 1495.566565 14594.094718 511.000000 14670.525553 405 1.492179 -0.000000 408.000000 -408.000000
1.000000 511.000000 -0.000000 -1350.142084 -8135.160953 511.000000 8246.437254 406 0.135759 -0.000000 408.000000 -408.000000
1.000000 511.000000 0.000000 -8736.130617 3137.094725 511.000000 9282.313369 407 2.183310 0.000000 408.000000 408.000000
1.000000 511.000000 -0.000000 611.365439 2394.002156 511.000000 2470.832657 408 -1.033860 0.000000 -408.000000 408.000000
1.000000 511.000000 -0.000000 568.162349 3106.776652 511.000000 3158.301699 409 -2.933973 -0.000000 -408.000000 -408.000000
1.000000 511.000000 -0.000000 13025.036274 -2594.272186 511.000000 13280.881677 410 0.507300 0.000000 408.000000 0.000000
1.000000 511.000000 -0.000000 276.611191 5500.644854 511.000000 5507.595442 411 -0.405346 0.000000 -408.000000 0.000000
1.000000 511.000000 0.000000 249.881678 321.756740 511.000000 407.392013 412 0.714505 0.000000 408.000000 408.000000
1.000000 511.000000 0.000000 -909.717280 -291.704168 511.000000 955.341222 413 3.307260 -0.000000 408.000000 -408.000000
1.000000 511.000000 0.000000 7738.958241 2091.898593 511.000000 8016.702214 414 -0.949425 -0.000000 -408.000000 -408.000000
1.000000 511.000000 -0.000000 -6328.956027 -7655.415571 511.000000 9932.827994 415 -1.679365 -0.000000 -408.000000 -408.000000
1.000000 511.000000 -0.000000 7887.566018 921.308142 511.000000 7941.190489 416 -0.121698 0.000000 -408.000000 0.000000
1.000000 511.000000 -0.000000 6854.866783 926.102940 511.000000 6917.142854 417 -2.376438 -0.000000 -408.000000 -408.000000
1.000000 511.000000 0.000000 1082.348265 313.638129 511.000000 1126.874723 418 1.021566 -0.000000 408.000000 -408.000000
1.000000 511.000000 0.000000 4516.204559 753.000074 511.000000 4578.549195 419 3.261406 0.000000 408.000000 408.000000
1.000000 511.000000 0.000000 1292.445171 -5327.760649 511.000000 5482.284930 420 -0.513745 0.000000 -408.000000 408.000000
1.000000 511.000000 0.000000 -2281.315490 -2286.663589 511.000000 3230.051197 421 0.404322 0.000000 408.000000 408.000000
1.000000 511.000000 0.000000 5141.718128 -1324.460296 511.000000 5309.563106 422 -0.698608 0.000000 -408.000000 408.000000
1.000000 511.000000 -0.000000 818.943074 4824.052473 511.000000 4893.071634 423 -3.663120 -0.000000 -408.000000 -408.000000
1.000000 511.000000 -0.000000 -2947.450076 2733.441515 511.000000 4019.846323 424 0.946264 0.000000 408.000000 408.000000
1.000000 511.000000 0.000000 -658.441968 8789.816595 511.000000 8814.443919 425 1.910167 0.000000 408.000000 408.000000
1.000000 511.000000 0.000000 -753.626439 -1404.773386 511.000000 1594.158422 426 0.107990 -0.000000 408.000000 -408.000000
1.000000 511.000000 0.000000 -4609.047805 7597.061079 511.000000 8885.868483 427 2.616234 0.000000 408.000000 408.000000
1.000000 511.000000 0.000000 15467.698873 7648.110882 511.000000 17255.240030 428 -1.010295 0.000000 -408.000000 408.000000
1.000000 511.000000 -0.000000 8807.008787 -956.329723 511.000000 8858.779279 429 -3.669231 -0.000000 -408.000000 -408.000000
1.000000 511.000000 0.000000 1116.332904 954.962067 511.000000 1469.064907 430 0.520481 0.000000 408.000000 408.000000
1.000000 511.000000 0.000000 19717.393681 7254.011216 511.000000 21009.433412 431 -0.403409 0.000000 -408.000000 408.000000
1.000000 511.000000 0.000000 10570.166052 6404.580561 511.000000 12359.088257 432 0.683533 0.000000 408.000000 408.000000
1.000000 511.000000 0.000000 26160.519081 11671.588881 511.000000 28646.094771 433 4.111014 0.000000 408.000000 408.000000
1.000000 511.000000 -0.000000 83747.271336 3045.208211 511.000000 83802.617795 434 -0.943901 -0.000000 -408.000000 -408.000000
0.000000 0.000000 -0.000000 -47739.841246 -15357.133392 0.000000 50149.117521 435 -2.201835 0.000000 -408.000000 408.000000
0.000000 0.000000 -0.000000 -21994.123472 -3476.927025 0.000000 22267.251489 436 -0.094591 -0.000000 -408.000000 -408.000000
0.000000 -0.000000 0.000000 -8267.778217 -7580.072318 0.000000 11216.668533 437 -2.921575 0.000000 -408.000000 408.000000
0.000000 0.000000 0.000000 -12023.332121 4664.647795 0.000000 12896.490001 438 1.000000 0.000000 408.000000 0.000000
0.000000 -0.000000 0.000000 -6356.645108 6587.727171 0.000000 9154.511801 439 4.190952 0.000000 408.000000 408.000000
0.000000 -0.000000 0.000000 -11925.012305 6336.429115 0.000000 13503.934700 440 -0.527523 0.000000 -408.000000 408.000000
0.000000 0.000000 0.000000 -4999.449120 3159.365249 0.000000 5914.057853 441 0.402606 0.000000 408.000000 408.000000
0.000000 0.000000 0.000000 6304.617567 7729.052897 0.000000 9974.290017 442 -0.669224 -0.000000 -408.000000 -408.000000
0.000000 -0.000000 -0.000000 -351.126316 -11868.745376 0.000000 11873.938121 443 -4.691523 -0.000000 -408.000000 -408.000000
0.000000 0.000000 -0.000000 229.508414 3383.067349 0.000000 3390.843376 444 0.942317 -0.000000 408.000000 -408.000000
0.000000 -0.000000 -0.000000 -1580.754154 -4608.312068 0.000000 4871.891195 445 2.582072 0.000000 408.000000 408.000000
0.000000 0.000000 0.000000 -3022.936118 -6514.162997 0.000000 7181.396962 446 0.081459 0.000000 408.000000 0.000000
0.000000 0.000000 0.000000 2337.812277 1938.954859 0.000000 3037.254054 447 3.323141 0.000000 408.000000 408.000000
0.000000 0.000000 0.000000 4409.227509 -4066.215570 0.000000 5997.949340 448 -0.990637 -0.000000 -408.000000 -408.000000
0.000000 -0.000000 0.000000 -3452.848330 3180.842410 0.000000 4694.669320 449 -4.881692 -0.000000 -408.000000 -408.000000
0.000000 -0.000000 0.000000 -2008.030643 1756.606480 0.000000 2667.930544 450 0.534885 -0.000000 408.000000 -408.000000
0.000000 -0.000000 0.000000 -8339.511403 -1734.513285 0.000000 8517.980205 451 -0.401912 -0.000000 -408.000000 -408.000000
0.000000 -0.000000 -0.000000 -342.940365 4004.915188 0.000000 4019.571340 452 0.655632 -0.000000 408.000000 -408.000000
0.000000 -0.000000 0.000000 -6477.199600 -1314.111078 0.000000 6609.160505 453 5.473217 -0.000000 408.000000 -408.000000
0.000000 -0.000000 0.000000 -6797.735118 2079.454762 0.000000 7108.680246 454 -0.941497 -0.000000 -408.000000 -408.000000
0.000000 0.000000 0.000000 1539.898992 14237.256303 0.000000 14320.291755 455 -3.098373 0.000000 -408.000000 408.000000
0.000000 0.000000 0.000000 8420.713237 -8887.061488 0.000000 12242.886641 456 -0.068553 -0.000000 -408.000000 -408.000000
0.000000 0.000000 -0.000000 11241.582054 -3770.364775 0.000000 11857.015544 457 -3.874334 -0.000000 -408.000000 -408.000000
0.000000 0.000000 0.000000 -1945.789907 -1500.292570 0.000000 2457.025877 458 0.982168 0.000000 408.000000 408.000000
0.000000 -0.000000 -0.000000 4194.550424 -50.561190 0.000000 4194.855146 459 5.838976 0.000000 408.000000 408.000000
0.000000 -0.000000 0.000000 -3242.532391 2745.880697 0.000000 4248.985421 460 -0.542585 -0.000000 -408.000000 -408.000000
0.000000 -0.000000 0.000000 2163.335325 670.101599 0.000000 2264.741902 461 0.401326 0.000000 408.000000 408.000000
0.000000 0.000000 0.000000 7333.755027 -1743.559195 0.000000 7538.166983 462 -0.642709 -0.000000 -408.000000 -408.000000
0.000000 0.000000 0.000000 8308.928794 -5060.213958 0.000000 9728.518028 463 -6.581809 -0.000000 -408.000000 -408.000000
0.000000 0.000000 0.000000 6901.231813 5742.035615 0.000000 8977.637414 464 0.941429 -0.000000 408.000000 -408.000000
0.000000 -0.000000 -0.000000 -381.267291 3079.928560 0.000000 3103.437558 465 3.839527 -0.000000 408.000000 -408.000000
0.000000 0.000000 -0.000000 13064.315354 -8234.525017 0.000000 15442.918698 466 0.055837 -0.000000 408.000000 -408.000000
0.000000 -0.000000 0.000000 6224.616531 -4799.636471 0.000000 7860.175647 467 4.677111 0.000000 408.000000 408.000000
0.000000 0.000000 -0.000000 16374.092094 5363.113298 0.000000 17230.028327 468 -0.974560 0.000000 -408.000000 408.000000
0.000000 0.000000 0.000000 -4290.135671 -10764.335180 0.000000 11587.759747 469 -7.253207 -0.000000 -408.000000 -408.000000
0.000000 -0.000000 0.000000 -943.176915 -746.583846 0.000000 1202.900716 470 0.550638 -0.000000 408.000000 -408.000000
0.000000 -0.000000 -0.000000 2576.224475 4917.245241 0.000000 5551.237097 471 -0.400848 -0.000000 -408.000000 -408.000000
0.000000 -0.000000 -0.000000 -1239.370591 3255.546253 0.000000 3483.478272 472 0.630415 -0.000000 408.000000 -408.000000
0.000000 -0.000000 -0.000000 1561.226811 -8767.265627 0.000000 8905.188136 473 8.275345 -0.000000 408.000000 -408.000000
0.000000 -0.000000 0.000000 1047.230181 -7606.782100 0.000000 7678.530131 474 -0.942106 0.000000 -408.000000 408.000000
0.000000 -0.000000 0.000000 -8713.412560 8428.804814 0.000000 12123.048669 475 -4.992981 0.000000 -408.000000 408.000000
0.000000 -0.000000 0.000000 683.757589 -13317.177671 0.000000 13334.719553 476 -0.043272 -0.000000 -408.000000 -408.000000
0.000000 -0.000000 -0.000000 -7841.665289 -6390.642222 0.000000 10115.929147 477 -5.953373 -0.000000 -408.000000 -408.000000
0.000000 0.000000 -0.000000 1117.124685 -5758.154650 0.000000 5865.518949 478 0.967784 -0.000000 408.000000 -408.000000
0.000000 0.000000 -0.000000 -8398.983876 -10802.776661 0.000000 13683.673254 479 9.552801 -0.000000 408.000000 -408.000000
0.000000 -0.000000 -0.000000 -6003.917458 4266.136583 0.000000 7365.252622 480 -0.559065 -0.000000 -408.000000 -408.000000
0.000000 0.000000 0.000000 -3690.117826 923.616821 0.000000 3803.950263 481 0.400477 0.000000 408.000000 408.000000
0.000000 -0.000000 0.000000 -9001.963083 -1773.306933 0.000000 9174.963587 482 -0.618710 -0.000000 -408.000000 -408.000000
0.000000 -0.000000 0.000000 -2874.295129 996.511829 0.000000 3042.138773 483 -11.180504 -0.000000 -408.000000 -408.000000
0.000000 0.000000 -0.000000 -3310.498620 -1705.797092 0.000000 3724.130077 484 0.943523 -0.000000 408.000000 -408.000000
0.000000 -0.000000 0.000000 -23716.168352 6006.662045 0.000000 24465.008282 485 7.034562 -0.000000 408.000000 -408.000000
0.000000 -0.000000 -0.000000 17799.858380 -13498.744925 0.000000 22339.451043 486 0.030826 -0.000000 408.000000 -408.000000
0.000000 0.000000 -0.000000 5577.815588 2966.873014 0.000000 6317.781432 487 8.294864 0.000000 408.000000 408.000000
0.000000 -0.000000 0.000000 5947.400603 1030.022094 0.000000 6035.935673 488 -0.961817 -0.000000 -408.000000 -408.000000
0.000000 0.000000 0.000000 7164.458829 -921.786241 0.000000 7223.514393 489 -13.945107 -0.000000 -408.000000 -408.000000
0.000000 0.000000 0.000000 -2111.383840 -11791.684162 0.000000 11979.221890 490 0.567885 0.000000 408.000000 408.000000
0.000000 0.000000 -0.000000 14868.846027 1175.845425 0.000000 14915.267166 491 -0.400212 0.000000 -408.000000 408.000000
0.000000 0.000000 -0.000000 4156.774734 3109.403797 0.000000 5191.066188 492 0.607559 0.000000 408.000000 408.000000
0.000000 0.000000 -0.000000 10851.222475 6125.216553 0.000000 12460.630281 493 17.316598 0.000000 408.000000 408.000000
0.000000 -0.000000 0.000000 -8427.465076 -9811.948742 0.000000 12934.315046 494 -0.945681 0.000000 -408.000000 408.000000
0.000000 -0.000000 0.000000 6922.744928 -3691.041765 0.000000 7845.265238 495 -11.629665 -0.000000 -408.000000 -408.000000
0.000000 0.000000 0.000000 -3227.005640 -8439.828081 0.000000 9035.721523 496 -0.018462 -0.000000 -408.000000 -408.000000
0.000000 0.000000 0.000000 -2780.703805 2715.509506 0.000000 3886.683101 497 -13.984027 -0.000000 -408.000000 -408.000000
0.000000 0.000000 0.000000 -3657.861951 3167.253967 0.000000 4838.538182 498 0.956638 0.000000 408.000000 408.000000
0.000000 -0.000000 0.000000 4511.695717 413.398278 0.000000 4530.595587 499 25.661974 -0.000000 408.000000 -408.000000
0.000000 0.000000 0.000000 1982.763149 3842.611575 0.000000 4324.004327 500 -0.577119 -0.000000 -408.000000 -408.000000
0.000000 0.000000 -0.000000 -6373.744592 -5182.560284 0.000000 8214.837260 501 0.400053 0.000000 408.000000 408.000000
0.000000 0.000000 0.000000 -2364.037005 1802.459850 0.000000 2972.798761 502 -0.596930 0.000000 -408.000000 408.000000
0.000000 -0.000000 -0.000000 -13031.862196 -5530.234952 0.000000 14156.727408 503 -38.799490 0.000000 -408.000000 408.000000
0.000000 -0.000000 -0.000000 -12596.820716 -14497.763557 0.000000 19205.859530 504 0.948581 0.000000 408.000000 408.000000
0.000000 0.000000 0.000000 22834.611142 8978.080230 0.000000 24536.205710 505 31.546319 0.000000 408.000000 408.000000
0.000000 0.000000 -0.000000 15480.383852 5487.898475 0.000000 16424.351247 506 0.006149 0.000000 408.000000 408.000000
0.000000 -0.000000 -0.000000 17064.804042 -1375.008721 0.000000 17120.110571 507 48.127742 -0.000000 408.000000 -408.000000
0.000000 -0.000000 0.000000 4794.306559 4562.322566 0.000000 6618.169126 508 -0.952230 -0.000000 -408.000000 -408.000000
0.000000 0.000000 0.000000 6010.679689 2872.707103 0.000000 6661.885350 509 -154.572283 -0.000000 -408.000000 -408.000000
0.000000 -0.000000 -0.000000 29936.236058 -7577.391521 0.000000 30880.335030 510 0.586793 -0.000000 408.000000 -408.000000
