1.000000e+00 5.110000e+02 1.020026e-13 5.108904e+02 0.000000e+00 5.110000e+02 5.108904e+02 0 4.590000e+02 0.000000e+00 4.590000e+02 0.000000e+00 1.000000e+00
1.000000e+00 5.110000e+02 4.717765e-14 5.108366e+02 -8.604228e-15 5.110000e+02 5.108366e+02 1 5.111908e+01 -6.245005e-16 5.110585e+01 -0.000000e+00 1.000000e+00
1.000000e+00 5.110000e+02 1.057583e-13 5.107130e+02 -5.440093e-15 5.110000e+02 5.107130e+02 2 -4.852990e+01 -3.072542e-14 -4.852814e+01 -0.000000e+00 1.000000e+00
1.000000e+00 5.110000e+02 1.244721e-13 5.111375e+02 -4.149459e-15 5.110000e+02 5.111375e+02 3 4.438937e+01 2.886580e-15 4.438139e+01 0.000000e+00 1.000000e+00
1.000000e+00 5.110000e+02 1.791475e-13 5.112062e+02 -3.427814e-15 5.110000e+02 5.112062e+02 4 -3.894639e+01 -9.436896e-16 -3.894579e+01 -0.000000e+00 1.000000e+00
1.000000e+00 5.110000e+02 1.447289e-13 5.108246e+02 8.843620e-15 5.110000e+02 5.108246e+02 5 3.252394e+01 6.994405e-15 3.250153e+01 0.000000e+00 1.000000e+00
1.000000e+00 5.110000e+02 1.458115e-13 5.109191e+02 -3.685247e-14 5.110000e+02 5.109191e+02 6 -2.549607e+01 9.159340e-15 -2.549689e+01 0.000000e+00 1.000000e+00
1.000000e+00 5.110000e+02 -5.666737e-14 5.110912e+02 -2.775558e-15 5.110000e+02 5.110912e+02 7 1.826148e+01 7.993606e-15 1.826810e+01 0.000000e+00 1.000000e+00
1.000000e+00 5.110000e+02 -1.220872e-13 5.109145e+02 -3.734513e-14 5.110000e+02 5.109145e+02 8 -1.121581e+01 9.381385e-15 -1.120742e+01 0.000000e+00 1.000000e+00
1.000000e+00 5.110000e+02 -4.552914e-14 5.108289e+02 -4.225786e-14 5.110000e+02 5.108289e+02 9 4.724732e+00 1.026262e-14 4.707118e+00 0.000000e+00 1.000000e+00
1.000000e+00 5.110000e+02 -8.612571e-14 5.107071e+02 -6.800116e-16 5.110000e+02 5.107071e+02 10 9.001078e-01 1.473821e-14 8.965938e-01 0.000000e+00 1.000000e+00
1.000000e+00 5.110000e+02 -5.329071e-14 5.109703e+02 7.105427e-15 5.110000e+02 5.109703e+02 11 -5.420508e+00 8.937295e-15 -5.435600e+00 0.000000e+00 1.000000e+00
1.000000e+00 5.110000e+02 -4.263256e-14 5.106632e+02 -3.552714e-14 5.110000e+02 5.106632e+02 12 8.685151e+00 -1.360023e-15 8.685753e+00 -0.000000e+00 1.000000e+00
1.000000e+00 5.110000e+02 2.842171e-14 5.108025e+02 -1.065814e-14 5.110000e+02 5.108025e+02 13 -1.063614e+01 3.996803e-15 -1.064705e+01 0.000000e+00 1.000000e+00
1.000000e+00 5.110000e+02 -9.947598e-14 5.111786e+02 -3.552714e-15 5.110000e+02 5.111786e+02 14 1.130833e+01 9.436896e-15 1.131950e+01 0.000000e+00 1.000000e+00
1.000000e+00 5.110000e+02 -5.329071e-14 5.110435e+02 -3.552714e-15 5.110000e+02 5.110435e+02 15 -1.082176e+01 6.827872e-15 -1.081516e+01 0.000000e+00 1.000000e+00
1.000000e+00 5.110000e+02 -9.237056e-14 5.104868e+02 -1.421085e-14 5.110000e+02 5.104868e+02 16 9.367945e+00 8.604228e-15 9.358198e+00 0.000000e+00 1.000000e+00
1.000000e+00 5.110000e+02 -1.065814e-13 5.108273e+02 -1.776357e-14 5.110000e+02 5.108273e+02 17 -7.191330e+00 -2.026157e-15 -7.172751e+00 -0.000000e+00 1.000000e+00
1.000000e+00 5.110000e+02 -1.065814e-13 5.108372e+02 -7.105427e-15 5.110000e+02 5.108372e+02 18 4.567583e+00 9.669349e-15 4.595043e+00 0.000000e+00 1.000000e+00
1.000000e+00 5.110000e+02 -1.421085e-14 5.113507e+02 -3.552714e-14 5.110000e+02 5.113507e+02 19 -1.780517e+00 6.800116e-15 -1.793188e+00 0.000000e+00 1.000000e+00
1.000000e+00 5.110000e+02 1.776357e-14 5.108804e+02 -6.394885e-14 5.110000e+02 5.108804e+02 20 -9.004314e-01 6.411538e-15 -8.965938e-01 0.000000e+00 1.000000e+00
1.000000e+00 5.110000e+02 1.421085e-14 5.112874e+02 -3.197442e-14 5.110000e+02 5.112874e+02 21 3.240385e+00 6.772360e-15 3.250153e+00 0.000000e+00 1.000000e+00
1.000000e+00 5.110000e+02 -6.394885e-14 5.105289e+02 -4.973799e-14 5.110000e+02 5.105289e+02 22 -5.055333e+00 6.772360e-15 -5.043340e+00 0.000000e+00 1.000000e+00
1.000000e+00 5.110000e+02 7.105427e-15 5.108162e+02 7.105427e-15 5.110000e+02 5.108162e+02 23 6.223411e+00 9.214851e-15 6.220120e+00 0.000000e+00 1.000000e+00
1.000000e+00 5.110000e+02 -2.131628e-14 5.106967e+02 3.552714e-15 5.110000e+02 5.106967e+02 24 -6.690440e+00 7.605028e-15 -6.668417e+00 0.000000e+00 1.000000e+00
1.000000e+00 5.110000e+02 -2.486900e-14 5.115427e+02 7.105427e-15 5.110000e+02 5.115427e+02 25 6.469547e+00 1.049161e-14 6.444268e+00 0.000000e+00 1.000000e+00
1.000000e+00 5.110000e+02 -2.842171e-14 5.113099e+02 -1.776357e-14 5.110000e+02 5.113099e+02 26 -5.635169e+00 9.381385e-15 -5.659749e+00 0.000000e+00 1.000000e+00
1.000000e+00 5.110000e+02 -2.131628e-14 5.111940e+02 -3.907985e-14 5.110000e+02 5.111940e+02 27 4.312216e+00 5.828671e-15 4.314858e+00 0.000000e+00 1.000000e+00
1.000000e+00 5.110000e+02 -2.842171e-14 5.107894e+02 6.394885e-14 5.110000e+02 5.107894e+02 28 -2.661558e+00 8.090750e-15 -2.633744e+00 0.000000e+00 1.000000e+00
1.000000e+00 5.110000e+02 -1.101341e-13 5.117853e+02 2.842171e-14 5.110000e+02 5.117853e+02 29 8.632450e-01 4.884981e-15 8.405567e-01 0.000000e+00 1.000000e+00
1.000000e+00 5.110000e+02 -1.278977e-13 5.114506e+02 4.973799e-14 5.110000e+02 5.114506e+02 30 9.009720e-01 1.049161e-14 8.965938e-01 0.000000e+00 1.000000e+00
1.000000e+00 5.110000e+02 -1.456613e-13 5.109273e+02 3.552714e-15 5.110000e+02 5.109273e+02 31 -2.464263e+00 6.661338e-15 -2.465633e+00 0.000000e+00 1.000000e+00
1.000000e+00 5.110000e+02 -1.705303e-13 5.109477e+02 3.552714e-15 5.110000e+02 5.109477e+02 32 3.689076e+00 1.071365e-14 3.698450e+00 0.000000e+00 1.000000e+00
1.000000e+00 5.110000e+02 -6.394885e-14 5.104866e+02 -1.421085e-14 5.110000e+02 5.104866e+02 33 -4.478068e+00 2.053913e-15 -4.482969e+00 0.000000e+00 1.000000e+00
1.000000e+00 5.110000e+02 -2.131628e-14 5.108075e+02 -1.776357e-14 5.110000e+02 5.108075e+02 34 4.780804e+00 1.110223e-15 4.763155e+00 0.000000e+00 1.000000e+00
1.000000e+00 5.110000e+02 -9.237056e-14 5.112460e+02 4.973799e-14 5.110000e+02 5.112460e+02 35 -4.595833e+00 4.413137e-15 -4.595043e+00 0.000000e+00 1.000000e+00
1.000000e+00 5.110000e+02 -2.629008e-13 5.104757e+02 2.131628e-14 5.110000e+02 5.104757e+02 36 3.968164e+00 4.607426e-15 3.978635e+00 0.000000e+00 1.000000e+00
1.000000e+00 5.110000e+02 -8.881784e-14 5.111087e+02 3.907985e-14 5.110000e+02 5.111087e+02 37 -2.982598e+00 4.204970e-15 -2.969967e+00 0.000000e+00 1.000000e+00
1.000000e+00 5.110000e+02 -1.492140e-13 5.113531e+02 -3.552714e-15 5.110000e+02 5.113531e+02 38 1.753711e+00 5.495604e-15 1.737151e+00 0.000000e+00 1.000000e+00
1.000000e+00 5.110000e+02 -5.329071e-14 5.106941e+02 3.552714e-14 5.110000e+02 5.106941e+02 39 -4.135462e-01 -1.443290e-15 -3.922598e-01 -0.000000e+00 1.000000e+00
1.000000e+00 5.110000e+02 -1.527667e-13 5.112091e+02 7.105427e-15 5.110000e+02 5.112091e+02 40 -9.017315e-01 3.996803e-15 -8.965938e-01 0.000000e+00 1.000000e+00
1.000000e+00 5.110000e+02 -1.350031e-13 5.112358e+02 -2.131628e-14 5.110000e+02 5.112358e+02 41 2.064955e+00 9.048318e-15 2.073373e+00 0.000000e+00 1.000000e+00
1.000000e+00 5.110000e+02 -1.207923e-13 5.106584e+02 -1.421085e-14 5.110000e+02 5.106584e+02 42 -2.969634e+00 4.884981e-15 -2.969967e+00 0.000000e+00 1.000000e+00
1.000000e+00 5.110000e+02 -1.492140e-13 5.108872e+02 0.000000e+00 5.110000e+02 5.108872e+02 43 3.539172e+00 8.437695e-15 3.530338e+00 0.000000e+00 1.000000e+00
1.000000e+00 5.110000e+02 -3.552714e-14 5.108378e+02 4.618528e-14 5.110000e+02 5.108378e+02 44 -3.732859e+00 3.941292e-15 -3.754487e+00 0.000000e+00 1.000000e+00
1.000000e+00 5.110000e+02 -1.989520e-13 5.106584e+02 -5.684342e-14 5.110000e+02 5.106584e+02 45 3.548207e+00 8.104628e-15 3.530338e+00 0.000000e+00 1.000000e+00
1.000000e+00 5.110000e+02 -1.492140e-13 5.111325e+02 -6.750156e-14 5.110000e+02 5.111325e+02 46 -3.019567e+00 4.746203e-15 -3.026004e+00 0.000000e+00 1.000000e+00
1.000000e+00 5.110000e+02 -1.492140e-13 5.106892e+02 -1.421085e-14 5.110000e+02 5.106892e+02 47 2.213288e+00 4.884981e-15 2.185447e+00 0.000000e+00 1.000000e+00
1.000000e+00 5.110000e+02 -4.263256e-14 5.106382e+02 7.105427e-15 5.110000e+02 5.106382e+02 48 -1.220020e+00 3.996803e-15 -1.232817e+00 0.000000e+00 1.000000e+00
1.000000e+00 5.110000e+02 -7.105427e-15 5.107795e+02 3.552714e-15 5.110000e+02 5.107795e+02 49 1.449962e-01 5.551115e-15 1.681113e-01 0.000000e+00 1.000000e+00
1.000000e+00 5.110000e+02 -2.842171e-14 5.114727e+02 1.776357e-14 5.110000e+02 5.114727e+02 50 9.027126e-01 4.662937e-15 8.965938e-01 0.000000e+00 1.000000e+00
1.000000e+00 5.110000e+02 -2.131628e-14 5.113733e+02 -4.263256e-14 5.110000e+02 5.113733e+02 51 -1.820905e+00 4.218847e-15 -1.793188e+00 0.000000e+00 1.000000e+00
1.000000e+00 5.110000e+02 -1.101341e-13 5.113582e+02 1.421085e-14 5.110000e+02 5.113582e+02 52 2.523899e+00 5.440093e-15 2.521670e+00 0.000000e+00 1.000000e+00
1.000000e+00 5.110000e+02 -1.101341e-13 5.112907e+02 -1.776357e-14 5.110000e+02 5.112907e+02 53 -2.950250e+00 7.216450e-16 -2.969967e+00 0.000000e+00 1.000000e+00
1.000000e+00 5.110000e+02 -7.105427e-14 5.106730e+02 -3.197442e-14 5.110000e+02 5.106730e+02 54 3.067843e+00 3.219647e-15 3.082041e+00 0.000000e+00 1.000000e+00
1.000000e+00 5.110000e+02 -2.842171e-14 5.109590e+02 -1.101341e-13 5.110000e+02 5.109590e+02 55 -2.875989e+00 1.845746e-15 -2.857893e+00 0.000000e+00 1.000000e+00
1.000000e+00 5.110000e+02 6.039613e-14 5.102316e+02 4.263256e-14 5.110000e+02 5.102316e+02 56 2.404397e+00 4.607426e-15 2.409596e+00 0.000000e+00 1.000000e+00
1.000000e+00 5.110000e+02 -2.842171e-14 5.108810e+02 -3.552714e-15 5.110000e+02 5.108810e+02 57 -1.709245e+00 1.443290e-15 -1.737151e+00 0.000000e+00 1.000000e+00
1.000000e+00 5.110000e+02 3.552714e-14 5.116293e+02 -3.197442e-14 5.110000e+02 5.116293e+02 58 8.668090e-01 1.665335e-15 8.405567e-01 0.000000e+00 1.000000e+00
1.000000e+00 5.110000e+02 5.684342e-14 5.109399e+02 -3.907985e-14 5.110000e+02 5.109399e+02 59 3.465234e-02 1.554312e-15 5.603711e-02 0.000000e+00 1.000000e+00
1.000000e+00 5.110000e+02 -4.263256e-14 5.111326e+02 3.552714e-14 5.110000e+02 5.111326e+02 60 -9.039187e-01 1.998401e-15 -8.965938e-01 0.000000e+00 1.000000e+00
1.000000e+00 5.110000e+02 1.421085e-14 5.110303e+02 -4.618528e-14 5.110000e+02 5.110303e+02 61 1.655835e+00 3.330669e-15 1.681113e+00 0.000000e+00 1.000000e+00
1.000000e+00 5.110000e+02 9.947598e-14 5.106204e+02 6.750156e-14 5.110000e+02 5.106204e+02 62 -2.219469e+00 1.554312e-15 -2.241485e+00 0.000000e+00 1.000000e+00
1.000000e+00 5.110000e+02 -3.244007e-14 5.110559e+02 1.582068e-14 5.110000e+02 5.110559e+02 63 2.544637e+00 -6.661338e-16 2.521670e+00 -0.000000e+00 1.000000e+00
1.000000e+00 5.110000e+02 1.274281e-14 5.112505e+02 2.381602e-14 5.110000e+02 5.112505e+02 64 -2.606205e+00 -2.137179e-15 -2.633744e+00 -0.000000e+00 1.000000e+00
1.000000e+00 5.110000e+02 1.503267e-15 5.111273e+02 -2.839048e-14 5.110000e+02 5.111273e+02 65 2.405821e+00 -7.771561e-16 2.409596e+00 -0.000000e+00 1.000000e+00
1.000000e+00 5.110000e+02 -4.627725e-14 5.114509e+02 -2.756129e-14 5.110000e+02 5.114509e+02 66 -1.970974e+00 2.220446e-15 -1.961299e+00 0.000000e+00 1.000000e+00
1.000000e+00 5.110000e+02 5.910369e-15 5.108279e+02 -7.539108e-14 5.110000e+02 5.108279e+02 67 1.351556e+00 -3.552714e-15 1.344891e+00 -0.000000e+00 1.000000e+00
1.000000e+00 5.110000e+02 -1.937794e-14 5.110165e+02 -6.784850e-14 5.110000e+02 5.110165e+02 68 -6.143152e-01 4.440892e-16 -6.164083e-01 0.000000e+00 1.000000e+00
1.000000e+00 5.110000e+02 -5.186483e-14 5.107260e+02 1.646253e-14 5.110000e+02 5.107260e+02 69 -1.641787e-01 2.664535e-15 -1.681113e-01 0.000000e+00 1.000000e+00
1.000000e+00 5.110000e+02 -3.768515e-14 5.112085e+02 -9.513224e-15 5.110000e+02 5.112085e+02 70 9.053542e-01 -3.552714e-15 8.965938e-01 -0.000000e+00 1.000000e+00
1.000000e+00 5.110000e+02 -9.070150e-15 5.117519e+02 8.548717e-15 5.110000e+02 5.117519e+02 71 -1.536439e+00 0.000000e+00 -1.513002e+00 0.000000e+00 1.000000e+00
1.000000e+00 5.110000e+02 2.842272e-14 5.112516e+02 1.137979e-15 5.110000e+02 5.112516e+02 72 1.997490e+00 5.329071e-15 2.017336e+00 0.000000e+00 1.000000e+00
1.000000e+00 5.110000e+02 2.912421e-15 5.108123e+02 -6.578071e-15 5.110000e+02 5.108123e+02 73 -2.246980e+00 -7.105427e-15 -2.241485e+00 -0.000000e+00 1.000000e+00
1.000000e+00 5.110000e+02 3.683903e-14 5.104686e+02 -1.554312e-15 5.110000e+02 5.104686e+02 74 2.265430e+00 -2.664535e-15 2.241485e+00 -0.000000e+00 1.000000e+00
1.000000e+00 5.110000e+02 -5.656483e-15 5.113350e+02 -3.735900e-14 5.110000e+02 5.113350e+02 75 -2.056783e+00 2.664535e-15 -2.073373e+00 0.000000e+00 1.000000e+00
1.000000e+00 5.110000e+02 4.480874e-15 5.109905e+02 1.550843e-14 5.110000e+02 5.109905e+02 76 1.647432e+00 0.000000e+00 1.625076e+00 0.000000e+00 1.000000e+00
1.000000e+00 5.110000e+02 -2.250415e-14 5.114054e+02 2.918499e-14 5.110000e+02 5.114054e+02 77 -1.083063e+00 -2.664535e-15 -1.064705e+00 -0.000000e+00 1.000000e+00
1.000000e+00 5.110000e+02 -1.979851e-14 5.111954e+02 -6.086798e-14 5.110000e+02 5.111954e+02 78 4.236670e-01 -1.776357e-15 4.482969e-01 -0.000000e+00 1.000000e+00
1.000000e+00 5.110000e+02 2.584633e-14 5.107592e+02 -2.157996e-15 5.110000e+02 5.107592e+02 79 2.627355e-01 -4.440892e-16 2.801856e-01 -0.000000e+00 1.000000e+00
1.000000e+00 5.110000e+02 6.227604e-14 5.103453e+02 -4.947431e-14 5.110000e+02 5.103453e+02 80 -9.070242e-01 -8.881784e-16 -8.965938e-01 -0.000000e+00 1.000000e+00
1.000000e+00 5.110000e+02 -6.293017e-15 5.109165e+02 -1.940115e-14 5.110000e+02 5.109165e+02 81 1.445855e+00 3.552714e-15 1.456965e+00 0.000000e+00 1.000000e+00
1.000000e+00 5.110000e+02 2.704594e-14 5.109085e+02 4.719142e-14 5.110000e+02 5.109085e+02 82 -1.827808e+00 1.249001e-16 -1.849225e+00 0.000000e+00 1.000000e+00
1.000000e+00 5.110000e+02 1.472126e-14 5.108284e+02 2.200323e-14 5.110000e+02 5.108284e+02 83 2.018226e+00 2.220446e-15 2.017336e+00 0.000000e+00 1.000000e+00
1.000000e+00 5.110000e+02 -2.842171e-14 5.110990e+02 2.842171e-14 5.110000e+02 5.110990e+02 84 -2.002281e+00 1.332268e-15 -2.017336e+00 0.000000e+00 1.000000e+00
1.000000e+00 5.110000e+02 -2.842171e-14 5.116879e+02 -9.947598e-14 5.110000e+02 5.116879e+02 85 1.786020e+00 -8.881784e-16 1.793188e+00 -0.000000e+00 1.000000e+00
1.000000e+00 5.110000e+02 2.842171e-14 5.111731e+02 -2.842171e-14 5.110000e+02 5.111731e+02 86 -1.395314e+00 3.108624e-15 -1.400928e+00 0.000000e+00 1.000000e+00
1.000000e+00 5.110000e+02 7.105427e-14 5.111079e+02 -9.947598e-14 5.110000e+02 5.111079e+02 87 8.728730e-01 0.000000e+00 8.965938e-01 0.000000e+00 1.000000e+00
1.000000e+00 5.110000e+02 2.842171e-14 5.106685e+02 0.000000e+00 5.110000e+02 5.106685e+02 88 -2.736490e-01 2.220446e-16 -2.801856e-01 0.000000e+00 1.000000e+00
1.000000e+00 5.110000e+02 -2.842171e-14 5.103624e+02 1.421085e-14 5.110000e+02 5.103624e+02 89 -3.408755e-01 6.661338e-16 -3.362227e-01 0.000000e+00 1.000000e+00
1.000000e+00 5.110000e+02 -5.684342e-14 5.110226e+02 -8.526513e-14 5.110000e+02 5.110226e+02 90 9.089351e-01 -2.220446e-16 8.965938e-01 -0.000000e+00 1.000000e+00
1.000000e+00 5.110000e+02 -4.263256e-14 5.108143e+02 -4.263256e-14 5.110000e+02 5.108143e+02 91 -1.374630e+00 3.608225e-16 -1.400928e+00 0.000000e+00 1.000000e+00
1.000000e+00 5.110000e+02 1.421085e-14 5.118604e+02 0.000000e+00 5.110000e+02 5.118604e+02 92 1.693374e+00 9.992007e-16 1.681113e+00 0.000000e+00 1.000000e+00
1.000000e+00 5.110000e+02 2.842171e-14 5.114387e+02 0.000000e+00 5.110000e+02 5.114387e+02 93 -1.836110e+00 5.551115e-16 -1.849225e+00 0.000000e+00 1.000000e+00
1.000000e+00 5.110000e+02 0.000000e+00 5.113816e+02 0.000000e+00 5.110000e+02 5.113816e+02 94 1.791906e+00 1.110223e-15 1.793188e+00 0.000000e+00 1.000000e+00
1.000000e+00 5.110000e+02 -7.105427e-14 5.103527e+02 5.684342e-14 5.110000e+02 5.103527e+02 95 -1.568704e+00 1.998401e-15 -1.569039e+00 0.000000e+00 1.000000e+00
1.000000e+00 5.110000e+02 -8.526513e-14 5.108397e+02 -5.684342e-14 5.110000e+02 5.108397e+02 96 1.192170e+00 1.554312e-15 1.176779e+00 0.000000e+00 1.000000e+00
1.000000e+00 5.110000e+02 1.421085e-14 5.108560e+02 1.421085e-14 5.110000e+02 5.108560e+02 97 -7.028175e-01 1.443290e-15 -7.284825e-01 0.000000e+00 1.000000e+00
1.000000e+00 5.110000e+02 -2.842171e-14 5.102732e+02 -2.842171e-14 5.110000e+02 5.102732e+02 98 1.516932e-01 6.661338e-16 1.681113e-01 0.000000e+00 1.000000e+00
1.000000e+00 5.110000e+02 2.842171e-14 5.109522e+02 -2.842171e-14 5.110000e+02 5.109522e+02 99 4.048962e-01 2.331468e-15 3.922598e-01 0.000000e+00 1.000000e+00
1.000000e+00 5.110000e+02 1.421085e-14 5.109997e+02 -4.263256e-14 5.110000e+02 5.109997e+02 100 -9.110939e-01 4.718448e-16 -8.965938e-01 0.000000e+00 1.000000e+00
1.000000e+00 5.110000e+02 9.947598e-14 5.108963e+02 1.421085e-14 5.110000e+02 5.108963e+02 101 1.317056e+00 2.803313e-15 1.344891e+00 0.000000e+00 1.000000e+00
1.000000e+00 5.110000e+02 5.684342e-14 5.113561e+02 2.842171e-14 5.110000e+02 5.113561e+02 102 -1.583818e+00 1.554312e-15 -1.569039e+00 0.000000e+00 1.000000e+00
1.000000e+00 5.110000e+02 1.136868e-13 5.107764e+02 -2.842171e-14 5.110000e+02 5.107764e+02 103 1.687001e+00 3.108624e-15 1.681113e+00 0.000000e+00 1.000000e+00
1.000000e+00 5.110000e+02 8.526513e-14 5.103581e+02 2.842171e-14 5.110000e+02 5.103581e+02 104 -1.618997e+00 1.221245e-15 -1.625076e+00 0.000000e+00 1.000000e+00
1.000000e+00 5.110000e+02 2.842171e-14 5.108062e+02 -1.421085e-14 5.110000e+02 5.108062e+02 105 1.389448e+00 2.886580e-15 1.400928e+00 0.000000e+00 1.000000e+00
1.000000e+00 5.110000e+02 7.105427e-14 5.109158e+02 0.000000e+00 5.110000e+02 5.109158e+02 106 -1.024006e+00 8.881784e-16 -1.008668e+00 0.000000e+00 1.000000e+00
1.000000e+00 5.110000e+02 9.947598e-14 5.102340e+02 2.842171e-14 5.110000e+02 5.102340e+02 107 5.615041e-01 7.771561e-16 5.603711e-01 0.000000e+00 1.000000e+00
1.000000e+00 5.110000e+02 1.705303e-13 5.107620e+02 4.263256e-14 5.110000e+02 5.107620e+02 108 -4.987366e-02 2.831069e-15 -5.603711e-02 0.000000e+00 1.000000e+00
1.000000e+00 5.110000e+02 8.526513e-14 5.114666e+02 0.000000e+00 5.110000e+02 5.114666e+02 109 -4.587926e-01 1.221245e-15 -4.482969e-01 0.000000e+00 1.000000e+00
1.000000e+00 5.110000e+02 1.705303e-13 5.109399e+02 2.842171e-14 5.110000e+02 5.109399e+02 110 9.135092e-01 2.359224e-15 8.965938e-01 0.000000e+00 1.000000e+00
1.000000e+00 5.110000e+02 8.526513e-14 5.112843e+02 1.421085e-14 5.110000e+02 5.112843e+02 111 -1.269477e+00 1.720846e-15 -1.288854e+00 0.000000e+00 1.000000e+00
1.000000e+00 5.110000e+02 2.842171e-14 5.117639e+02 -1.421085e-14 5.110000e+02 5.117639e+02 112 1.492467e+00 1.110223e-15 1.513002e+00 0.000000e+00 1.000000e+00
1.000000e+00 5.110000e+02 2.842171e-14 5.111019e+02 4.263256e-14 5.110000e+02 5.111019e+02 113 -1.562084e+00 2.220446e-16 -1.569039e+00 0.000000e+00 1.000000e+00
1.000000e+00 5.110000e+02 1.278977e-13 5.109574e+02 1.421085e-14 5.110000e+02 5.109574e+02 114 1.473601e+00 3.330669e-15 1.456965e+00 0.000000e+00 1.000000e+00
1.000000e+00 5.110000e+02 5.684342e-14 5.111024e+02 -1.421085e-14 5.110000e+02 5.111024e+02 115 -1.238203e+00 2.886580e-15 -1.232817e+00 0.000000e+00 1.000000e+00
1.000000e+00 5.110000e+02 7.105427e-14 5.111218e+02 -5.684342e-14 5.110000e+02 5.111218e+02 116 8.816352e-01 3.330669e-15 8.965938e-01 0.000000e+00 1.000000e+00
1.000000e+00 5.110000e+02 8.526513e-14 5.105580e+02 1.421085e-14 5.110000e+02 5.105580e+02 117 -4.414205e-01 9.992007e-16 -4.482969e-01 0.000000e+00 1.000000e+00
1.000000e+00 5.110000e+02 5.684342e-14 5.105458e+02 -1.421085e-14 5.110000e+02 5.105458e+02 118 -3.706121e-02 3.497203e-15 -5.603711e-02 0.000000e+00 1.000000e+00
1.000000e+00 5.110000e+02 1.421085e-13 5.112025e+02 4.263256e-14 5.110000e+02 5.112025e+02 119 5.052255e-01 2.248202e-15 5.043340e-01 0.000000e+00 1.000000e+00
1.000000e+00 5.110000e+02 7.105427e-14 5.111991e+02 -5.684342e-14 5.110000e+02 5.111991e+02 120 -9.161904e-01 1.998401e-15 -8.965938e-01 0.000000e+00 1.000000e+00
1.000000e+00 5.110000e+02 -1.421085e-14 5.105471e+02 -5.684342e-14 5.110000e+02 5.105471e+02 121 1.229447e+00 1.665335e-15 1.232817e+00 0.000000e+00 1.000000e+00
1.000000e+00 5.110000e+02 -1.421085e-14 5.108227e+02 4.263256e-14 5.110000e+02 5.108227e+02 122 -1.414830e+00 1.998401e-15 -1.400928e+00 0.000000e+00 1.000000e+00
1.000000e+00 5.110000e+02 5.684342e-14 5.108787e+02 1.421085e-14 5.110000e+02 5.108787e+02 123 1.455399e+00 3.108624e-15 1.456965e+00 0.000000e+00 1.000000e+00
1.000000e+00 5.110000e+02 1.421085e-14 5.110289e+02 0.000000e+00 5.110000e+02 5.110289e+02 124 -1.348966e+00 1.776357e-15 -1.344891e+00 0.000000e+00 1.000000e+00
1.000000e+00 5.110000e+02 5.684342e-14 5.106288e+02 -1.421085e-14 5.110000e+02 5.106288e+02 125 1.108119e+00 2.664535e-15 1.120742e+00 0.000000e+00 1.000000e+00
1.000000e+00 5.110000e+02 -1.421085e-14 5.110704e+02 1.421085e-14 5.110000e+02 5.110704e+02 126 -7.587729e-01 1.110223e-15 -7.845196e-01 0.000000e+00 1.000000e+00
1.000000e+00 5.110000e+02 1.421085e-14 5.114297e+02 0.000000e+00 5.110000e+02 5.114297e+02 127 3.374047e-01 1.443290e-15 3.362227e-01 0.000000e+00 1.000000e+00
1.000000e+00 5.110000e+02 1.421085e-14 5.111204e+02 4.263256e-14 5.110000e+02 5.111204e+02 128 1.127349e-01 2.123302e-15 1.120742e-01 0.000000e+00 1.000000e+00
1.000000e+00 5.110000e+02 -1.136868e-13 5.111433e+02 -5.684342e-14 5.110000e+02 5.111433e+02 129 -5.460397e-01 2.331468e-15 -5.603711e-01 0.000000e+00 1.000000e+00
1.000000e+00 5.110000e+02 2.842171e-14 5.110146e+02 -4.263256e-14 5.110000e+02 5.110146e+02 130 9.191486e-01 8.881784e-16 8.965938e-01 0.000000e+00 1.000000e+00
1.000000e+00 5.110000e+02 1.421085e-14 5.110424e+02 -5.684342e-14 5.110000e+02 5.110424e+02 131 -1.195265e+00 1.110223e-15 -1.176779e+00 0.000000e+00 1.000000e+00
1.000000e+00 5.110000e+02 0.000000e+00 5.116374e+02 -1.421085e-14 5.110000e+02 5.116374e+02 132 1.347770e+00 1.554312e-15 1.344891e+00 0.000000e+00 1.000000e+00
1.000000e+00 5.110000e+02 2.842171e-14 5.107137e+02 1.421085e-14 5.110000e+02 5.107137e+02 133 -1.362768e+00 2.220446e-16 -1.344891e+00 0.000000e+00 1.000000e+00
1.000000e+00 5.110000e+02 7.105427e-14 5.103449e+02 -7.105427e-14 5.110000e+02 5.103449e+02 134 1.240338e+00 4.440892e-16 1.232817e+00 0.000000e+00 1.000000e+00
1.000000e+00 5.110000e+02 7.105427e-14 5.110227e+02 2.842171e-14 5.110000e+02 5.110227e+02 135 -9.943582e-01 2.220446e-16 -1.008668e+00 0.000000e+00 1.000000e+00
1.000000e+00 5.110000e+02 3.945571e-14 5.113035e+02 -7.688294e-15 5.110000e+02 5.113035e+02 136 6.509645e-01 5.551115e-16 6.724454e-01 0.000000e+00 1.000000e+00
1.000000e+00 5.110000e+02 7.089413e-14 5.105798e+02 -7.077672e-15 5.110000e+02 5.105798e+02 137 -2.457857e-01 5.967449e-16 -2.241485e-01 0.000000e+00 1.000000e+00
1.000000e+00 5.110000e+02 1.094725e-13 5.106703e+02 5.544176e-14 5.110000e+02 5.106703e+02 138 -1.797341e-01 -4.440892e-16 -1.681113e-01 -0.000000e+00 1.000000e+00
1.000000e+00 5.110000e+02 1.283777e-13 5.111142e+02 -2.560452e-15 5.110000e+02 5.111142e+02 139 5.825588e-01 2.220446e-15 5.603711e-01 0.000000e+00 1.000000e+00
1.000000e+00 5.110000e+02 7.743655e-14 5.109157e+02 -3.128053e-14 5.110000e+02 5.109157e+02 140 -9.223961e-01 -2.220446e-15 -8.965938e-01 -0.000000e+00 1.000000e+00
1.000000e+00 5.110000e+02 1.664065e-14 5.113048e+02 1.101896e-14 5.110000e+02 5.113048e+02 141 1.165713e+00 0.000000e+00 1.176779e+00 0.000000e+00 1.000000e+00
1.000000e+00 5.110000e+02 6.339711e-14 5.113251e+02 3.479855e-15 5.110000e+02 5.113251e+02 142 -1.289029e+00 8.881784e-16 -1.288854e+00 0.000000e+00 1.000000e+00
1.000000e+00 5.110000e+02 8.773171e-14 5.112882e+02 -5.993817e-14 5.110000e+02 5.112882e+02 143 1.281172e+00 -2.664535e-15 1.288854e+00 -0.000000e+00 1.000000e+00
1.000000e+00 5.110000e+02 1.535381e-14 5.101367e+02 -2.768619e-15 5.110000e+02 5.101367e+02 144 -1.144269e+00 -5.329071e-15 -1.120742e+00 -0.000000e+00 1.000000e+00
1.000000e+00 5.110000e+02 6.613975e-14 5.120650e+02 -1.443290e-14 5.110000e+02 5.120650e+02 145 8.934011e-01 -1.776357e-15 8.965938e-01 -0.000000e+00 1.000000e+00
1.000000e+00 5.110000e+02 7.406216e-14 5.117041e+02 -2.947642e-14 5.110000e+02 5.117041e+02 146 -5.549581e-01 0.000000e+00 -5.603711e-01 0.000000e+00 1.000000e+00
1.000000e+00 5.110000e+02 1.413874e-13 5.108198e+02 -8.923418e-15 5.110000e+02 5.108198e+02 147 1.638748e-01 0.000000e+00 1.681113e-01 0.000000e+00 1.000000e+00
1.000000e+00 5.110000e+02 3.621175e-14 5.113688e+02 4.732326e-15 5.110000e+02 5.113688e+02 148 2.399606e-01 4.440892e-15 2.241485e-01 0.000000e+00 1.000000e+00
1.000000e+00 5.110000e+02 1.141618e-13 5.114263e+02 -4.463097e-14 5.110000e+02 5.114263e+02 149 -6.157611e-01 5.329071e-15 -6.164083e-01 0.000000e+00 1.000000e+00
1.000000e+00 5.110000e+02 5.891085e-14 5.110919e+02 1.768594e-14 5.110000e+02 5.110919e+02 150 9.259471e-01 2.664535e-15 9.526309e-01 0.000000e+00 1.000000e+00
1.000000e+00 5.110000e+02 5.872245e-14 5.113333e+02 -7.327472e-15 5.110000e+02 5.113333e+02 151 -1.139892e+00 -4.440892e-15 -1.120742e+00 -0.000000e+00 1.000000e+00
1.000000e+00 5.110000e+02 5.759024e-14 5.107700e+02 -4.753836e-14 5.110000e+02 5.107700e+02 152 1.236936e+00 4.440892e-16 1.232817e+00 0.000000e+00 1.000000e+00
1.000000e+00 5.110000e+02 1.409466e-14 5.109378e+02 -3.231443e-14 5.110000e+02 5.109378e+02 153 -1.208367e+00 -8.881784e-16 -1.232817e+00 -0.000000e+00 1.000000e+00
1.000000e+00 5.110000e+02 1.094110e-13 5.105211e+02 3.603715e-14 5.110000e+02 5.105211e+02 154 1.058192e+00 1.110223e-15 1.064705e+00 0.000000e+00 1.000000e+00
1.000000e+00 5.110000e+02 8.719455e-14 5.110847e+02 1.706968e-14 5.110000e+02 5.110847e+02 155 -8.026183e-01 2.220446e-16 -7.845196e-01 0.000000e+00 1.000000e+00
1.000000e+00 5.110000e+02 1.293144e-13 5.111204e+02 2.192690e-14 5.110000e+02 5.111204e+02 156 4.683170e-01 2.220446e-16 4.482969e-01 0.000000e+00 1.000000e+00
1.000000e+00 5.110000e+02 1.278977e-13 5.110503e+02 4.263256e-14 5.110000e+02 5.110503e+02 157 -8.965011e-02 6.661338e-16 -1.120742e-01 0.000000e+00 1.000000e+00
1.000000e+00 5.110000e+02 7.815970e-14 5.107639e+02 -2.842171e-14 5.110000e+02 5.107639e+02 158 -2.948499e-01 6.661338e-16 -2.801856e-01 0.000000e+00 1.000000e+00
1.000000e+00 5.110000e+02 7.105427e-14 5.110276e+02 0.000000e+00 5.110000e+02 5.110276e+02 159 6.463896e-01 1.998401e-15 6.724454e-01 0.000000e+00 1.000000e+00
1.000000e+00 5.110000e+02 7.105427e-15 5.108163e+02 -9.947598e-14 5.110000e+02 5.108163e+02 160 -9.298177e-01 -2.220446e-16 -9.526309e-01 -0.000000e+00 1.000000e+00
1.000000e+00 5.110000e+02 1.278977e-13 5.106865e+02 0.000000e+00 5.110000e+02 5.106865e+02 161 1.117130e+00 -4.440892e-16 1.120742e+00 -0.000000e+00 1.000000e+00
1.000000e+00 5.110000e+02 -2.131628e-14 5.102736e+02 -3.552714e-14 5.110000e+02 5.102736e+02 162 -1.190226e+00 -8.881784e-16 -1.176779e+00 -0.000000e+00 1.000000e+00
1.000000e+00 5.110000e+02 7.815970e-14 5.107811e+02 -1.350031e-13 5.110000e+02 5.107811e+02 163 1.142650e+00 6.661338e-16 1.120742e+00 0.000000e+00 1.000000e+00
1.000000e+00 5.110000e+02 2.131628e-14 5.111303e+02 2.842171e-14 5.110000e+02 5.111303e+02 164 -9.801497e-01 -7.771561e-16 -9.526309e-01 -0.000000e+00 1.000000e+00
1.000000e+00 5.110000e+02 1.350031e-13 5.110504e+02 6.394885e-14 5.110000e+02 5.110504e+02 165 7.199986e-01 1.387779e-15 7.284825e-01 0.000000e+00 1.000000e+00
1.000000e+00 5.110000e+02 1.136868e-13 5.110650e+02 -4.973799e-14 5.110000e+02 5.110650e+02 166 -3.891714e-01 1.110223e-15 -3.922598e-01 0.000000e+00 1.000000e+00
1.000000e+00 5.110000e+02 4.263256e-14 5.108750e+02 -8.526513e-14 5.110000e+02 5.108750e+02 167 2.155539e-02 2.220446e-16 0.000000e+00 0.000000e+00 1.000000e+00
1.000000e+00 5.110000e+02 2.131628e-14 5.118971e+02 -9.947598e-14 5.110000e+02 5.118971e+02 168 3.455115e-01 6.661338e-16 3.362227e-01 0.000000e+00 1.000000e+00
1.000000e+00 5.110000e+02 1.421085e-14 5.108664e+02 -8.526513e-14 5.110000e+02 5.108664e+02 169 -6.750230e-01 2.220446e-16 -6.724454e-01 0.000000e+00 1.000000e+00
1.000000e+00 5.110000e+02 9.947598e-14 5.109838e+02 -2.131628e-14 5.110000e+02 5.109838e+02 170 9.340260e-01 1.443290e-15 9.526309e-01 0.000000e+00 1.000000e+00
1.000000e+00 5.110000e+02 7.105427e-15 5.113876e+02 -2.131628e-14 5.110000e+02 5.113876e+02 171 -1.096908e+00 -9.992007e-16 -1.120742e+00 -0.000000e+00 1.000000e+00
1.000000e+00 5.110000e+02 7.815970e-14 5.116782e+02 -2.131628e-14 5.110000e+02 5.116782e+02 172 1.147921e+00 0.000000e+00 1.120742e+00 0.000000e+00 1.000000e+00
1.000000e+00 5.110000e+02 0.000000e+00 5.104028e+02 2.131628e-14 5.110000e+02 5.104028e+02 173 -1.082699e+00 -1.665335e-16 -1.064705e+00 -0.000000e+00 1.000000e+00
1.000000e+00 5.110000e+02 2.842171e-14 5.113199e+02 -2.842171e-14 5.110000e+02 5.113199e+02 174 9.086175e-01 1.249001e-15 8.965938e-01 0.000000e+00 1.000000e+00
1.000000e+00 5.110000e+02 4.263256e-14 5.103993e+02 -5.684342e-14 5.110000e+02 5.103993e+02 175 -6.439703e-01 8.326673e-16 -6.164083e-01 0.000000e+00 1.000000e+00
1.000000e+00 5.110000e+02 -4.263256e-14 5.107816e+02 6.394885e-14 5.110000e+02 5.107816e+02 176 3.160553e-01 1.443290e-15 3.362227e-01 0.000000e+00 1.000000e+00
1.000000e+00 5.110000e+02 7.105427e-15 5.113770e+02 -7.105427e-15 5.110000e+02 5.113770e+02 177 4.163448e-02 5.551115e-16 5.603711e-02 0.000000e+00 1.000000e+00
1.000000e+00 5.110000e+02 3.552714e-14 5.111477e+02 2.842171e-14 5.110000e+02 5.111477e+02 178 -3.928233e-01 9.992007e-16 -3.922598e-01 0.000000e+00 1.000000e+00
1.000000e+00 5.110000e+02 2.842171e-14 5.109952e+02 -7.815970e-14 5.110000e+02 5.109952e+02 179 7.021234e-01 6.661338e-16 7.284825e-01 0.000000e+00 1.000000e+00
1.000000e+00 5.110000e+02 3.552714e-14 5.108872e+02 -1.421085e-14 5.110000e+02 5.108872e+02 180 -9.385926e-01 9.992007e-16 -9.526309e-01 0.000000e+00 1.000000e+00
1.000000e+00 5.110000e+02 -7.815970e-14 5.111193e+02 6.394885e-14 5.110000e+02 5.111193e+02 181 1.078823e+00 2.553513e-15 1.064705e+00 0.000000e+00 1.000000e+00
1.000000e+00 5.110000e+02 -9.237056e-14 5.106663e+02 -7.105427e-15 5.110000e+02 5.106663e+02 182 -1.109252e+00 8.049117e-16 -1.120742e+00 0.000000e+00 1.000000e+00
1.000000e+00 5.110000e+02 -1.350031e-13 5.110545e+02 -2.131628e-14 5.110000e+02 5.110545e+02 183 1.027467e+00 1.582068e-15 1.008668e+00 0.000000e+00 1.000000e+00
1.000000e+00 5.110000e+02 -3.552714e-14 5.114726e+02 3.552714e-14 5.110000e+02 5.114726e+02 184 -8.423832e-01 1.609823e-15 -8.405567e-01 0.000000e+00 1.000000e+00
1.000000e+00 5.110000e+02 -1.207923e-13 5.100964e+02 -7.105427e-15 5.110000e+02 5.100964e+02 185 5.732796e-01 1.443290e-15 5.603711e-01 0.000000e+00 1.000000e+00
1.000000e+00 5.110000e+02 -1.421085e-14 5.111889e+02 -6.394885e-14 5.110000e+02 5.111889e+02 186 -2.477945e-01 2.220446e-16 -2.241485e-01 0.000000e+00 1.000000e+00
1.000000e+00 5.110000e+02 -1.136868e-13 5.108708e+02 -5.684342e-14 5.110000e+02 5.108708e+02 187 -1.009047e-01 1.554312e-15 -1.120742e-01 0.000000e+00 1.000000e+00
1.000000e+00 5.110000e+02 -4.263256e-14 5.111894e+02 7.105427e-14 5.110000e+02 5.111894e+02 188 4.374952e-01 1.665335e-15 4.482969e-01 0.000000e+00 1.000000e+00
1.000000e+00 5.110000e+02 4.973799e-14 5.112376e+02 1.421085e-14 5.110000e+02 5.112376e+02 189 -7.280686e-01 1.665335e-15 -7.284825e-01 0.000000e+00 1.000000e+00
1.000000e+00 5.110000e+02 7.105427e-15 5.105301e+02 -5.684342e-14 5.110000e+02 5.105301e+02 190 9.435410e-01 2.220446e-16 9.526309e-01 0.000000e+00 1.000000e+00
1.000000e+00 5.110000e+02 6.394885e-14 5.111051e+02 -7.105427e-14 5.110000e+02 5.111051e+02 191 -1.062557e+00 2.109424e-15 -1.064705e+00 0.000000e+00 1.000000e+00
1.000000e+00 5.110000e+02 2.842171e-14 5.109231e+02 2.842171e-14 5.110000e+02 5.109231e+02 192 1.073601e+00 2.081668e-16 1.064705e+00 0.000000e+00 1.000000e+00
1.000000e+00 5.110000e+02 -4.973799e-14 5.112191e+02 -6.394885e-14 5.110000e+02 5.112191e+02 193 -9.761081e-01 2.775558e-16 -9.526309e-01 0.000000e+00 1.000000e+00
1.000000e+00 5.110000e+02 -1.421085e-14 5.104544e+02 3.552714e-14 5.110000e+02 5.104544e+02 194 7.804644e-01 1.554312e-15 7.845196e-01 0.000000e+00 1.000000e+00
1.000000e+00 5.110000e+02 1.207923e-13 5.107768e+02 -7.105427e-14 5.110000e+02 5.107768e+02 195 -5.069057e-01 1.110223e-15 -5.043340e-01 0.000000e+00 1.000000e+00
1.000000e+00 5.110000e+02 5.684342e-14 5.110665e+02 -1.421085e-14 5.110000e+02 5.110665e+02 196 1.834293e-01 2.220446e-15 1.681113e-01 0.000000e+00 1.000000e+00
1.000000e+00 5.110000e+02 0.000000e+00 5.107766e+02 -1.421085e-14 5.110000e+02 5.107766e+02 197 1.570647e-01 1.332268e-15 1.681113e-01 0.000000e+00 1.000000e+00
1.000000e+00 5.110000e+02 -2.842171e-14 5.111254e+02 -1.421085e-14 5.110000e+02 5.111254e+02 198 -4.801143e-01 1.665335e-15 -5.043340e-01 0.000000e+00 1.000000e+00
1.000000e+00 5.110000e+02 -7.105427e-15 5.110878e+02 2.842171e-14 5.110000e+02 5.110878e+02 199 7.531759e-01 4.996004e-16 7.284825e-01 0.000000e+00 1.000000e+00
1.000000e+00 5.110000e+02 -1.278977e-13 5.113588e+02 -5.684342e-14 5.110000e+02 5.113588e+02 200 -9.488976e-01 8.326673e-16 -9.526309e-01 0.000000e+00 1.000000e+00
1.000000e+00 5.110000e+02 7.105427e-15 5.109780e+02 -9.947598e-14 5.110000e+02 5.109780e+02 201 1.047853e+00 1.720846e-15 1.064705e+00 0.000000e+00 1.000000e+00
1.000000e+00 5.110000e+02 7.105427e-14 5.111694e+02 2.131628e-14 5.110000e+02 5.111694e+02 202 -1.040464e+00 2.220446e-16 -1.064705e+00 0.000000e+00 1.000000e+00
1.000000e+00 5.110000e+02 -3.552714e-14 5.106240e+02 4.973799e-14 5.110000e+02 5.106240e+02 203 9.279290e-01 -4.440892e-16 9.526309e-01 -0.000000e+00 1.000000e+00
1.000000e+00 5.110000e+02 -4.263256e-14 5.113088e+02 -4.263256e-14 5.110000e+02 5.113088e+02 204 -7.220492e-01 3.330669e-16 -7.284825e-01 0.000000e+00 1.000000e+00
1.000000e+00 5.110000e+02 -1.421085e-13 5.105640e+02 -5.684342e-14 5.110000e+02 5.105640e+02 205 4.440007e-01 1.776357e-15 4.482969e-01 0.000000e+00 1.000000e+00
1.000000e+00 5.110000e+02 -7.815970e-14 5.112878e+02 -6.394885e-14 5.110000e+02 5.112878e+02 206 -1.221584e-01 0.000000e+00 -1.120742e-01 0.000000e+00 1.000000e+00
1.000000e+00 5.110000e+02 -1.278977e-13 5.106681e+02 4.973799e-14 5.110000e+02 5.106681e+02 207 -2.107942e-01 6.661338e-16 -2.241485e-01 0.000000e+00 1.000000e+00
1.000000e+00 5.110000e+02 -7.815970e-14 5.113262e+02 -2.131628e-14 5.110000e+02 5.113262e+02 208 5.211778e-01 2.220446e-16 5.043340e-01 0.000000e+00 1.000000e+00
1.000000e+00 5.110000e+02 -9.252198e-14 5.115093e+02 -6.356027e-15 5.110000e+02 5.115093e+02 209 -7.777183e-01 1.665335e-15 -7.845196e-01 0.000000e+00 1.000000e+00
1.000000e+00 5.110000e+02 -2.422344e-14 5.112254e+02 1.968564e-14 5.110000e+02 5.112254e+02 210 9.546927e-01 1.068590e-15 9.526309e-01 0.000000e+00 1.000000e+00
1.000000e+00 5.110000e+02 -3.954441e-14 5.112667e+02 -3.200218e-14 5.110000e+02 5.112667e+02 211 -1.034503e+00 1.554312e-15 -1.008668e+00 0.000000e+00 1.000000e+00
1.000000e+00 5.110000e+02 -2.562642e-14 5.110279e+02 4.080070e-15 5.110000e+02 5.110279e+02 212 1.009425e+00 8.881784e-16 1.008668e+00 0.000000e+00 1.000000e+00
1.000000e+00 5.110000e+02 -1.173663e-13 5.106139e+02 -3.814310e-14 5.110000e+02 5.106139e+02 213 -8.823475e-01 2.220446e-15 -8.965938e-01 0.000000e+00 1.000000e+00
1.000000e+00 5.110000e+02 -1.149576e-13 5.106572e+02 -5.856426e-15 5.110000e+02 5.106572e+02 214 6.664526e-01 2.220446e-15 6.724454e-01 0.000000e+00 1.000000e+00
1.000000e+00 5.110000e+02 -2.729999e-14 5.110672e+02 -1.013772e-14 5.110000e+02 5.110672e+02 215 -3.838456e-01 8.881784e-16 -3.922598e-01 0.000000e+00 1.000000e+00
1.000000e+00 5.110000e+02 -7.289424e-14 5.106667e+02 4.172704e-14 5.110000e+02 5.106667e+02 216 6.329786e-02 -8.881784e-16 5.603711e-02 -0.000000e+00 1.000000e+00
1.000000e+00 5.110000e+02 -4.200537e-14 5.112471e+02 -9.270362e-15 5.110000e+02 5.112471e+02 217 2.626772e-01 4.440892e-16 2.801856e-01 0.000000e+00 1.000000e+00
1.000000e+00 5.110000e+02 -7.233863e-14 5.109847e+02 1.953993e-14 5.110000e+02 5.109847e+02 218 -5.611171e-01 1.332268e-15 -5.603711e-01 0.000000e+00 1.000000e+00
1.000000e+00 5.110000e+02 2.214131e-14 5.117238e+02 -7.910339e-15 5.110000e+02 5.117238e+02 219 8.019377e-01 0.000000e+00 7.845196e-01 0.000000e+00 1.000000e+00
1.000000e+00 5.110000e+02 -8.138200e-14 5.105042e+02 6.622480e-14 5.110000e+02 5.105042e+02 220 -9.609611e-01 2.220446e-15 -9.526309e-01 0.000000e+00 1.000000e+00
1.000000e+00 5.110000e+02 -7.921636e-14 5.110804e+02 -3.325118e-14 5.110000e+02 5.110804e+02 221 1.022339e+00 4.440892e-15 1.008668e+00 0.000000e+00 1.000000e+00
1.000000e+00 5.110000e+02 -1.662961e-14 5.109725e+02 -4.700407e-14 5.110000e+02 5.109725e+02 222 -9.801282e-01 -3.552714e-15 -9.526309e-01 -0.000000e+00 1.000000e+00
1.000000e+00 5.110000e+02 -1.081044e-13 5.112762e+02 -7.972789e-15 5.110000e+02 5.112762e+02 223 8.388666e-01 2.220446e-15 8.405567e-01 0.000000e+00 1.000000e+00
1.000000e+00 5.110000e+02 -3.593628e-14 5.104354e+02 3.966966e-14 5.110000e+02 5.104354e+02 224 -6.130848e-01 -1.110223e-15 -6.164083e-01 -0.000000e+00 1.000000e+00
1.000000e+00 5.110000e+02 1.058268e-13 5.113899e+02 9.346343e-14 5.110000e+02 5.113899e+02 225 3.258162e-01 0.000000e+00 3.362227e-01 0.000000e+00 1.000000e+00
1.000000e+00 5.110000e+02 -2.741438e-14 5.107287e+02 1.840195e-14 5.110000e+02 5.107287e+02 226 -6.250408e-03 -1.110223e-15 -0.000000e+00 -0.000000e+00 1.000000e+00
1.000000e+00 5.110000e+02 8.112857e-14 5.106529e+02 -6.024348e-14 5.110000e+02 5.106529e+02 227 -3.132281e-01 -1.276756e-15 -3.362227e-01 -0.000000e+00 1.000000e+00
1.000000e+00 5.110000e+02 -4.315602e-14 5.110636e+02 -2.120873e-14 5.110000e+02 5.110636e+02 228 6.003165e-01 -2.636780e-16 6.164083e-01 -0.000000e+00 1.000000e+00
1.000000e+00 5.110000e+02 -3.764651e-15 5.108690e+02 -5.573320e-14 5.110000e+02 5.108690e+02 229 -8.260547e-01 -1.609823e-15 -8.405567e-01 -0.000000e+00 1.000000e+00
0.000000e+00 -2.557954e-13 -5.900835e-14 -7.976674e-02 -2.636780e-14 2.625134e-13 7.976674e-02 230 9.677423e-01 -6.661338e-16 9.526309e-01 -0.000000e+00 0.000000e+00
0.000000e+00 -2.842171e-14 -3.907985e-14 1.192069e-01 8.260059e-14 4.832213e-14 1.192069e-01 231 -1.011218e+00 3.330669e-16 -1.008668e+00 0.000000e+00 0.000000e+00
0.000000e+00 3.552714e-13 -5.151435e-14 -7.459863e-01 1.598721e-14 3.589867e-13 7.459863e-01 232 9.522717e-01 1.110223e-15 9.526309e-01 0.000000e+00 0.000000e+00
0.000000e+00 5.115908e-13 -1.953993e-13 2.904948e-01 2.042810e-14 5.476367e-13 2.904948e-01 233 -7.970521e-01 9.436896e-16 -7.845196e-01 0.000000e+00 0.000000e+00
0.000000e+00 -1.421085e-14 -6.483702e-14 8.628302e-01 -3.996803e-15 6.637611e-14 8.628302e-01 234 5.614257e-01 -6.661338e-16 5.603711e-01 -0.000000e+00 0.000000e+00
0.000000e+00 1.563194e-13 -1.509903e-14 -1.096455e-01 1.403322e-13 1.570469e-13 1.096455e-01 235 -2.693584e-01 -1.720846e-15 -2.801856e-01 -0.000000e+00 0.000000e+00
0.000000e+00 8.526513e-14 1.545430e-13 5.256084e-02 1.847411e-13 1.765041e-13 5.256084e-02 236 -4.951905e-02 -1.082467e-15 -5.603711e-02 -0.000000e+00 0.000000e+00
0.000000e+00 -1.563194e-13 6.572520e-14 3.273914e-01 9.592327e-14 1.695746e-13 3.273914e-01 237 3.629119e-01 -3.122502e-17 3.362227e-01 -0.000000e+00 0.000000e+00
0.000000e+00 0.000000e+00 -7.283063e-14 -2.644160e-01 -2.309264e-14 7.283063e-14 2.644160e-01 238 -6.391278e-01 -2.081668e-16 -6.164083e-01 -0.000000e+00 0.000000e+00
0.000000e+00 5.684342e-14 1.243450e-13 3.091326e-01 2.078338e-13 1.367218e-13 3.091326e-01 239 8.502765e-01 1.942890e-15 8.405567e-01 0.000000e+00 0.000000e+00
0.000000e+00 8.526513e-14 -2.593481e-13 3.769182e-02 -1.048051e-13 2.730047e-13 3.769182e-02 240 -9.750821e-01 -1.387779e-16 -9.526309e-01 -0.000000e+00 0.000000e+00
0.000000e+00 -1.989520e-13 3.730349e-14 1.103008e-02 1.492140e-13 2.024190e-13 1.103008e-02 241 1.001023e+00 2.220446e-16 1.008668e+00 0.000000e+00 0.000000e+00
0.000000e+00 9.947598e-14 -5.151435e-14 1.565640e-01 8.348877e-14 1.120232e-13 1.565640e-01 242 -9.255884e-01 -1.665335e-16 -9.526309e-01 -0.000000e+00 0.000000e+00
0.000000e+00 -2.842171e-14 -3.375078e-14 -6.722215e-01 1.421085e-14 4.412379e-14 6.722215e-01 243 7.565165e-01 5.551115e-16 7.845196e-01 0.000000e+00 0.000000e+00
0.000000e+00 1.421085e-13 -2.131628e-14 2.394879e-02 1.278977e-13 1.436984e-13 2.394879e-02 244 -5.110058e-01 -6.106227e-16 -5.043340e-01 -0.000000e+00 0.000000e+00
0.000000e+00 -5.684342e-14 3.375078e-14 -2.537115e-02 1.136868e-13 6.610816e-14 2.537115e-02 245 2.139666e-01 -2.775558e-16 2.241485e-01 -0.000000e+00 0.000000e+00
0.000000e+00 4.263256e-14 1.261213e-13 1.546172e-01 2.415845e-13 1.331320e-13 1.546172e-01 246 1.045028e-01 -3.191891e-16 1.120742e-01 -0.000000e+00 0.000000e+00
0.000000e+00 7.105427e-14 -1.509903e-13 1.528652e-03 -5.950795e-14 1.668736e-13 1.528652e-03 247 -4.121610e-01 -8.465451e-16 -3.922598e-01 -0.000000e+00 0.000000e+00
0.000000e+00 0.000000e+00 8.260059e-14 -4.534811e-01 2.193801e-13 8.260059e-14 4.534811e-01 248 6.778830e-01 9.159340e-16 6.724454e-01 0.000000e+00 0.000000e+00
0.000000e+00 8.526513e-14 1.953993e-14 3.295858e-01 1.598721e-13 8.747543e-14 3.295858e-01 249 -8.748043e-01 -5.551115e-17 -8.965938e-01 -0.000000e+00 0.000000e+00
0.000000e+00 1.136868e-13 1.616485e-13 -4.345027e-02 2.131628e-13 1.976232e-13 4.345027e-02 250 9.830330e-01 1.221245e-15 1.008668e+00 0.000000e+00 0.000000e+00
0.000000e+00 -9.947598e-14 -1.421085e-13 6.732532e-01 -3.907985e-14 1.734656e-13 6.732532e-01 251 -9.916563e-01 6.661338e-16 -1.008668e+00 0.000000e+00 0.000000e+00
0.000000e+00 9.947598e-14 5.195844e-14 5.428217e-01 1.234568e-13 1.122281e-13 5.428217e-01 252 8.998392e-01 -3.053113e-16 8.965938e-01 -0.000000e+00 0.000000e+00
0.000000e+00 4.973799e-13 7.105427e-15 3.892449e-01 1.318945e-13 4.974307e-13 3.892449e-01 253 -7.169048e-01 -2.775558e-16 -7.284825e-01 -0.000000e+00 0.000000e+00
0.000000e+00 4.263256e-14 -1.421085e-14 1.739708e-01 7.949197e-14 4.493867e-14 1.739708e-01 254 4.613895e-01 5.551115e-16 4.482969e-01 0.000000e+00 0.000000e+00
0.000000e+00 -5.684342e-14 4.252154e-14 -4.209669e-02 1.152411e-13 7.098772e-14 4.209669e-02 255 -1.591671e-01 1.960238e-16 -1.681113e-01 0.000000e+00 0.000000e+00
0.000000e+00 2.842171e-14 -4.202194e-14 -4.209669e-02 7.843726e-14 5.073103e-14 4.209669e-02 256 -1.591671e-01 6.852158e-17 -1.681113e-01 0.000000e+00 0.000000e+00
0.000000e+00 -1.421085e-13 5.018208e-14 1.739708e-01 8.504308e-14 1.507086e-13 1.739708e-01 257 4.613895e-01 8.812395e-16 4.482969e-01 0.000000e+00 0.000000e+00
0.000000e+00 1.563194e-13 -1.687539e-14 3.892449e-01 5.817569e-14 1.572277e-13 3.892449e-01 258 -7.169048e-01 1.665335e-16 -7.284825e-01 0.000000e+00 0.000000e+00
0.000000e+00 4.263256e-14 -2.930989e-14 5.428217e-01 5.018208e-14 5.173592e-14 5.428217e-01 259 8.998392e-01 1.082467e-15 8.965938e-01 0.000000e+00 0.000000e+00
0.000000e+00 1.421085e-14 -1.083578e-13 6.732532e-01 3.996803e-14 1.092857e-13 6.732532e-01 260 -9.916563e-01 2.775558e-17 -1.008668e+00 0.000000e+00 0.000000e+00
0.000000e+00 3.410605e-13 -1.474376e-13 -4.345027e-02 -1.154632e-14 3.715644e-13 4.345027e-02 261 9.830330e-01 7.494005e-16 1.008668e+00 0.000000e+00 0.000000e+00
0.000000e+00 -8.526513e-14 -1.172396e-13 3.295858e-01 3.197442e-14 1.449664e-13 3.295858e-01 262 -8.748043e-01 4.996004e-16 -8.965938e-01 0.000000e+00 0.000000e+00
0.000000e+00 -1.421085e-14 -1.287859e-13 -4.534811e-01 4.796163e-14 1.295675e-13 4.534811e-01 263 6.778830e-01 3.885781e-16 6.724454e-01 0.000000e+00 0.000000e+00
0.000000e+00 1.136868e-13 3.108624e-14 1.528652e-03 1.643130e-13 1.178603e-13 1.528652e-03 264 -4.121610e-01 8.465451e-16 -3.922598e-01 0.000000e+00 0.000000e+00
0.000000e+00 0.000000e+00 -9.592327e-14 1.546172e-01 2.842171e-14 9.592327e-14 1.546172e-01 265 1.045028e-01 3.330669e-16 1.120742e-01 0.000000e+00 0.000000e+00
0.000000e+00 0.000000e+00 -5.861978e-14 -2.537115e-02 3.552714e-14 5.861978e-14 2.537115e-02 266 2.139666e-01 1.249001e-15 2.241485e-01 0.000000e+00 0.000000e+00
0.000000e+00 3.126388e-13 -8.881784e-14 2.394879e-02 7.460699e-14 3.250102e-13 2.394879e-02 267 -5.110058e-01 4.440892e-16 -5.043340e-01 0.000000e+00 0.000000e+00
0.000000e+00 2.557954e-13 -1.403322e-13 -6.722215e-01 1.119105e-13 2.917609e-13 6.722215e-01 268 7.565165e-01 7.771561e-16 7.845196e-01 0.000000e+00 0.000000e+00
0.000000e+00 3.268497e-13 -9.414691e-14 1.565640e-01 3.552714e-14 3.401387e-13 1.565640e-01 269 -9.255884e-01 2.775558e-16 -9.526309e-01 0.000000e+00 0.000000e+00
0.000000e+00 -2.842171e-14 -5.151435e-14 1.103008e-02 1.136868e-13 5.883470e-14 1.103008e-02 270 1.001023e+00 9.992007e-16 1.008668e+00 0.000000e+00 0.000000e+00
0.000000e+00 -1.136868e-13 -1.136868e-13 3.769182e-02 7.460699e-14 1.607775e-13 3.769182e-02 271 -9.750821e-01 5.828671e-16 -9.526309e-01 0.000000e+00 0.000000e+00
0.000000e+00 2.842171e-14 -1.296740e-13 3.091326e-01 3.730349e-14 1.327522e-13 3.091326e-01 272 8.502765e-01 3.885781e-16 8.405567e-01 0.000000e+00 0.000000e+00
0.000000e+00 1.705303e-13 -1.065814e-14 -2.644160e-01 3.552714e-14 1.708630e-13 2.644160e-01 273 -6.391278e-01 1.471046e-15 -6.164083e-01 0.000000e+00 0.000000e+00
0.000000e+00 -8.526513e-14 -1.758593e-13 3.273914e-01 6.750156e-14 1.954396e-13 3.273914e-01 274 3.629119e-01 8.777701e-16 3.362227e-01 0.000000e+00 0.000000e+00
0.000000e+00 3.694822e-13 -1.048051e-13 5.256084e-02 9.947598e-14 3.840589e-13 5.256084e-02 275 -4.951905e-02 6.106227e-16 -5.603711e-02 0.000000e+00 0.000000e+00
0.000000e+00 2.557954e-13 -7.460699e-14 -1.096455e-01 4.796163e-14 2.664535e-13 1.096455e-01 276 -2.693584e-01 1.110223e-16 -2.801856e-01 0.000000e+00 0.000000e+00
0.000000e+00 -1.563194e-13 -8.171241e-14 8.628302e-01 8.415491e-14 1.763879e-13 8.628302e-01 277 5.614257e-01 1.942890e-15 5.603711e-01 0.000000e+00 0.000000e+00
0.000000e+00 4.689582e-13 -6.572520e-14 2.904948e-01 1.243450e-13 4.735416e-13 2.904948e-01 278 -7.970521e-01 5.551115e-16 -7.845196e-01 0.000000e+00 0.000000e+00
0.000000e+00 -1.136868e-13 -5.684342e-14 -7.459863e-01 2.078338e-13 1.271057e-13 7.459863e-01 279 9.522717e-01 1.221245e-15 9.526309e-01 0.000000e+00 0.000000e+00
0.000000e+00 5.684342e-14 4.440892e-15 1.192069e-01 -2.131628e-14 5.701663e-14 1.192069e-01 280 -1.011218e+00 1.110223e-16 -1.008668e+00 0.000000e+00 0.000000e+00
0.000000e+00 -1.421085e-13 -2.928213e-14 -7.976674e-02 1.439404e-13 1.450940e-13 7.976674e-02 281 9.677423e-01 1.110223e-15 9.526309e-01 0.000000e+00 0.000000e+00
1.000000e+00 5.110000e+02 -4.303134e-14 5.108690e+02 3.103073e-14 5.110000e+02 5.108690e+02 282 -8.260547e-01 1.054712e-15 -8.405567e-01 0.000000e+00 1.000000e+00
1.000000e+00 5.110000e+02 -7.186697e-14 5.110636e+02 9.540979e-16 5.110000e+02 5.110636e+02 283 6.003165e-01 1.124101e-15 6.164083e-01 0.000000e+00 1.000000e+00
1.000000e+00 5.110000e+02 -8.813293e-14 5.106529e+02 2.800538e-14 5.110000e+02 5.106529e+02 284 -3.132281e-01 2.164935e-15 -3.362227e-01 0.000000e+00 1.000000e+00
1.000000e+00 5.110000e+02 -1.332019e-13 5.107287e+02 -2.234324e-14 5.110000e+02 5.107287e+02 285 -6.250408e-03 3.330669e-16 -0.000000e+00 0.000000e+00 1.000000e+00
1.000000e+00 5.110000e+02 -1.258627e-15 5.113899e+02 -4.812123e-15 5.110000e+02 5.113899e+02 286 3.258162e-01 1.554312e-15 3.362227e-01 0.000000e+00 1.000000e+00
1.000000e+00 5.110000e+02 -9.634727e-14 5.104354e+02 -2.328693e-14 5.110000e+02 5.104354e+02 287 -6.130848e-01 -1.110223e-15 -6.164083e-01 -0.000000e+00 1.000000e+00
1.000000e+00 5.110000e+02 -5.500456e-14 5.112762e+02 1.245531e-14 5.110000e+02 5.112762e+02 288 8.388666e-01 1.776357e-15 8.405567e-01 0.000000e+00 1.000000e+00
1.000000e+00 5.110000e+02 -1.486595e-13 5.109725e+02 -8.897050e-14 5.110000e+02 5.109725e+02 289 -9.801282e-01 -8.881784e-16 -9.526309e-01 -0.000000e+00 1.000000e+00
1.000000e+00 5.110000e+02 -1.079974e-13 5.110804e+02 -1.383615e-14 5.110000e+02 5.110804e+02 290 1.022339e+00 1.776357e-15 1.008668e+00 0.000000e+00 1.000000e+00
1.000000e+00 5.110000e+02 -2.438298e-14 5.105042e+02 -4.146683e-14 5.110000e+02 5.105042e+02 291 -9.609611e-01 -2.664535e-15 -9.526309e-01 -0.000000e+00 1.000000e+00
1.000000e+00 5.110000e+02 -1.131540e-13 5.117238e+02 7.854828e-15 5.110000e+02 5.117238e+02 292 8.019377e-01 0.000000e+00 7.845196e-01 0.000000e+00 1.000000e+00
1.000000e+00 5.110000e+02 -4.207345e-14 5.109847e+02 -5.662137e-14 5.110000e+02 5.109847e+02 293 -5.611171e-01 -2.664535e-15 -5.603711e-01 -0.000000e+00 1.000000e+00
1.000000e+00 5.110000e+02 -1.390794e-13 5.112471e+02 7.771561e-15 5.110000e+02 5.112471e+02 294 2.626772e-01 -3.552714e-15 2.801856e-01 -0.000000e+00 1.000000e+00
1.000000e+00 5.110000e+02 -1.356597e-13 5.106667e+02 -3.154074e-14 5.110000e+02 5.106667e+02 295 6.329786e-02 -4.884981e-15 5.603711e-02 -0.000000e+00 1.000000e+00
1.000000e+00 5.110000e+02 -5.245591e-14 5.110672e+02 1.142142e-14 5.110000e+02 5.110672e+02 296 -3.838456e-01 -2.664535e-15 -3.922598e-01 -0.000000e+00 1.000000e+00
1.000000e+00 5.110000e+02 -9.168285e-14 5.106572e+02 -4.837797e-14 5.110000e+02 5.106572e+02 297 6.664526e-01 0.000000e+00 6.724454e-01 0.000000e+00 1.000000e+00
1.000000e+00 5.110000e+02 -8.438586e-14 5.106139e+02 -2.516737e-14 5.110000e+02 5.106139e+02 298 -8.823475e-01 4.440892e-16 -8.965938e-01 0.000000e+00 1.000000e+00
1.000000e+00 5.110000e+02 -4.864169e-14 5.110279e+02 -4.310441e-14 5.110000e+02 5.110279e+02 299 1.009425e+00 -1.554312e-15 1.008668e+00 -0.000000e+00 1.000000e+00
1.000000e+00 5.110000e+02 -1.146892e-13 5.112667e+02 6.887546e-14 5.110000e+02 5.112667e+02 300 -1.034503e+00 -1.554312e-15 -1.008668e+00 -0.000000e+00 1.000000e+00
1.000000e+00 5.110000e+02 -7.005863e-14 5.112254e+02 -7.258083e-15 5.110000e+02 5.112254e+02 301 9.546927e-01 -5.342948e-16 9.526309e-01 -0.000000e+00 1.000000e+00
1.000000e+00 5.110000e+02 -1.361347e-14 5.115093e+02 6.411538e-15 5.110000e+02 5.115093e+02 302 -7.777183e-01 -1.387779e-15 -7.845196e-01 -0.000000e+00 1.000000e+00
1.000000e+00 5.110000e+02 5.684342e-14 5.113262e+02 4.263256e-14 5.110000e+02 5.113262e+02 303 5.211778e-01 -8.881784e-16 5.043340e-01 -0.000000e+00 1.000000e+00
1.000000e+00 5.110000e+02 -6.394885e-14 5.106681e+02 -7.815970e-14 5.110000e+02 5.106681e+02 304 -2.107942e-01 -2.220446e-15 -2.241485e-01 -0.000000e+00 1.000000e+00
1.000000e+00 5.110000e+02 2.131628e-14 5.112878e+02 3.552714e-14 5.110000e+02 5.112878e+02 305 -1.221584e-01 -1.332268e-15 -1.120742e-01 -0.000000e+00 1.000000e+00
1.000000e+00 5.110000e+02 4.973799e-14 5.105640e+02 5.684342e-14 5.110000e+02 5.105640e+02 306 4.440007e-01 -6.661338e-16 4.482969e-01 -0.000000e+00 1.000000e+00
1.000000e+00 5.110000e+02 -1.207923e-13 5.113088e+02 7.105427e-15 5.110000e+02 5.113088e+02 307 -7.220492e-01 -1.776357e-15 -7.284825e-01 -0.000000e+00 1.000000e+00
1.000000e+00 5.110000e+02 -9.237056e-14 5.106240e+02 0.000000e+00 5.110000e+02 5.106240e+02 308 9.279290e-01 -6.661338e-16 9.526309e-01 -0.000000e+00 1.000000e+00
1.000000e+00 5.110000e+02 -4.973799e-14 5.111694e+02 0.000000e+00 5.110000e+02 5.111694e+02 309 -1.040464e+00 -1.110223e-15 -1.064705e+00 -0.000000e+00 1.000000e+00
1.000000e+00 5.110000e+02 0.000000e+00 5.109780e+02 2.842171e-14 5.110000e+02 5.109780e+02 310 1.047853e+00 -1.026956e-15 1.064705e+00 -0.000000e+00 1.000000e+00
1.000000e+00 5.110000e+02 1.705303e-13 5.113588e+02 2.131628e-14 5.110000e+02 5.113588e+02 311 -9.488976e-01 -8.881784e-16 -9.526309e-01 -0.000000e+00 1.000000e+00
1.000000e+00 5.110000e+02 7.815970e-14 5.110878e+02 2.842171e-14 5.110000e+02 5.110878e+02 312 7.531759e-01 8.881784e-16 7.284825e-01 0.000000e+00 1.000000e+00
1.000000e+00 5.110000e+02 -2.842171e-14 5.111254e+02 -4.263256e-14 5.110000e+02 5.111254e+02 313 -4.801143e-01 -8.881784e-16 -5.043340e-01 -0.000000e+00 1.000000e+00
1.000000e+00 5.110000e+02 -9.947598e-14 5.107766e+02 -1.421085e-14 5.110000e+02 5.107766e+02 314 1.570647e-01 -4.440892e-16 1.681113e-01 -0.000000e+00 1.000000e+00
1.000000e+00 5.110000e+02 -7.105427e-15 5.110665e+02 -2.131628e-14 5.110000e+02 5.110665e+02 315 1.834293e-01 -1.554312e-15 1.681113e-01 -0.000000e+00 1.000000e+00
1.000000e+00 5.110000e+02 2.842171e-14 5.107768e+02 5.684342e-14 5.110000e+02 5.107768e+02 316 -5.069057e-01 -7.771561e-16 -5.043340e-01 -0.000000e+00 1.000000e+00
1.000000e+00 5.110000e+02 9.237056e-14 5.104544e+02 -4.973799e-14 5.110000e+02 5.104544e+02 317 7.804644e-01 -2.220446e-16 7.845196e-01 -0.000000e+00 1.000000e+00
1.000000e+00 5.110000e+02 -4.263256e-14 5.112191e+02 -4.973799e-14 5.110000e+02 5.112191e+02 318 -9.761081e-01 -7.771561e-16 -9.526309e-01 -0.000000e+00 1.000000e+00
1.000000e+00 5.110000e+02 9.237056e-14 5.109231e+02 0.000000e+00 5.110000e+02 5.109231e+02 319 1.073601e+00 -5.967449e-16 1.064705e+00 -0.000000e+00 1.000000e+00
1.000000e+00 5.110000e+02 3.552714e-14 5.111051e+02 8.526513e-14 5.110000e+02 5.111051e+02 320 -1.062557e+00 -2.442491e-15 -1.064705e+00 -0.000000e+00 1.000000e+00
1.000000e+00 5.110000e+02 8.526513e-14 5.105301e+02 5.684342e-14 5.110000e+02 5.105301e+02 321 9.435410e-01 -3.885781e-16 9.526309e-01 -0.000000e+00 1.000000e+00
1.000000e+00 5.110000e+02 -2.131628e-14 5.112376e+02 -7.815970e-14 5.110000e+02 5.112376e+02 322 -7.280686e-01 -1.332268e-15 -7.284825e-01 -0.000000e+00 1.000000e+00
1.000000e+00 5.110000e+02 1.421085e-14 5.111894e+02 -9.947598e-14 5.110000e+02 5.111894e+02 323 4.374952e-01 0.000000e+00 4.482969e-01 0.000000e+00 1.000000e+00
1.000000e+00 5.110000e+02 1.776357e-13 5.108708e+02 2.842171e-14 5.110000e+02 5.108708e+02 324 -1.009047e-01 -1.110223e-15 -1.120742e-01 -0.000000e+00 1.000000e+00
1.000000e+00 5.110000e+02 4.263256e-14 5.111889e+02 4.263256e-14 5.110000e+02 5.111889e+02 325 -2.477945e-01 -1.221245e-15 -2.241485e-01 -0.000000e+00 1.000000e+00
1.000000e+00 5.110000e+02 1.278977e-13 5.100964e+02 4.263256e-14 5.110000e+02 5.100964e+02 326 5.732796e-01 -1.110223e-15 5.603711e-01 -0.000000e+00 1.000000e+00
1.000000e+00 5.110000e+02 6.394885e-14 5.114726e+02 -5.684342e-14 5.110000e+02 5.114726e+02 327 -8.423832e-01 -3.330669e-16 -8.405567e-01 -0.000000e+00 1.000000e+00
1.000000e+00 5.110000e+02 1.421085e-13 5.110545e+02 3.552714e-14 5.110000e+02 5.110545e+02 328 1.027467e+00 -5.551115e-16 1.008668e+00 -0.000000e+00 1.000000e+00
1.000000e+00 5.110000e+02 5.684342e-14 5.106663e+02 7.105427e-15 5.110000e+02 5.106663e+02 329 -1.109252e+00 -4.163336e-16 -1.120742e+00 -0.000000e+00 1.000000e+00
1.000000e+00 5.110000e+02 1.350031e-13 5.111193e+02 2.842171e-14 5.110000e+02 5.111193e+02 330 1.078823e+00 6.661338e-16 1.064705e+00 0.000000e+00 1.000000e+00
1.000000e+00 5.110000e+02 7.105427e-14 5.108872e+02 -4.263256e-14 5.110000e+02 5.108872e+02 331 -9.385926e-01 0.000000e+00 -9.526309e-01 0.000000e+00 1.000000e+00
1.000000e+00 5.110000e+02 1.421085e-14 5.109952e+02 -1.421085e-14 5.110000e+02 5.109952e+02 332 7.021234e-01 2.220446e-16 7.284825e-01 0.000000e+00 1.000000e+00
1.000000e+00 5.110000e+02 1.136868e-13 5.111477e+02 3.552714e-14 5.110000e+02 5.111477e+02 333 -3.928233e-01 -1.110223e-15 -3.922598e-01 -0.000000e+00 1.000000e+00
1.000000e+00 5.110000e+02 6.394885e-14 5.113770e+02 -4.263256e-14 5.110000e+02 5.113770e+02 334 4.163448e-02 -8.881784e-16 5.603711e-02 -0.000000e+00 1.000000e+00
1.000000e+00 5.110000e+02 8.526513e-14 5.107816e+02 -7.105427e-15 5.110000e+02 5.107816e+02 335 3.160553e-01 -8.881784e-16 3.362227e-01 -0.000000e+00 1.000000e+00
1.000000e+00 5.110000e+02 -6.394885e-14 5.103993e+02 0.000000e+00 5.110000e+02 5.103993e+02 336 -6.439703e-01 1.332268e-15 -6.164083e-01 0.000000e+00 1.000000e+00
1.000000e+00 5.110000e+02 -1.278977e-13 5.113199e+02 -4.973799e-14 5.110000e+02 5.113199e+02 337 9.086175e-01 -9.436896e-16 8.965938e-01 -0.000000e+00 1.000000e+00
1.000000e+00 5.110000e+02 -6.394885e-14 5.104028e+02 -7.815970e-14 5.110000e+02 5.104028e+02 338 -1.082699e+00 3.885781e-16 -1.064705e+00 0.000000e+00 1.000000e+00
1.000000e+00 5.110000e+02 1.065814e-13 5.116782e+02 9.947598e-14 5.110000e+02 5.116782e+02 339 1.147921e+00 9.992007e-16 1.120742e+00 0.000000e+00 1.000000e+00
1.000000e+00 5.110000e+02 -2.842171e-14 5.113876e+02 -9.947598e-14 5.110000e+02 5.113876e+02 340 -1.096908e+00 -1.110223e-16 -1.120742e+00 -0.000000e+00 1.000000e+00
1.000000e+00 5.110000e+02 -7.105427e-15 5.109838e+02 -7.105427e-15 5.110000e+02 5.109838e+02 341 9.340260e-01 5.551115e-16 9.526309e-01 0.000000e+00 1.000000e+00
1.000000e+00 5.110000e+02 2.131628e-14 5.108664e+02 1.421085e-14 5.110000e+02 5.108664e+02 342 -6.750230e-01 -1.110223e-15 -6.724454e-01 -0.000000e+00 1.000000e+00
1.000000e+00 5.110000e+02 -1.278977e-13 5.118971e+02 -5.684342e-14 5.110000e+02 5.118971e+02 343 3.455115e-01 2.220446e-16 3.362227e-01 0.000000e+00 1.000000e+00
1.000000e+00 5.110000e+02 -4.973799e-14 5.108750e+02 1.421085e-14 5.110000e+02 5.108750e+02 344 2.155539e-02 2.220446e-16 0.000000e+00 0.000000e+00 1.000000e+00
1.000000e+00 5.110000e+02 -1.421085e-14 5.110650e+02 -2.131628e-14 5.110000e+02 5.110650e+02 345 -3.891714e-01 -2.220446e-16 -3.922598e-01 -0.000000e+00 1.000000e+00
1.000000e+00 5.110000e+02 9.947598e-14 5.110504e+02 2.131628e-14 5.110000e+02 5.110504e+02 346 7.199986e-01 1.165734e-15 7.284825e-01 0.000000e+00 1.000000e+00
1.000000e+00 5.110000e+02 7.105427e-15 5.111303e+02 -6.394885e-14 5.110000e+02 5.111303e+02 347 -9.801497e-01 1.526557e-16 -9.526309e-01 0.000000e+00 1.000000e+00
1.000000e+00 5.110000e+02 -2.131628e-14 5.107811e+02 -8.526513e-14 5.110000e+02 5.107811e+02 348 1.142650e+00 7.771561e-16 1.120742e+00 0.000000e+00 1.000000e+00
1.000000e+00 5.110000e+02 7.105427e-14 5.102736e+02 1.421085e-14 5.110000e+02 5.102736e+02 349 -1.190226e+00 0.000000e+00 -1.176779e+00 0.000000e+00 1.000000e+00
1.000000e+00 5.110000e+02 7.105427e-14 5.106865e+02 2.842171e-14 5.110000e+02 5.106865e+02 350 1.117130e+00 8.881784e-16 1.120742e+00 0.000000e+00 1.000000e+00
1.000000e+00 5.110000e+02 1.492140e-13 5.108163e+02 -1.421085e-14 5.110000e+02 5.108163e+02 351 -9.298177e-01 2.220446e-16 -9.526309e-01 0.000000e+00 1.000000e+00
1.000000e+00 5.110000e+02 1.065814e-13 5.110276e+02 -2.131628e-14 5.110000e+02 5.110276e+02 352 6.463896e-01 1.776357e-15 6.724454e-01 0.000000e+00 1.000000e+00
1.000000e+00 5.110000e+02 0.000000e+00 5.107639e+02 -4.263256e-14 5.110000e+02 5.107639e+02 353 -2.948499e-01 -6.661338e-16 -2.801856e-01 -0.000000e+00 1.000000e+00
1.000000e+00 5.110000e+02 4.263256e-14 5.110503e+02 -8.526513e-14 5.110000e+02 5.110503e+02 354 -8.965011e-02 1.110223e-15 -1.120742e-01 0.000000e+00 1.000000e+00
1.000000e+00 5.110000e+02 6.703497e-14 5.111204e+02 3.580469e-15 5.110000e+02 5.111204e+02 355 4.683170e-01 2.220446e-16 4.482969e-01 0.000000e+00 1.000000e+00
1.000000e+00 5.110000e+02 1.528321e-13 5.110847e+02 -2.955622e-14 5.110000e+02 5.110847e+02 356 -8.026183e-01 -1.665335e-16 -7.845196e-01 -0.000000e+00 1.000000e+00
1.000000e+00 5.110000e+02 -2.263049e-14 5.105211e+02 -4.951595e-14 5.110000e+02 5.105211e+02 357 1.058192e+00 8.881784e-16 1.064705e+00 0.000000e+00 1.000000e+00
1.000000e+00 5.110000e+02 2.731788e-14 5.109378e+02 -1.788847e-14 5.110000e+02 5.109378e+02 358 -1.208367e+00 -8.881784e-16 -1.232817e+00 -0.000000e+00 1.000000e+00
1.000000e+00 5.110000e+02 4.626896e-15 5.107700e+02 2.885192e-14 5.110000e+02 5.107700e+02 359 1.236936e+00 4.440892e-16 1.232817e+00 0.000000e+00 1.000000e+00
1.000000e+00 5.110000e+02 3.499298e-14 5.113333e+02 -2.098322e-14 5.110000e+02 5.113333e+02 360 -1.139892e+00 8.881784e-16 -1.120742e+00 0.000000e+00 1.000000e+00
1.000000e+00 5.110000e+02 1.049631e-13 5.110919e+02 -4.701968e-15 5.110000e+02 5.110919e+02 361 9.259471e-01 0.000000e+00 9.526309e-01 0.000000e+00 1.000000e+00
1.000000e+00 5.110000e+02 -4.668744e-15 5.114263e+02 4.497791e-14 5.110000e+02 5.114263e+02 362 -6.157611e-01 -1.776357e-15 -6.164083e-01 -0.000000e+00 1.000000e+00
1.000000e+00 5.110000e+02 1.930243e-13 5.113688e+02 -1.283001e-14 5.110000e+02 5.113688e+02 363 2.399606e-01 8.881784e-16 2.241485e-01 0.000000e+00 1.000000e+00
1.000000e+00 5.110000e+02 3.345095e-14 5.108198e+02 1.318390e-14 5.110000e+02 5.108198e+02 364 1.638748e-01 1.776357e-15 1.681113e-01 0.000000e+00 1.000000e+00
1.000000e+00 5.110000e+02 5.646024e-14 5.117041e+02 2.936540e-14 5.110000e+02 5.117041e+02 365 -5.549581e-01 -7.105427e-15 -5.603711e-01 -0.000000e+00 1.000000e+00
1.000000e+00 5.110000e+02 -1.384741e-14 5.120650e+02 -5.731526e-15 5.110000e+02 5.120650e+02 366 8.934011e-01 -8.881784e-16 8.965938e-01 -0.000000e+00 1.000000e+00
1.000000e+00 5.110000e+02 4.254062e-14 5.101367e+02 -2.512573e-14 5.110000e+02 5.101367e+02 367 -1.144269e+00 8.881784e-16 -1.120742e+00 0.000000e+00 1.000000e+00
1.000000e+00 5.110000e+02 2.034395e-14 5.112882e+02 4.823919e-14 5.110000e+02 5.112882e+02 368 1.281172e+00 -8.881784e-16 1.288854e+00 -0.000000e+00 1.000000e+00
1.000000e+00 5.110000e+02 5.697627e-14 5.113251e+02 3.760880e-15 5.110000e+02 5.113251e+02 369 -1.289029e+00 0.000000e+00 -1.288854e+00 0.000000e+00 1.000000e+00
1.000000e+00 5.110000e+02 1.318119e-13 5.113048e+02 -1.526557e-14 5.110000e+02 5.113048e+02 370 1.165713e+00 8.881784e-16 1.176779e+00 0.000000e+00 1.000000e+00
1.000000e+00 5.110000e+02 -5.878993e-14 5.109157e+02 -2.421674e-14 5.110000e+02 5.109157e+02 371 -9.223961e-01 4.440892e-16 -8.965938e-01 0.000000e+00 1.000000e+00
1.000000e+00 5.110000e+02 9.112434e-14 5.111142e+02 -1.976891e-14 5.110000e+02 5.111142e+02 372 5.825588e-01 -8.881784e-16 5.603711e-01 -0.000000e+00 1.000000e+00
1.000000e+00 5.110000e+02 6.020806e-14 5.106703e+02 -4.964085e-14 5.110000e+02 5.106703e+02 373 -1.797341e-01 -1.776357e-15 -1.681113e-01 -0.000000e+00 1.000000e+00
1.000000e+00 5.110000e+02 6.406676e-14 5.105798e+02 3.629042e-15 5.110000e+02 5.105798e+02 374 -2.457857e-01 -7.494005e-16 -2.241485e-01 -0.000000e+00 1.000000e+00
1.000000e+00 5.110000e+02 -1.266800e-15 5.113035e+02 -1.285083e-14 5.110000e+02 5.113035e+02 375 6.509645e-01 -2.220446e-16 6.724454e-01 -0.000000e+00 1.000000e+00
1.000000e+00 5.110000e+02 5.684342e-14 5.110227e+02 -9.947598e-14 5.110000e+02 5.110227e+02 376 -9.943582e-01 -1.554312e-15 -1.008668e+00 -0.000000e+00 1.000000e+00
1.000000e+00 5.110000e+02 8.526513e-14 5.103449e+02 1.421085e-14 5.110000e+02 5.103449e+02 377 1.240338e+00 -2.886580e-15 1.232817e+00 -0.000000e+00 1.000000e+00
1.000000e+00 5.110000e+02 8.526513e-14 5.107137e+02 -5.684342e-14 5.110000e+02 5.107137e+02 378 -1.362768e+00 -1.554312e-15 -1.344891e+00 -0.000000e+00 1.000000e+00
1.000000e+00 5.110000e+02 7.105427e-14 5.116374e+02 5.684342e-14 5.110000e+02 5.116374e+02 379 1.347770e+00 -1.998401e-15 1.344891e+00 -0.000000e+00 1.000000e+00
1.000000e+00 5.110000e+02 1.421085e-13 5.110424e+02 7.105427e-14 5.110000e+02 5.110424e+02 380 -1.195265e+00 -3.108624e-15 -1.176779e+00 -0.000000e+00 1.000000e+00
1.000000e+00 5.110000e+02 2.842171e-14 5.110146e+02 2.842171e-14 5.110000e+02 5.110146e+02 381 9.191486e-01 -1.554312e-15 8.965938e-01 -0.000000e+00 1.000000e+00
1.000000e+00 5.110000e+02 8.526513e-14 5.111433e+02 0.000000e+00 5.110000e+02 5.111433e+02 382 -5.460397e-01 0.000000e+00 -5.603711e-01 0.000000e+00 1.000000e+00
1.000000e+00 5.110000e+02 1.563194e-13 5.111204e+02 -1.421085e-14 5.110000e+02 5.111204e+02 383 1.127349e-01 -2.109424e-15 1.120742e-01 -0.000000e+00 1.000000e+00
1.000000e+00 5.110000e+02 1.847411e-13 5.114297e+02 2.842171e-14 5.110000e+02 5.114297e+02 384 3.374047e-01 -1.942890e-15 3.362227e-01 -0.000000e+00 1.000000e+00
1.000000e+00 5.110000e+02 -2.842171e-14 5.110704e+02 -8.526513e-14 5.110000e+02 5.110704e+02 385 -7.587729e-01 -1.887379e-15 -7.845196e-01 -0.000000e+00 1.000000e+00
1.000000e+00 5.110000e+02 1.421085e-14 5.106288e+02 -1.421085e-14 5.110000e+02 5.106288e+02 386 1.108119e+00 -1.776357e-15 1.120742e+00 -0.000000e+00 1.000000e+00
1.000000e+00 5.110000e+02 8.526513e-14 5.110289e+02 2.842171e-14 5.110000e+02 5.110289e+02 387 -1.348966e+00 -1.776357e-15 -1.344891e+00 -0.000000e+00 1.000000e+00
1.000000e+00 5.110000e+02 5.684342e-14 5.108787e+02 5.684342e-14 5.110000e+02 5.108787e+02 388 1.455399e+00 -1.554312e-15 1.456965e+00 -0.000000e+00 1.000000e+00
1.000000e+00 5.110000e+02 -1.421085e-14 5.108227e+02 -8.526513e-14 5.110000e+02 5.108227e+02 389 -1.414830e+00 -1.776357e-15 -1.400928e+00 -0.000000e+00 1.000000e+00
1.000000e+00 5.110000e+02 9.947598e-14 5.105471e+02 0.000000e+00 5.110000e+02 5.105471e+02 390 1.229447e+00 -1.554312e-15 1.232817e+00 -0.000000e+00 1.000000e+00
1.000000e+00 5.110000e+02 1.705303e-13 5.111991e+02 5.684342e-14 5.110000e+02 5.111991e+02 391 -9.161904e-01 -2.442491e-15 -8.965938e-01 -0.000000e+00 1.000000e+00
1.000000e+00 5.110000e+02 8.526513e-14 5.112025e+02 -5.684342e-14 5.110000e+02 5.112025e+02 392 5.052255e-01 -8.326673e-16 5.043340e-01 -0.000000e+00 1.000000e+00
1.000000e+00 5.110000e+02 5.684342e-14 5.105458e+02 -4.263256e-14 5.110000e+02 5.105458e+02 393 -3.706121e-02 -2.498002e-15 -5.603711e-02 -0.000000e+00 1.000000e+00
1.000000e+00 5.110000e+02 7.105427e-14 5.105580e+02 -9.947598e-14 5.110000e+02 5.105580e+02 394 -4.414205e-01 -9.992007e-16 -4.482969e-01 -0.000000e+00 1.000000e+00
1.000000e+00 5.110000e+02 1.421085e-14 5.111218e+02 -2.842171e-14 5.110000e+02 5.111218e+02 395 8.816352e-01 -2.331468e-15 8.965938e-01 -0.000000e+00 1.000000e+00
1.000000e+00 5.110000e+02 -7.105427e-14 5.111024e+02 -9.947598e-14 5.110000e+02 5.111024e+02 396 -1.238203e+00 -1.887379e-15 -1.232817e+00 -0.000000e+00 1.000000e+00
1.000000e+00 5.110000e+02 9.947598e-14 5.109574e+02 -2.842171e-14 5.110000e+02 5.109574e+02 397 1.473601e+00 -1.998401e-15 1.456965e+00 -0.000000e+00 1.000000e+00
1.000000e+00 5.110000e+02 1.847411e-13 5.111019e+02 1.421085e-14 5.110000e+02 5.111019e+02 398 -1.562084e+00 -1.887379e-15 -1.569039e+00 -0.000000e+00 1.000000e+00
1.000000e+00 5.110000e+02 1.705303e-13 5.117639e+02 -4.263256e-14 5.110000e+02 5.117639e+02 399 1.492467e+00 4.440892e-16 1.513002e+00 0.000000e+00 1.000000e+00
1.000000e+00 5.110000e+02 9.947598e-14 5.112843e+02 -7.105427e-14 5.110000e+02 5.112843e+02 400 -1.269477e+00 -9.992007e-16 -1.288854e+00 -0.000000e+00 1.000000e+00
1.000000e+00 5.110000e+02 1.421085e-13 5.109399e+02 -1.421085e-14 5.110000e+02 5.109399e+02 401 9.135092e-01 -1.026956e-15 8.965938e-01 -0.000000e+00 1.000000e+00
1.000000e+00 5.110000e+02 5.684342e-14 5.114666e+02 -2.842171e-14 5.110000e+02 5.114666e+02 402 -4.587926e-01 -1.082467e-15 -4.482969e-01 -0.000000e+00 1.000000e+00
1.000000e+00 5.110000e+02 5.684342e-14 5.107620e+02 0.000000e+00 5.110000e+02 5.107620e+02 403 -4.987366e-02 -8.326673e-16 -5.603711e-02 -0.000000e+00 1.000000e+00
1.000000e+00 5.110000e+02 1.136868e-13 5.102340e+02 -5.684342e-14 5.110000e+02 5.102340e+02 404 5.615041e-01 4.440892e-16 5.603711e-01 0.000000e+00 1.000000e+00
1.000000e+00 5.110000e+02 5.684342e-14 5.109158e+02 -8.526513e-14 5.110000e+02 5.109158e+02 405 -1.024006e+00 -2.109424e-15 -1.008668e+00 -0.000000e+00 1.000000e+00
1.000000e+00 5.110000e+02 1.136868e-13 5.108062e+02 -2.842171e-14 5.110000e+02 5.108062e+02 406 1.389448e+00 -1.665335e-15 1.400928e+00 -0.000000e+00 1.000000e+00
1.000000e+00 5.110000e+02 1.563194e-13 5.103581e+02 -2.842171e-14 5.110000e+02 5.103581e+02 407 -1.618997e+00 -1.887379e-15 -1.625076e+00 -0.000000e+00 1.000000e+00
1.000000e+00 5.110000e+02 1.989520e-13 5.107764e+02 4.263256e-14 5.110000e+02 5.107764e+02 408 1.687001e+00 -1.332268e-15 1.681113e+00 -0.000000e+00 1.000000e+00
1.000000e+00 5.110000e+02 1.563194e-13 5.113561e+02 -1.421085e-14 5.110000e+02 5.113561e+02 409 -1.583818e+00 5.551115e-16 -1.569039e+00 0.000000e+00 1.000000e+00
1.000000e+00 5.110000e+02 9.947598e-14 5.108963e+02 0.000000e+00 5.110000e+02 5.108963e+02 410 1.317056e+00 -2.303713e-15 1.344891e+00 -0.000000e+00 1.000000e+00
1.000000e+00 5.110000e+02 1.421085e-13 5.109997e+02 -2.842171e-14 5.110000e+02 5.109997e+02 411 -9.110939e-01 1.387779e-16 -8.965938e-01 0.000000e+00 1.000000e+00
1.000000e+00 5.110000e+02 1.136868e-13 5.109522e+02 1.421085e-14 5.110000e+02 5.109522e+02 412 4.048962e-01 -4.440892e-16 3.922598e-01 -0.000000e+00 1.000000e+00
1.000000e+00 5.110000e+02 1.421085e-13 5.102732e+02 2.842171e-14 5.110000e+02 5.102732e+02 413 1.516932e-01 -6.661338e-16 1.681113e-01 -0.000000e+00 1.000000e+00
1.000000e+00 5.110000e+02 1.421085e-13 5.108560e+02 1.421085e-14 5.110000e+02 5.108560e+02 414 -7.028175e-01 -4.440892e-16 -7.284825e-01 -0.000000e+00 1.000000e+00
1.000000e+00 5.110000e+02 8.526513e-14 5.108397e+02 -2.842171e-14 5.110000e+02 5.108397e+02 415 1.192170e+00 -4.440892e-16 1.176779e+00 -0.000000e+00 1.000000e+00
1.000000e+00 5.110000e+02 2.842171e-14 5.103527e+02 0.000000e+00 5.110000e+02 5.103527e+02 416 -1.568704e+00 -8.881784e-16 -1.569039e+00 -0.000000e+00 1.000000e+00
1.000000e+00 5.110000e+02 5.684342e-14 5.113816e+02 -1.421085e-14 5.110000e+02 5.113816e+02 417 1.791906e+00 2.220446e-16 1.793188e+00 0.000000e+00 1.000000e+00
1.000000e+00 5.110000e+02 1.278977e-13 5.114387e+02 -5.684342e-14 5.110000e+02 5.114387e+02 418 -1.836110e+00 2.220446e-16 -1.849225e+00 0.000000e+00 1.000000e+00
1.000000e+00 5.110000e+02 1.421085e-14 5.118604e+02 1.421085e-14 5.110000e+02 5.118604e+02 419 1.693374e+00 9.436896e-16 1.681113e+00 0.000000e+00 1.000000e+00
1.000000e+00 5.110000e+02 7.105427e-14 5.108143e+02 4.263256e-14 5.110000e+02 5.108143e+02 420 -1.374630e+00 3.469447e-16 -1.400928e+00 0.000000e+00 1.000000e+00
1.000000e+00 5.110000e+02 9.947598e-14 5.110226e+02 -5.684342e-14 5.110000e+02 5.110226e+02 421 9.089351e-01 -1.110223e-16 8.965938e-01 -0.000000e+00 1.000000e+00
1.000000e+00 5.110000e+02 -4.263256e-14 5.103624e+02 -1.421085e-14 5.110000e+02 5.103624e+02 422 -3.408755e-01 0.000000e+00 -3.362227e-01 0.000000e+00 1.000000e+00
1.000000e+00 5.110000e+02 1.421085e-14 5.106685e+02 0.000000e+00 5.110000e+02 5.106685e+02 423 -2.736490e-01 -1.332268e-15 -2.801856e-01 -0.000000e+00 1.000000e+00
1.000000e+00 5.110000e+02 -8.526513e-14 5.111079e+02 1.136868e-13 5.110000e+02 5.111079e+02 424 8.728730e-01 -1.554312e-15 8.965938e-01 -0.000000e+00 1.000000e+00
1.000000e+00 5.110000e+02 4.263256e-14 5.111731e+02 -8.526513e-14 5.110000e+02 5.111731e+02 425 -1.395314e+00 4.440892e-16 -1.400928e+00 0.000000e+00 1.000000e+00
1.000000e+00 5.110000e+02 -7.105427e-14 5.116879e+02 1.421085e-14 5.110000e+02 5.116879e+02 426 1.786020e+00 -1.998401e-15 1.793188e+00 -0.000000e+00 1.000000e+00
1.000000e+00 5.110000e+02 7.105427e-14 5.110990e+02 0.000000e+00 5.110000e+02 5.110990e+02 427 -2.002281e+00 6.661338e-16 -2.017336e+00 0.000000e+00 1.000000e+00
1.000000e+00 5.110000e+02 9.471751e-15 5.108284e+02 -5.185435e-14 5.110000e+02 5.108284e+02 428 2.018226e+00 0.000000e+00 2.017336e+00 0.000000e+00 1.000000e+00
1.000000e+00 5.110000e+02 6.273407e-14 5.109085e+02 -1.526557e-16 5.110000e+02 5.109085e+02 429 -1.827808e+00 -7.494005e-16 -1.849225e+00 -0.000000e+00 1.000000e+00
1.000000e+00 5.110000e+02 5.081048e-15 5.109165e+02 3.441691e-15 5.110000e+02 5.109165e+02 430 1.445855e+00 -6.661338e-16 1.456965e+00 -0.000000e+00 1.000000e+00
1.000000e+00 5.110000e+02 9.213436e-15 5.103453e+02 8.881784e-15 5.110000e+02 5.103453e+02 431 -9.070242e-01 -1.110223e-15 -8.965938e-01 -0.000000e+00 1.000000e+00
1.000000e+00 5.110000e+02 6.052412e-14 5.107592e+02 -1.644518e-15 5.110000e+02 5.107592e+02 432 2.627355e-01 -3.552714e-15 2.801856e-01 -0.000000e+00 1.000000e+00
1.000000e+00 5.110000e+02 4.152298e-15 5.111954e+02 3.784473e-14 5.110000e+02 5.111954e+02 433 4.236670e-01 -4.440892e-15 4.482969e-01 -0.000000e+00 1.000000e+00
1.000000e+00 5.110000e+02 5.732459e-14 5.114054e+02 -2.572942e-14 5.110000e+02 5.114054e+02 434 -1.083063e+00 1.776357e-15 -1.064705e+00 0.000000e+00 1.000000e+00
1.000000e+00 5.110000e+02 5.382435e-14 5.109905e+02 -6.453171e-15 5.110000e+02 5.109905e+02 435 1.647432e+00 -2.664535e-15 1.625076e+00 -0.000000e+00 1.000000e+00
1.000000e+00 5.110000e+02 -1.230270e-14 5.113350e+02 -1.787459e-14 5.110000e+02 5.113350e+02 436 -2.056783e+00 -3.552714e-15 -2.073373e+00 -0.000000e+00 1.000000e+00
1.000000e+00 5.110000e+02 -3.122663e-14 5.104686e+02 1.637579e-15 5.110000e+02 5.104686e+02 437 2.265430e+00 1.776357e-15 2.241485e+00 0.000000e+00 1.000000e+00
1.000000e+00 5.110000e+02 -1.138536e-14 5.108123e+02 6.744605e-15 5.110000e+02 5.108123e+02 438 -2.246980e+00 7.105427e-15 -2.241485e+00 0.000000e+00 1.000000e+00
1.000000e+00 5.110000e+02 -1.059695e-15 5.112516e+02 -1.323941e-14 5.110000e+02 5.112516e+02 439 1.997490e+00 -2.664535e-15 2.017336e+00 -0.000000e+00 1.000000e+00
1.000000e+00 5.110000e+02 3.944157e-14 5.117519e+02 3.569367e-14 5.110000e+02 5.117519e+02 440 -1.536439e+00 2.664535e-15 -1.513002e+00 0.000000e+00 1.000000e+00
1.000000e+00 5.110000e+02 7.534805e-14 5.112085e+02 -1.729172e-14 5.110000e+02 5.112085e+02 441 9.053542e-01 -1.776357e-15 8.965938e-01 -0.000000e+00 1.000000e+00
1.000000e+00 5.110000e+02 6.833010e-14 5.107260e+02 -1.335390e-14 5.110000e+02 5.107260e+02 442 -1.641787e-01 1.776357e-15 -1.681113e-01 0.000000e+00 1.000000e+00
1.000000e+00 5.110000e+02 2.975811e-14 5.110165e+02 5.224987e-14 5.110000e+02 5.110165e+02 443 -6.143152e-01 -2.664535e-15 -6.164083e-01 -0.000000e+00 1.000000e+00
1.000000e+00 5.110000e+02 7.052870e-15 5.108279e+02 5.110495e-15 5.110000e+02 5.108279e+02 444 1.351556e+00 4.440892e-16 1.344891e+00 0.000000e+00 1.000000e+00
1.000000e+00 5.110000e+02 2.531893e-15 5.114509e+02 2.955969e-14 5.110000e+02 5.114509e+02 445 -1.970974e+00 -1.776357e-15 -1.961299e+00 -0.000000e+00 1.000000e+00
1.000000e+00 5.110000e+02 9.179774e-14 5.111273e+02 1.196612e-14 5.110000e+02 5.111273e+02 446 2.405821e+00 1.221245e-15 2.409596e+00 0.000000e+00 1.000000e+00
1.000000e+00 5.110000e+02 1.774004e-14 5.112505e+02 -2.202925e-14 5.110000e+02 5.112505e+02 447 -2.606205e+00 -1.568190e-15 -2.633744e+00 -0.000000e+00 1.000000e+00
1.000000e+00 5.110000e+02 -2.683048e-14 5.110559e+02 -1.848521e-14 5.110000e+02 5.110559e+02 448 2.544637e+00 -3.885781e-16 2.521670e+00 -0.000000e+00 1.000000e+00
1.000000e+00 5.110000e+02 5.684342e-14 5.106204e+02 1.421085e-14 5.110000e+02 5.106204e+02 449 -2.219469e+00 -1.776357e-15 -2.241485e+00 -0.000000e+00 1.000000e+00
1.000000e+00 5.110000e+02 -1.421085e-14 5.110303e+02 -7.105427e-15 5.110000e+02 5.110303e+02 450 1.655835e+00 -2.442491e-15 1.681113e+00 -0.000000e+00 1.000000e+00
1.000000e+00 5.110000e+02 -7.460699e-14 5.111326e+02 -2.842171e-14 5.110000e+02 5.111326e+02 451 -9.039187e-01 -1.776357e-15 -8.965938e-01 -0.000000e+00 1.000000e+00
1.000000e+00 5.110000e+02 5.684342e-14 5.109399e+02 6.394885e-14 5.110000e+02 5.109399e+02 452 3.465234e-02 -3.552714e-15 5.603711e-02 -0.000000e+00 1.000000e+00
1.000000e+00 5.110000e+02 -2.486900e-14 5.116293e+02 0.000000e+00 5.110000e+02 5.116293e+02 453 8.668090e-01 -3.330669e-15 8.405567e-01 -0.000000e+00 1.000000e+00
1.000000e+00 5.110000e+02 -4.263256e-14 5.108810e+02 -8.526513e-14 5.110000e+02 5.108810e+02 454 -1.709245e+00 -2.442491e-15 -1.737151e+00 -0.000000e+00 1.000000e+00
1.000000e+00 5.110000e+02 -1.776357e-14 5.102316e+02 -4.263256e-14 5.110000e+02 5.102316e+02 455 2.404397e+00 4.996004e-16 2.409596e+00 0.000000e+00 1.000000e+00
1.000000e+00 5.110000e+02 3.197442e-14 5.109590e+02 3.197442e-14 5.110000e+02 5.109590e+02 456 -2.875989e+00 -5.689893e-15 -2.857893e+00 -0.000000e+00 1.000000e+00
1.000000e+00 5.110000e+02 -3.552714e-14 5.106730e+02 4.618528e-14 5.110000e+02 5.106730e+02 457 3.067843e+00 -3.580469e-15 3.082041e+00 -0.000000e+00 1.000000e+00
1.000000e+00 5.110000e+02 -7.460699e-14 5.112907e+02 3.552714e-15 5.110000e+02 5.112907e+02 458 -2.950250e+00 -5.606626e-15 -2.969967e+00 -0.000000e+00 1.000000e+00
1.000000e+00 5.110000e+02 -6.750156e-14 5.113582e+02 -4.973799e-14 5.110000e+02 5.113582e+02 459 2.523899e+00 -2.997602e-15 2.521670e+00 -0.000000e+00 1.000000e+00
1.000000e+00 5.110000e+02 3.907985e-14 5.113733e+02 3.197442e-14 5.110000e+02 5.113733e+02 460 -1.820905e+00 -3.219647e-15 -1.793188e+00 -0.000000e+00 1.000000e+00
1.000000e+00 5.110000e+02 -7.105427e-14 5.114727e+02 3.552714e-15 5.110000e+02 5.114727e+02 461 9.027126e-01 -5.884182e-15 8.965938e-01 -0.000000e+00 1.000000e+00
1.000000e+00 5.110000e+02 -1.421085e-14 5.107795e+02 2.131628e-14 5.110000e+02 5.107795e+02 462 1.449962e-01 -5.440093e-15 1.681113e-01 -0.000000e+00 1.000000e+00
1.000000e+00 5.110000e+02 -4.263256e-14 5.106382e+02 -3.907985e-14 5.110000e+02 5.106382e+02 463 -1.220020e+00 -5.662137e-15 -1.232817e+00 -0.000000e+00 1.000000e+00
1.000000e+00 5.110000e+02 1.065814e-14 5.106892e+02 1.065814e-14 5.110000e+02 5.106892e+02 464 2.213288e+00 -4.440892e-15 2.185447e+00 -0.000000e+00 1.000000e+00
1.000000e+00 5.110000e+02 -1.243450e-13 5.111325e+02 0.000000e+00 5.110000e+02 5.111325e+02 465 -3.019567e+00 -4.926615e-15 -3.026004e+00 -0.000000e+00 1.000000e+00
1.000000e+00 5.110000e+02 3.907985e-14 5.106584e+02 -7.105427e-15 5.110000e+02 5.106584e+02 466 3.548207e+00 -5.065393e-15 3.530338e+00 -0.000000e+00 1.000000e+00
1.000000e+00 5.110000e+02 -2.842171e-14 5.108378e+02 -3.552714e-14 5.110000e+02 5.108378e+02 467 -3.732859e+00 -4.274359e-15 -3.754487e+00 -0.000000e+00 1.000000e+00
1.000000e+00 5.110000e+02 1.101341e-13 5.108872e+02 -2.842171e-14 5.110000e+02 5.108872e+02 468 3.539172e+00 -7.216450e-15 3.530338e+00 -0.000000e+00 1.000000e+00
1.000000e+00 5.110000e+02 -5.684342e-14 5.106584e+02 -5.329071e-14 5.110000e+02 5.106584e+02 469 -2.969634e+00 -7.160939e-15 -2.969967e+00 -0.000000e+00 1.000000e+00
1.000000e+00 5.110000e+02 -6.394885e-14 5.112358e+02 -4.263256e-14 5.110000e+02 5.112358e+02 470 2.064955e+00 -7.160939e-15 2.073373e+00 -0.000000e+00 1.000000e+00
1.000000e+00 5.110000e+02 -1.207923e-13 5.112091e+02 4.263256e-14 5.110000e+02 5.112091e+02 471 -9.017315e-01 -2.886580e-15 -8.965938e-01 -0.000000e+00 1.000000e+00
1.000000e+00 5.110000e+02 -1.705303e-13 5.106941e+02 -3.552714e-14 5.110000e+02 5.106941e+02 472 -4.135462e-01 4.440892e-16 -3.922598e-01 0.000000e+00 1.000000e+00
1.000000e+00 5.110000e+02 -5.684342e-14 5.113531e+02 -2.131628e-14 5.110000e+02 5.113531e+02 473 1.753711e+00 -2.747802e-15 1.737151e+00 -0.000000e+00 1.000000e+00
1.000000e+00 5.110000e+02 1.776357e-14 5.111087e+02 -6.750156e-14 5.110000e+02 5.111087e+02 474 -2.982598e+00 -4.496403e-15 -2.969967e+00 -0.000000e+00 1.000000e+00
1.000000e+00 5.110000e+02 7.460699e-14 5.104757e+02 1.065814e-14 5.110000e+02 5.104757e+02 475 3.968164e+00 -3.497203e-15 3.978635e+00 -0.000000e+00 1.000000e+00
1.000000e+00 5.110000e+02 -1.634248e-13 5.112460e+02 -5.684342e-14 5.110000e+02 5.112460e+02 476 -4.595833e+00 -4.080070e-15 -4.595043e+00 -0.000000e+00 1.000000e+00
1.000000e+00 5.110000e+02 -1.350031e-13 5.108075e+02 2.486900e-14 5.110000e+02 5.108075e+02 477 4.780804e+00 3.774758e-15 4.763155e+00 0.000000e+00 1.000000e+00
1.000000e+00 5.110000e+02 -1.705303e-13 5.104866e+02 -1.421085e-14 5.110000e+02 5.104866e+02 478 -4.478068e+00 -9.325873e-15 -4.482969e+00 -0.000000e+00 1.000000e+00
1.000000e+00 5.110000e+02 -4.263256e-14 5.109477e+02 2.131628e-14 5.110000e+02 5.109477e+02 479 3.689076e+00 -8.493206e-15 3.698450e+00 -0.000000e+00 1.000000e+00
1.000000e+00 5.110000e+02 -1.918465e-13 5.109273e+02 -7.105427e-14 5.110000e+02 5.109273e+02 480 -2.464263e+00 -6.716849e-15 -2.465633e+00 -0.000000e+00 1.000000e+00
1.000000e+00 5.110000e+02 -1.563194e-13 5.114506e+02 -8.526513e-14 5.110000e+02 5.114506e+02 481 9.009720e-01 -8.493206e-15 8.965938e-01 -0.000000e+00 1.000000e+00
1.000000e+00 5.110000e+02 -8.881784e-14 5.117853e+02 -4.973799e-14 5.110000e+02 5.117853e+02 482 8.632450e-01 -3.858025e-15 8.405567e-01 -0.000000e+00 1.000000e+00
1.000000e+00 5.110000e+02 -1.030287e-13 5.107894e+02 -3.552714e-15 5.110000e+02 5.107894e+02 483 -2.661558e+00 -1.051936e-14 -2.633744e+00 -0.000000e+00 1.000000e+00
1.000000e+00 5.110000e+02 -9.237056e-14 5.111940e+02 4.263256e-14 5.110000e+02 5.111940e+02 484 4.312216e+00 -6.265821e-15 4.314858e+00 -0.000000e+00 1.000000e+00
1.000000e+00 5.110000e+02 -1.740830e-13 5.113099e+02 2.842171e-14 5.110000e+02 5.113099e+02 485 -5.635169e+00 -7.299716e-15 -5.659749e+00 -0.000000e+00 1.000000e+00
1.000000e+00 5.110000e+02 -2.096101e-13 5.115427e+02 -8.526513e-14 5.110000e+02 5.115427e+02 486 6.469547e+00 -3.996803e-15 6.444268e+00 -0.000000e+00 1.000000e+00
1.000000e+00 5.110000e+02 -1.065814e-13 5.106967e+02 -1.421085e-14 5.110000e+02 5.106967e+02 487 -6.690440e+00 -7.382983e-15 -6.668417e+00 -0.000000e+00 1.000000e+00
1.000000e+00 5.110000e+02 -9.947598e-14 5.108162e+02 3.552714e-15 5.110000e+02 5.108162e+02 488 6.223411e+00 -3.386180e-15 6.220120e+00 -0.000000e+00 1.000000e+00
1.000000e+00 5.110000e+02 -5.684342e-14 5.105289e+02 -3.552714e-15 5.110000e+02 5.105289e+02 489 -5.055333e+00 -8.104628e-15 -5.043340e+00 -0.000000e+00 1.000000e+00
1.000000e+00 5.110000e+02 -5.329071e-14 5.112874e+02 6.394885e-14 5.110000e+02 5.112874e+02 490 3.240385e+00 -6.161738e-15 3.250153e+00 -0.000000e+00 1.000000e+00
1.000000e+00 5.110000e+02 -3.552714e-14 5.108804e+02 9.947598e-14 5.110000e+02 5.108804e+02 491 -9.004314e-01 6.661338e-16 -8.965938e-01 0.000000e+00 1.000000e+00
1.000000e+00 5.110000e+02 -1.989520e-13 5.113507e+02 -9.237056e-14 5.110000e+02 5.113507e+02 492 -1.780517e+00 -2.678413e-15 -1.793188e+00 -0.000000e+00 1.000000e+00
1.000000e+00 5.110000e+02 -7.460699e-14 5.108372e+02 7.105427e-15 5.110000e+02 5.108372e+02 493 4.567583e+00 -3.920475e-16 4.595043e+00 -0.000000e+00 1.000000e+00
1.000000e+00 5.110000e+02 -1.030287e-13 5.108273e+02 -2.842171e-14 5.110000e+02 5.108273e+02 494 -7.191330e+00 -1.007527e-14 -7.172751e+00 -0.000000e+00 1.000000e+00
1.000000e+00 5.110000e+02 -1.421085e-14 5.104868e+02 -3.552714e-15 5.110000e+02 5.104868e+02 495 9.367945e+00 2.109424e-15 9.358198e+00 0.000000e+00 1.000000e+00
1.000000e+00 5.110000e+02 1.776357e-14 5.110435e+02 -1.065814e-14 5.110000e+02 5.110435e+02 496 -1.082176e+01 -7.993606e-15 -1.081516e+01 -0.000000e+00 1.000000e+00
1.000000e+00 5.110000e+02 -6.039613e-14 5.111786e+02 -2.842171e-14 5.110000e+02 5.111786e+02 497 1.130833e+01 -3.830269e-15 1.131950e+01 -0.000000e+00 1.000000e+00
1.000000e+00 5.110000e+02 -2.842171e-14 5.108025e+02 1.776357e-14 5.110000e+02 5.108025e+02 498 -1.063614e+01 -5.440093e-15 -1.064705e+01 -0.000000e+00 1.000000e+00
1.000000e+00 5.110000e+02 -8.526513e-14 5.106632e+02 -1.776357e-14 5.110000e+02 5.106632e+02 499 8.685151e+00 -8.132384e-15 8.685753e+00 -0.000000e+00 1.000000e+00
1.000000e+00 5.110000e+02 -8.526513e-14 5.109703e+02 -8.171241e-14 5.110000e+02 5.109703e+02 500 -5.420508e+00 -7.716050e-15 -5.435600e+00 -0.000000e+00 1.000000e+00
1.000000e+00 5.110000e+02 1.472747e-14 5.107071e+02 -2.148282e-14 5.110000e+02 5.107071e+02 501 9.001078e-01 3.080869e-15 8.965938e-01 0.000000e+00 1.000000e+00
1.000000e+00 5.110000e+02 7.044622e-14 5.108289e+02 4.680284e-15 5.110000e+02 5.108289e+02 502 4.724732e+00 5.419276e-15 4.707118e+00 0.000000e+00 1.000000e+00
1.000000e+00 5.110000e+02 2.181649e-14 5.109145e+02 1.085243e-14 5.110000e+02 5.109145e+02 503 -1.121581e+01 1.665335e-15 -1.120742e+01 0.000000e+00 1.000000e+00
1.000000e+00 5.110000e+02 -8.414846e-14 5.110912e+02 -1.729172e-14 5.110000e+02 5.110912e+02 504 1.826148e+01 1.998401e-15 1.826810e+01 0.000000e+00 1.000000e+00
1.000000e+00 5.110000e+02 -9.204547e-14 5.109191e+02 -1.443290e-14 5.110000e+02 5.109191e+02 505 -2.549607e+01 3.219647e-15 -2.549689e+01 0.000000e+00 1.000000e+00
1.000000e+00 5.110000e+02 -1.297483e-13 5.108246e+02 -1.159489e-14 5.110000e+02 5.108246e+02 506 3.252394e+01 1.126876e-14 3.250153e+01 0.000000e+00 1.000000e+00
1.000000e+00 5.110000e+02 -4.799472e-14 5.112062e+02 -4.420075e-15 5.110000e+02 5.112062e+02 507 -3.894639e+01 9.992007e-16 -3.894579e+01 0.000000e+00 1.000000e+00
1.000000e+00 5.110000e+02 -4.551415e-14 5.111375e+02 -2.508410e-15 5.110000e+02 5.111375e+02 508 4.438937e+01 1.665335e-14 4.438139e+01 0.000000e+00 1.000000e+00
1.000000e+00 5.110000e+02 1.273556e-14 5.107130e+02 -1.554312e-15 5.110000e+02 5.107130e+02 509 -4.852990e+01 -4.918288e-14 -4.852814e+01 -0.000000e+00 1.000000e+00
1.000000e+00 5.110000e+02 1.392363e-14 5.108366e+02 -1.387779e-15 5.110000e+02 5.108366e+02 510 5.111908e+01 1.351697e-14 5.110585e+01 0.000000e+00 1.000000e+00
