1.000000e+00 5.110000e+02 1.020026e-13 5.109697e+02 0.000000e+00 5.110000e+02 5.109697e+02 0 4.590000e+02 0.000000e+00 4.590000e+02 0.000000e+00 1.000000e+00
1.000000e+00 5.110000e+02 4.717765e-14 5.109225e+02 -3.056583e-15 5.110000e+02 5.109225e+02 1 5.111908e+01 -6.245005e-16 5.111518e+01 -0.000000e+00 1.000000e+00
1.000000e+00 5.110000e+02 1.057583e-13 5.109392e+02 -3.649858e-15 5.110000e+02 5.109392e+02 2 -4.852990e+01 -3.072542e-14 -4.852370e+01 -0.000000e+00 1.000000e+00
1.000000e+00 5.110000e+02 1.244721e-13 5.110907e+02 -1.422473e-15 5.110000e+02 5.110907e+02 3 4.438937e+01 2.886580e-15 4.439134e+01 0.000000e+00 1.000000e+00
1.000000e+00 5.110000e+02 1.791475e-13 5.109746e+02 -5.223252e-15 5.110000e+02 5.109746e+02 4 -3.894639e+01 -9.436896e-16 -3.894223e+01 -0.000000e+00 1.000000e+00
1.000000e+00 5.110000e+02 1.447289e-13 5.109847e+02 1.821460e-16 5.110000e+02 5.109847e+02 5 3.252394e+01 6.994405e-15 3.252657e+01 0.000000e+00 1.000000e+00
1.000000e+00 5.110000e+02 1.458115e-13 5.111693e+02 -3.506050e-14 5.110000e+02 5.111693e+02 6 -2.549607e+01 9.159340e-15 -2.549455e+01 0.000000e+00 1.000000e+00
1.000000e+00 5.110000e+02 -5.666737e-14 5.111312e+02 -2.943826e-15 5.110000e+02 5.111312e+02 7 1.826148e+01 7.993606e-15 1.826643e+01 0.000000e+00 1.000000e+00
1.000000e+00 5.110000e+02 -1.220872e-13 5.110012e+02 -3.962108e-15 5.110000e+02 5.110012e+02 8 -1.121581e+01 9.381385e-15 -1.122040e+01 0.000000e+00 1.000000e+00
1.000000e+00 5.110000e+02 -4.552914e-14 5.110695e+02 -1.577904e-14 5.110000e+02 5.110695e+02 9 4.724732e+00 1.026262e-14 4.720695e+00 0.000000e+00 1.000000e+00
1.000000e+00 5.110000e+02 -8.612571e-14 5.109080e+02 -2.972969e-14 5.110000e+02 5.109080e+02 10 9.001078e-01 1.473821e-14 8.965117e-01 0.000000e+00 1.000000e+00
1.000000e+00 5.110000e+02 -5.329071e-14 5.109179e+02 -4.263256e-14 5.110000e+02 5.109179e+02 11 -5.420508e+00 8.937295e-15 -5.421094e+00 0.000000e+00 1.000000e+00
1.000000e+00 5.110000e+02 -4.263256e-14 5.111647e+02 -1.421085e-14 5.110000e+02 5.111647e+02 12 8.685151e+00 -1.360023e-15 8.684957e+00 -0.000000e+00 1.000000e+00
1.000000e+00 5.110000e+02 2.842171e-14 5.110065e+02 2.842171e-14 5.110000e+02 5.110065e+02 13 -1.063614e+01 3.996803e-15 -1.063207e+01 0.000000e+00 1.000000e+00
1.000000e+00 5.110000e+02 -9.947598e-14 5.109258e+02 1.421085e-14 5.110000e+02 5.109258e+02 14 1.130833e+01 9.436896e-15 1.130445e+01 0.000000e+00 1.000000e+00
1.000000e+00 5.110000e+02 -5.329071e-14 5.109526e+02 1.421085e-14 5.110000e+02 5.109526e+02 15 -1.082176e+01 6.827872e-15 -1.082818e+01 0.000000e+00 1.000000e+00
1.000000e+00 5.110000e+02 -9.237056e-14 5.111589e+02 -2.131628e-14 5.110000e+02 5.111589e+02 16 9.367945e+00 8.604228e-15 9.371349e+00 0.000000e+00 1.000000e+00
1.000000e+00 5.110000e+02 -1.065814e-13 5.109704e+02 -4.973799e-14 5.110000e+02 5.109704e+02 17 -7.191330e+00 -2.026157e-15 -7.186102e+00 -0.000000e+00 1.000000e+00
1.000000e+00 5.110000e+02 -1.065814e-13 5.109854e+02 -4.263256e-14 5.110000e+02 5.109854e+02 18 4.567583e+00 9.669349e-15 4.566607e+00 0.000000e+00 1.000000e+00
1.000000e+00 5.110000e+02 -1.421085e-14 5.109292e+02 -3.552714e-14 5.110000e+02 5.109292e+02 19 -1.780517e+00 6.800116e-15 -1.779015e+00 0.000000e+00 1.000000e+00
1.000000e+00 5.110000e+02 1.776357e-14 5.111181e+02 1.421085e-14 5.110000e+02 5.111181e+02 20 -9.004314e-01 6.411538e-15 -8.965117e-01 0.000000e+00 1.000000e+00
1.000000e+00 5.110000e+02 1.421085e-14 5.111365e+02 0.000000e+00 5.110000e+02 5.111365e+02 21 3.240385e+00 6.772360e-15 3.235847e+00 0.000000e+00 1.000000e+00
1.000000e+00 5.110000e+02 -6.394885e-14 5.109738e+02 -7.105427e-15 5.110000e+02 5.109738e+02 22 -5.055333e+00 6.772360e-15 -5.056887e+00 0.000000e+00 1.000000e+00
1.000000e+00 5.110000e+02 7.105427e-15 5.110313e+02 -3.907985e-14 5.110000e+02 5.110313e+02 23 6.223411e+00 9.214851e-15 6.219550e+00 0.000000e+00 1.000000e+00
1.000000e+00 5.110000e+02 -2.131628e-14 5.110559e+02 2.486900e-14 5.110000e+02 5.110559e+02 24 -6.690440e+00 7.605028e-15 -6.695822e+00 0.000000e+00 1.000000e+00
1.000000e+00 5.110000e+02 -2.486900e-14 5.109190e+02 1.421085e-14 5.110000e+02 5.109190e+02 25 6.469547e+00 1.049161e-14 6.471694e+00 0.000000e+00 1.000000e+00
1.000000e+00 5.110000e+02 -2.842171e-14 5.111573e+02 3.197442e-14 5.110000e+02 5.111573e+02 26 -5.635169e+00 9.381385e-15 -5.631214e+00 0.000000e+00 1.000000e+00
1.000000e+00 5.110000e+02 -2.131628e-14 5.110957e+02 -1.065814e-14 5.110000e+02 5.110957e+02 27 4.312216e+00 5.828671e-15 4.314463e+00 0.000000e+00 1.000000e+00
1.000000e+00 5.110000e+02 -2.842171e-14 5.109828e+02 -3.552714e-15 5.110000e+02 5.109828e+02 28 -2.661558e+00 8.090750e-15 -2.661519e+00 0.000000e+00 1.000000e+00
1.000000e+00 5.110000e+02 -1.101341e-13 5.109589e+02 0.000000e+00 5.110000e+02 5.109589e+02 29 8.632450e-01 4.884981e-15 8.684957e-01 0.000000e+00 1.000000e+00
1.000000e+00 5.110000e+02 -1.278977e-13 5.108702e+02 -2.842171e-14 5.110000e+02 5.108702e+02 30 9.009720e-01 1.049161e-14 8.965117e-01 0.000000e+00 1.000000e+00
1.000000e+00 5.110000e+02 -1.456613e-13 5.110275e+02 -1.421085e-14 5.110000e+02 5.110275e+02 31 -2.464263e+00 6.661338e-15 -2.465407e+00 0.000000e+00 1.000000e+00
1.000000e+00 5.110000e+02 -1.705303e-13 5.109105e+02 -2.131628e-14 5.110000e+02 5.109105e+02 32 3.689076e+00 1.071365e-14 3.684103e+00 0.000000e+00 1.000000e+00
1.000000e+00 5.110000e+02 -6.394885e-14 5.110958e+02 -7.105427e-15 5.110000e+02 5.110958e+02 33 -4.478068e+00 2.053913e-15 -4.482559e+00 0.000000e+00 1.000000e+00
1.000000e+00 5.110000e+02 -2.131628e-14 5.110469e+02 0.000000e+00 5.110000e+02 5.110469e+02 34 4.780804e+00 1.110223e-15 4.776727e+00 0.000000e+00 1.000000e+00
1.000000e+00 5.110000e+02 -9.237056e-14 5.110324e+02 3.552714e-14 5.110000e+02 5.110324e+02 35 -4.595833e+00 4.413137e-15 -4.594623e+00 0.000000e+00 1.000000e+00
1.000000e+00 5.110000e+02 -2.629008e-13 5.111672e+02 0.000000e+00 5.110000e+02 5.111672e+02 36 3.968164e+00 4.607426e-15 3.964263e+00 0.000000e+00 1.000000e+00
1.000000e+00 5.110000e+02 -8.881784e-14 5.109367e+02 3.552714e-15 5.110000e+02 5.109367e+02 37 -2.982598e+00 4.204970e-15 -2.983703e+00 0.000000e+00 1.000000e+00
1.000000e+00 5.110000e+02 -1.492140e-13 5.111173e+02 -4.618528e-14 5.110000e+02 5.111173e+02 38 1.753711e+00 5.495604e-15 1.750999e+00 0.000000e+00 1.000000e+00
1.000000e+00 5.110000e+02 -5.329071e-14 5.109341e+02 2.131628e-14 5.110000e+02 5.109341e+02 39 -4.135462e-01 -1.443290e-15 -4.202399e-01 -0.000000e+00 1.000000e+00
1.000000e+00 5.110000e+02 -1.527667e-13 5.109951e+02 0.000000e+00 5.110000e+02 5.109951e+02 40 -9.017315e-01 3.996803e-15 -8.965117e-01 0.000000e+00 1.000000e+00
1.000000e+00 5.110000e+02 -1.350031e-13 5.109382e+02 0.000000e+00 5.110000e+02 5.109382e+02 41 2.064955e+00 9.048318e-15 2.059175e+00 0.000000e+00 1.000000e+00
1.000000e+00 5.110000e+02 -1.207923e-13 5.109844e+02 3.197442e-14 5.110000e+02 5.109844e+02 42 -2.969634e+00 4.884981e-15 -2.969695e+00 0.000000e+00 1.000000e+00
1.000000e+00 5.110000e+02 -1.492140e-13 5.109360e+02 -3.552714e-15 5.110000e+02 5.109360e+02 43 3.539172e+00 8.437695e-15 3.544023e+00 0.000000e+00 1.000000e+00
1.000000e+00 5.110000e+02 -3.552714e-14 5.108209e+02 -5.684342e-14 5.110000e+02 5.108209e+02 44 -3.732859e+00 3.941292e-15 -3.726127e+00 0.000000e+00 1.000000e+00
1.000000e+00 5.110000e+02 -1.989520e-13 5.109528e+02 -4.263256e-14 5.110000e+02 5.109528e+02 45 3.548207e+00 8.104628e-15 3.544023e+00 0.000000e+00 1.000000e+00
1.000000e+00 5.110000e+02 -1.492140e-13 5.109154e+02 -1.421085e-14 5.110000e+02 5.109154e+02 46 -3.019567e+00 4.746203e-15 -3.025727e+00 0.000000e+00 1.000000e+00
1.000000e+00 5.110000e+02 -1.492140e-13 5.109953e+02 3.552714e-15 5.110000e+02 5.109953e+02 47 2.213288e+00 4.884981e-15 2.213263e+00 0.000000e+00 1.000000e+00
1.000000e+00 5.110000e+02 -4.263256e-14 5.110211e+02 1.421085e-14 5.110000e+02 5.110211e+02 48 -1.220020e+00 3.996803e-15 -1.218696e+00 0.000000e+00 1.000000e+00
1.000000e+00 5.110000e+02 -7.105427e-15 5.108922e+02 4.263256e-14 5.110000e+02 5.108922e+02 49 1.449962e-01 5.551115e-15 1.400800e-01 0.000000e+00 1.000000e+00
1.000000e+00 5.110000e+02 -2.842171e-14 5.110992e+02 -6.750156e-14 5.110000e+02 5.110992e+02 50 9.027126e-01 4.662937e-15 8.965117e-01 0.000000e+00 1.000000e+00
1.000000e+00 5.110000e+02 -2.131628e-14 5.108717e+02 -5.684342e-14 5.110000e+02 5.108717e+02 51 -1.820905e+00 4.218847e-15 -1.821039e+00 0.000000e+00 1.000000e+00
1.000000e+00 5.110000e+02 -1.101341e-13 5.108887e+02 -3.197442e-14 5.110000e+02 5.108887e+02 52 2.523899e+00 5.440093e-15 2.521439e+00 0.000000e+00 1.000000e+00
1.000000e+00 5.110000e+02 -1.101341e-13 5.108057e+02 7.105427e-15 5.110000e+02 5.108057e+02 53 -2.950250e+00 7.216450e-16 -2.955687e+00 0.000000e+00 1.000000e+00
1.000000e+00 5.110000e+02 -7.105427e-14 5.110727e+02 -5.684342e-14 5.110000e+02 5.110727e+02 54 3.067843e+00 3.219647e-15 3.067751e+00 0.000000e+00 1.000000e+00
1.000000e+00 5.110000e+02 -2.842171e-14 5.111247e+02 -8.171241e-14 5.110000e+02 5.111247e+02 55 -2.875989e+00 1.845746e-15 -2.871639e+00 0.000000e+00 1.000000e+00
1.000000e+00 5.110000e+02 6.039613e-14 5.110624e+02 -7.105427e-15 5.110000e+02 5.110624e+02 56 2.404397e+00 4.607426e-15 2.409375e+00 0.000000e+00 1.000000e+00
1.000000e+00 5.110000e+02 -2.842171e-14 5.111315e+02 -1.776357e-14 5.110000e+02 5.111315e+02 57 -1.709245e+00 1.443290e-15 -1.708975e+00 0.000000e+00 1.000000e+00
1.000000e+00 5.110000e+02 3.552714e-14 5.110453e+02 -3.552714e-15 5.110000e+02 5.110453e+02 58 8.668090e-01 1.665335e-15 8.684957e-01 0.000000e+00 1.000000e+00
1.000000e+00 5.110000e+02 5.684342e-14 5.109396e+02 1.065814e-14 5.110000e+02 5.109396e+02 59 3.465234e-02 1.554312e-15 2.801599e-02 0.000000e+00 1.000000e+00
1.000000e+00 5.110000e+02 -4.263256e-14 5.108706e+02 3.552714e-14 5.110000e+02 5.108706e+02 60 -9.039187e-01 1.998401e-15 -9.105197e-01 0.000000e+00 1.000000e+00
1.000000e+00 5.110000e+02 1.421085e-14 5.109209e+02 -3.552714e-14 5.110000e+02 5.109209e+02 61 1.655835e+00 3.330669e-15 1.652944e+00 0.000000e+00 1.000000e+00
1.000000e+00 5.110000e+02 9.947598e-14 5.110201e+02 8.526513e-14 5.110000e+02 5.110201e+02 62 -2.219469e+00 1.554312e-15 -2.213263e+00 0.000000e+00 1.000000e+00
1.000000e+00 5.110000e+02 -3.244007e-14 5.110243e+02 -6.045511e-15 5.110000e+02 5.110243e+02 63 2.544637e+00 -6.661338e-16 2.549455e+00 -0.000000e+00 1.000000e+00
1.000000e+00 5.110000e+02 1.274281e-14 5.109688e+02 -2.326958e-14 5.110000e+02 5.109688e+02 64 -2.606205e+00 -2.137179e-15 -2.605487e+00 -0.000000e+00 1.000000e+00
1.000000e+00 5.110000e+02 1.503267e-15 5.108013e+02 3.557137e-14 5.110000e+02 5.108013e+02 65 2.405821e+00 -7.771561e-16 2.409375e+00 -0.000000e+00 1.000000e+00
1.000000e+00 5.110000e+02 -4.627725e-14 5.110189e+02 1.600456e-14 5.110000e+02 5.110189e+02 66 -1.970974e+00 2.220446e-15 -1.975127e+00 0.000000e+00 1.000000e+00
1.000000e+00 5.110000e+02 5.910369e-15 5.109890e+02 -4.408279e-14 5.110000e+02 5.109890e+02 67 1.351556e+00 -3.552714e-15 1.344768e+00 -0.000000e+00 1.000000e+00
1.000000e+00 5.110000e+02 -1.937794e-14 5.107983e+02 2.339795e-14 5.110000e+02 5.107983e+02 68 -6.143152e-01 4.440892e-16 -6.163518e-01 0.000000e+00 1.000000e+00
1.000000e+00 5.110000e+02 -5.186483e-14 5.109040e+02 -6.423031e-14 5.110000e+02 5.109040e+02 69 -1.641787e-01 2.664535e-15 -1.680960e-01 0.000000e+00 1.000000e+00
1.000000e+00 5.110000e+02 -3.768515e-14 5.109003e+02 7.299716e-15 5.110000e+02 5.109003e+02 70 9.053542e-01 -3.552714e-15 9.105197e-01 -0.000000e+00 1.000000e+00
1.000000e+00 5.110000e+02 -9.070150e-15 5.109242e+02 -2.570513e-14 5.110000e+02 5.109242e+02 71 -1.536439e+00 0.000000e+00 -1.540880e+00 0.000000e+00 1.000000e+00
1.000000e+00 5.110000e+02 2.842272e-14 5.111357e+02 5.672546e-16 5.110000e+02 5.111357e+02 72 1.997490e+00 5.329071e-15 2.003143e+00 0.000000e+00 1.000000e+00
1.000000e+00 5.110000e+02 2.912421e-15 5.111675e+02 1.524409e-14 5.110000e+02 5.111675e+02 73 -2.246980e+00 -7.105427e-15 -2.241279e+00 -0.000000e+00 1.000000e+00
1.000000e+00 5.110000e+02 3.683903e-14 5.110878e+02 -3.374731e-14 5.110000e+02 5.110878e+02 74 2.265430e+00 -2.664535e-15 2.269295e+00 -0.000000e+00 1.000000e+00
1.000000e+00 5.110000e+02 -5.656483e-15 5.108380e+02 -5.660229e-14 5.110000e+02 5.108380e+02 75 -2.056783e+00 2.664535e-15 -2.059175e+00 0.000000e+00 1.000000e+00
1.000000e+00 5.110000e+02 4.480874e-15 5.110439e+02 2.857437e-14 5.110000e+02 5.110439e+02 76 1.647432e+00 0.000000e+00 1.652944e+00 0.000000e+00 1.000000e+00
1.000000e+00 5.110000e+02 -2.250415e-14 5.109169e+02 -9.047797e-14 5.110000e+02 5.109169e+02 77 -1.083063e+00 -2.664535e-15 -1.078616e+00 -0.000000e+00 1.000000e+00
1.000000e+00 5.110000e+02 -1.979851e-14 5.109064e+02 4.203582e-14 5.110000e+02 5.109064e+02 78 4.236670e-01 -1.776357e-15 4.202399e-01 -0.000000e+00 1.000000e+00
1.000000e+00 5.110000e+02 2.584633e-14 5.109985e+02 -5.061923e-14 5.110000e+02 5.109985e+02 79 2.627355e-01 -4.440892e-16 2.661519e-01 -0.000000e+00 1.000000e+00
1.000000e+00 5.110000e+02 6.227604e-14 5.110941e+02 -2.513961e-14 5.110000e+02 5.110941e+02 80 -9.070242e-01 -8.881784e-16 -9.105197e-01 -0.000000e+00 1.000000e+00
1.000000e+00 5.110000e+02 -6.293017e-15 5.110758e+02 5.279804e-14 5.110000e+02 5.110758e+02 81 1.445855e+00 3.552714e-15 1.442824e+00 0.000000e+00 1.000000e+00
1.000000e+00 5.110000e+02 2.704594e-14 5.110703e+02 3.441344e-14 5.110000e+02 5.110703e+02 82 -1.827808e+00 1.249001e-16 -1.821039e+00 0.000000e+00 1.000000e+00
1.000000e+00 5.110000e+02 1.472126e-14 5.109713e+02 4.399259e-14 5.110000e+02 5.109713e+02 83 2.018226e+00 2.220446e-15 2.017151e+00 0.000000e+00 1.000000e+00
1.000000e+00 5.110000e+02 -2.842171e-14 5.110776e+02 1.136868e-13 5.110000e+02 5.110776e+02 84 -2.002281e+00 1.332268e-15 -2.003143e+00 0.000000e+00 1.000000e+00
1.000000e+00 5.110000e+02 -2.842171e-14 5.110382e+02 4.263256e-14 5.110000e+02 5.110382e+02 85 1.786020e+00 -8.881784e-16 1.793023e+00 -0.000000e+00 1.000000e+00
1.000000e+00 5.110000e+02 2.842171e-14 5.109974e+02 0.000000e+00 5.110000e+02 5.109974e+02 86 -1.395314e+00 3.108624e-15 -1.400800e+00 0.000000e+00 1.000000e+00
1.000000e+00 5.110000e+02 7.105427e-14 5.109543e+02 -9.947598e-14 5.110000e+02 5.109543e+02 87 8.728730e-01 0.000000e+00 8.684957e-01 0.000000e+00 1.000000e+00
1.000000e+00 5.110000e+02 2.842171e-14 5.110768e+02 1.421085e-14 5.110000e+02 5.110768e+02 88 -2.736490e-01 2.220446e-16 -2.801599e-01 0.000000e+00 1.000000e+00
1.000000e+00 5.110000e+02 -2.842171e-14 5.109137e+02 -4.263256e-14 5.110000e+02 5.109137e+02 89 -3.408755e-01 6.661338e-16 -3.361919e-01 0.000000e+00 1.000000e+00
1.000000e+00 5.110000e+02 -5.684342e-14 5.110749e+02 -7.105427e-14 5.110000e+02 5.110749e+02 90 9.089351e-01 -2.220446e-16 9.105197e-01 -0.000000e+00 1.000000e+00
1.000000e+00 5.110000e+02 -4.263256e-14 5.109915e+02 0.000000e+00 5.110000e+02 5.109915e+02 91 -1.374630e+00 3.608225e-16 -1.372784e+00 0.000000e+00 1.000000e+00
1.000000e+00 5.110000e+02 1.421085e-14 5.111228e+02 -5.684342e-14 5.110000e+02 5.111228e+02 92 1.693374e+00 9.992007e-16 1.694967e+00 0.000000e+00 1.000000e+00
1.000000e+00 5.110000e+02 2.842171e-14 5.109223e+02 -2.842171e-14 5.110000e+02 5.109223e+02 93 -1.836110e+00 5.551115e-16 -1.835047e+00 0.000000e+00 1.000000e+00
1.000000e+00 5.110000e+02 0.000000e+00 5.109692e+02 -1.421085e-14 5.110000e+02 5.109692e+02 94 1.791906e+00 1.110223e-15 1.793023e+00 0.000000e+00 1.000000e+00
1.000000e+00 5.110000e+02 -7.105427e-14 5.109957e+02 -4.263256e-14 5.110000e+02 5.109957e+02 95 -1.568704e+00 1.998401e-15 -1.568896e+00 0.000000e+00 1.000000e+00
1.000000e+00 5.110000e+02 -8.526513e-14 5.109708e+02 -4.263256e-14 5.110000e+02 5.109708e+02 96 1.192170e+00 1.554312e-15 1.190680e+00 0.000000e+00 1.000000e+00
1.000000e+00 5.110000e+02 1.421085e-14 5.110767e+02 0.000000e+00 5.110000e+02 5.110767e+02 97 -7.028175e-01 1.443290e-15 -7.003998e-01 0.000000e+00 1.000000e+00
1.000000e+00 5.110000e+02 -2.842171e-14 5.109779e+02 -2.842171e-14 5.110000e+02 5.109779e+02 98 1.516932e-01 6.661338e-16 1.540880e-01 0.000000e+00 1.000000e+00
1.000000e+00 5.110000e+02 2.842171e-14 5.110565e+02 2.842171e-14 5.110000e+02 5.110565e+02 99 4.048962e-01 2.331468e-15 4.062319e-01 0.000000e+00 1.000000e+00
1.000000e+00 5.110000e+02 1.421085e-14 5.108564e+02 -5.684342e-14 5.110000e+02 5.108564e+02 100 -9.110939e-01 4.718448e-16 -9.105197e-01 0.000000e+00 1.000000e+00
1.000000e+00 5.110000e+02 9.947598e-14 5.110063e+02 1.421085e-14 5.110000e+02 5.110063e+02 101 1.317056e+00 2.803313e-15 1.316752e+00 0.000000e+00 1.000000e+00
1.000000e+00 5.110000e+02 5.684342e-14 5.109649e+02 4.263256e-14 5.110000e+02 5.109649e+02 102 -1.583818e+00 1.554312e-15 -1.582904e+00 0.000000e+00 1.000000e+00
1.000000e+00 5.110000e+02 1.136868e-13 5.109999e+02 0.000000e+00 5.110000e+02 5.109999e+02 103 1.687001e+00 3.108624e-15 1.680960e+00 0.000000e+00 1.000000e+00
1.000000e+00 5.110000e+02 8.526513e-14 5.109076e+02 -1.421085e-14 5.110000e+02 5.109076e+02 104 -1.618997e+00 1.221245e-15 -1.624928e+00 0.000000e+00 1.000000e+00
1.000000e+00 5.110000e+02 2.842171e-14 5.109016e+02 -5.684342e-14 5.110000e+02 5.109016e+02 105 1.389448e+00 2.886580e-15 1.386792e+00 0.000000e+00 1.000000e+00
1.000000e+00 5.110000e+02 7.105427e-14 5.110846e+02 -5.684342e-14 5.110000e+02 5.110846e+02 106 -1.024006e+00 8.881784e-16 -1.022584e+00 0.000000e+00 1.000000e+00
1.000000e+00 5.110000e+02 9.947598e-14 5.110820e+02 0.000000e+00 5.110000e+02 5.110820e+02 107 5.615041e-01 7.771561e-16 5.603198e-01 0.000000e+00 1.000000e+00
1.000000e+00 5.110000e+02 1.705303e-13 5.108084e+02 4.263256e-14 5.110000e+02 5.108084e+02 108 -4.987366e-02 2.831069e-15 -5.603198e-02 0.000000e+00 1.000000e+00
1.000000e+00 5.110000e+02 8.526513e-14 5.109157e+02 -1.421085e-14 5.110000e+02 5.109157e+02 109 -4.587926e-01 1.221245e-15 -4.622639e-01 0.000000e+00 1.000000e+00
1.000000e+00 5.110000e+02 1.705303e-13 5.109888e+02 7.105427e-14 5.110000e+02 5.109888e+02 110 9.135092e-01 2.359224e-15 9.105197e-01 0.000000e+00 1.000000e+00
1.000000e+00 5.110000e+02 8.526513e-14 5.110018e+02 1.421085e-14 5.110000e+02 5.110018e+02 111 -1.269477e+00 1.720846e-15 -1.274728e+00 0.000000e+00 1.000000e+00
1.000000e+00 5.110000e+02 2.842171e-14 5.107757e+02 0.000000e+00 5.110000e+02 5.107757e+02 112 1.492467e+00 1.110223e-15 1.498856e+00 0.000000e+00 1.000000e+00
1.000000e+00 5.110000e+02 2.842171e-14 5.109452e+02 5.684342e-14 5.110000e+02 5.109452e+02 113 -1.562084e+00 2.220446e-16 -1.568896e+00 0.000000e+00 1.000000e+00
1.000000e+00 5.110000e+02 1.278977e-13 5.109527e+02 -2.842171e-14 5.110000e+02 5.109527e+02 114 1.473601e+00 3.330669e-15 1.470840e+00 0.000000e+00 1.000000e+00
1.000000e+00 5.110000e+02 5.684342e-14 5.110755e+02 -8.526513e-14 5.110000e+02 5.110755e+02 115 -1.238203e+00 2.886580e-15 -1.232704e+00 0.000000e+00 1.000000e+00
1.000000e+00 5.110000e+02 7.105427e-14 5.110002e+02 -1.421085e-14 5.110000e+02 5.110002e+02 116 8.816352e-01 3.330669e-15 8.825037e-01 0.000000e+00 1.000000e+00
1.000000e+00 5.110000e+02 8.526513e-14 5.109545e+02 4.263256e-14 5.110000e+02 5.109545e+02 117 -4.414205e-01 9.992007e-16 -4.482559e-01 0.000000e+00 1.000000e+00
1.000000e+00 5.110000e+02 5.684342e-14 5.110009e+02 -1.421085e-14 5.110000e+02 5.110009e+02 118 -3.706121e-02 3.497203e-15 -4.202399e-02 0.000000e+00 1.000000e+00
1.000000e+00 5.110000e+02 1.421085e-13 5.111781e+02 8.526513e-14 5.110000e+02 5.111781e+02 119 5.052255e-01 2.248202e-15 5.042879e-01 0.000000e+00 1.000000e+00
1.000000e+00 5.110000e+02 7.105427e-14 5.110725e+02 1.421085e-14 5.110000e+02 5.110725e+02 120 -9.161904e-01 1.998401e-15 -9.105197e-01 0.000000e+00 1.000000e+00
1.000000e+00 5.110000e+02 -1.421085e-14 5.109440e+02 0.000000e+00 5.110000e+02 5.109440e+02 121 1.229447e+00 1.665335e-15 1.232704e+00 0.000000e+00 1.000000e+00
1.000000e+00 5.110000e+02 -1.421085e-14 5.110308e+02 2.842171e-14 5.110000e+02 5.110308e+02 122 -1.414830e+00 1.998401e-15 -1.414808e+00 0.000000e+00 1.000000e+00
1.000000e+00 5.110000e+02 5.684342e-14 5.108128e+02 -1.421085e-14 5.110000e+02 5.108128e+02 123 1.455399e+00 3.108624e-15 1.456832e+00 0.000000e+00 1.000000e+00
1.000000e+00 5.110000e+02 1.421085e-14 5.110142e+02 -1.421085e-14 5.110000e+02 5.110142e+02 124 -1.348966e+00 1.776357e-15 -1.344768e+00 0.000000e+00 1.000000e+00
1.000000e+00 5.110000e+02 5.684342e-14 5.109964e+02 0.000000e+00 5.110000e+02 5.109964e+02 125 1.108119e+00 2.664535e-15 1.106632e+00 0.000000e+00 1.000000e+00
1.000000e+00 5.110000e+02 -1.421085e-14 5.111483e+02 0.000000e+00 5.110000e+02 5.111483e+02 126 -7.587729e-01 1.110223e-15 -7.564318e-01 0.000000e+00 1.000000e+00
1.000000e+00 5.110000e+02 1.421085e-14 5.109433e+02 -5.684342e-14 5.110000e+02 5.109433e+02 127 3.374047e-01 1.443290e-15 3.361919e-01 0.000000e+00 1.000000e+00
1.000000e+00 5.110000e+02 1.421085e-14 5.110104e+02 -1.421085e-14 5.110000e+02 5.110104e+02 128 1.127349e-01 2.123302e-15 1.120640e-01 0.000000e+00 1.000000e+00
1.000000e+00 5.110000e+02 -1.136868e-13 5.110765e+02 -4.263256e-14 5.110000e+02 5.110765e+02 129 -5.460397e-01 2.331468e-15 -5.463118e-01 0.000000e+00 1.000000e+00
1.000000e+00 5.110000e+02 2.842171e-14 5.109830e+02 -7.105427e-14 5.110000e+02 5.109830e+02 130 9.191486e-01 8.881784e-16 9.245277e-01 0.000000e+00 1.000000e+00
1.000000e+00 5.110000e+02 1.421085e-14 5.110294e+02 -7.105427e-14 5.110000e+02 5.110294e+02 131 -1.195265e+00 1.110223e-15 -1.190680e+00 0.000000e+00 1.000000e+00
1.000000e+00 5.110000e+02 0.000000e+00 5.110190e+02 -5.684342e-14 5.110000e+02 5.110190e+02 132 1.347770e+00 1.554312e-15 1.344768e+00 0.000000e+00 1.000000e+00
1.000000e+00 5.110000e+02 2.842171e-14 5.110638e+02 1.421085e-14 5.110000e+02 5.110638e+02 133 -1.362768e+00 2.220446e-16 -1.358776e+00 0.000000e+00 1.000000e+00
1.000000e+00 5.110000e+02 7.105427e-14 5.108885e+02 -5.684342e-14 5.110000e+02 5.108885e+02 134 1.240338e+00 4.440892e-16 1.246712e+00 0.000000e+00 1.000000e+00
1.000000e+00 5.110000e+02 7.105427e-14 5.107872e+02 0.000000e+00 5.110000e+02 5.107872e+02 135 -9.943582e-01 2.220446e-16 -9.945677e-01 0.000000e+00 1.000000e+00
1.000000e+00 5.110000e+02 3.945571e-14 5.109237e+02 -6.670359e-14 5.110000e+02 5.109237e+02 136 6.509645e-01 5.551115e-16 6.443678e-01 0.000000e+00 1.000000e+00
1.000000e+00 5.110000e+02 7.089413e-14 5.110452e+02 -3.912322e-14 5.110000e+02 5.110452e+02 137 -2.457857e-01 5.967449e-16 -2.521439e-01 0.000000e+00 1.000000e+00
1.000000e+00 5.110000e+02 1.094725e-13 5.109364e+02 -1.450923e-14 5.110000e+02 5.109364e+02 138 -1.797341e-01 -4.440892e-16 -1.821039e-01 -0.000000e+00 1.000000e+00
1.000000e+00 5.110000e+02 1.283777e-13 5.110342e+02 5.497339e-14 5.110000e+02 5.110342e+02 139 5.825588e-01 2.220446e-15 5.883358e-01 0.000000e+00 1.000000e+00
1.000000e+00 5.110000e+02 7.743655e-14 5.110430e+02 1.229572e-14 5.110000e+02 5.110430e+02 140 -9.223961e-01 -2.220446e-15 -9.245277e-01 -0.000000e+00 1.000000e+00
1.000000e+00 5.110000e+02 1.664065e-14 5.111459e+02 -3.209238e-14 5.110000e+02 5.111459e+02 141 1.165713e+00 0.000000e+00 1.162664e+00 0.000000e+00 1.000000e+00
1.000000e+00 5.110000e+02 6.339711e-14 5.110331e+02 6.676951e-15 5.110000e+02 5.110331e+02 142 -1.289029e+00 8.881784e-16 -1.288736e+00 0.000000e+00 1.000000e+00
1.000000e+00 5.110000e+02 8.773171e-14 5.108777e+02 -3.339169e-14 5.110000e+02 5.108777e+02 143 1.281172e+00 -2.664535e-15 1.274728e+00 -0.000000e+00 1.000000e+00
1.000000e+00 5.110000e+02 1.535381e-14 5.109475e+02 1.015941e-14 5.110000e+02 5.109475e+02 144 -1.144269e+00 -5.329071e-15 -1.148656e+00 -0.000000e+00 1.000000e+00
1.000000e+00 5.110000e+02 6.613975e-14 5.109064e+02 -1.602191e-14 5.110000e+02 5.109064e+02 145 8.934011e-01 -1.776357e-15 8.965117e-01 -0.000000e+00 1.000000e+00
1.000000e+00 5.110000e+02 7.406216e-14 5.109159e+02 7.330413e-15 5.110000e+02 5.109159e+02 146 -5.549581e-01 0.000000e+00 -5.603198e-01 0.000000e+00 1.000000e+00
1.000000e+00 5.110000e+02 1.413874e-13 5.110243e+02 -2.786660e-14 5.110000e+02 5.110243e+02 147 1.638748e-01 0.000000e+00 1.680960e-01 0.000000e+00 1.000000e+00
1.000000e+00 5.110000e+02 3.621175e-14 5.108867e+02 7.674417e-15 5.110000e+02 5.108867e+02 148 2.399606e-01 4.440892e-15 2.381359e-01 0.000000e+00 1.000000e+00
1.000000e+00 5.110000e+02 1.141618e-13 5.111277e+02 -4.736489e-14 5.110000e+02 5.111277e+02 149 -6.157611e-01 5.329071e-15 -6.163518e-01 0.000000e+00 1.000000e+00
1.000000e+00 5.110000e+02 5.891085e-14 5.111541e+02 3.379805e-14 5.110000e+02 5.111541e+02 150 9.259471e-01 2.664535e-15 9.245277e-01 0.000000e+00 1.000000e+00
1.000000e+00 5.110000e+02 5.872245e-14 5.109077e+02 -4.196643e-14 5.110000e+02 5.109077e+02 151 -1.139892e+00 -4.440892e-15 -1.134648e+00 -0.000000e+00 1.000000e+00
1.000000e+00 5.110000e+02 5.759024e-14 5.110389e+02 -1.941156e-14 5.110000e+02 5.110389e+02 152 1.236936e+00 4.440892e-16 1.232704e+00 0.000000e+00 1.000000e+00
1.000000e+00 5.110000e+02 1.409466e-14 5.110170e+02 3.216871e-14 5.110000e+02 5.110170e+02 153 -1.208367e+00 -8.881784e-16 -1.204688e+00 -0.000000e+00 1.000000e+00
1.000000e+00 5.110000e+02 1.094110e-13 5.109666e+02 2.570860e-15 5.110000e+02 5.109666e+02 154 1.058192e+00 1.110223e-15 1.064608e+00 0.000000e+00 1.000000e+00
1.000000e+00 5.110000e+02 8.719455e-14 5.111285e+02 7.110632e-15 5.110000e+02 5.111285e+02 155 -8.026183e-01 2.220446e-16 -7.984558e-01 0.000000e+00 1.000000e+00
1.000000e+00 5.110000e+02 1.293144e-13 5.110957e+02 2.956142e-14 5.110000e+02 5.110957e+02 156 4.683170e-01 2.220446e-16 4.622639e-01 0.000000e+00 1.000000e+00
1.000000e+00 5.110000e+02 1.278977e-13 5.110254e+02 -3.552714e-14 5.110000e+02 5.110254e+02 157 -8.965011e-02 6.661338e-16 -8.404798e-02 0.000000e+00 1.000000e+00
1.000000e+00 5.110000e+02 7.815970e-14 5.109038e+02 -2.842171e-14 5.110000e+02 5.109038e+02 158 -2.948499e-01 6.661338e-16 -2.941679e-01 0.000000e+00 1.000000e+00
1.000000e+00 5.110000e+02 7.105427e-14 5.110666e+02 4.973799e-14 5.110000e+02 5.110666e+02 159 6.463896e-01 1.998401e-15 6.443678e-01 0.000000e+00 1.000000e+00
1.000000e+00 5.110000e+02 7.105427e-15 5.111529e+02 -5.684342e-14 5.110000e+02 5.111529e+02 160 -9.298177e-01 -2.220446e-16 -9.245277e-01 -0.000000e+00 1.000000e+00
1.000000e+00 5.110000e+02 1.278977e-13 5.109378e+02 -7.105427e-15 5.110000e+02 5.109378e+02 161 1.117130e+00 -4.440892e-16 1.120640e+00 -0.000000e+00 1.000000e+00
1.000000e+00 5.110000e+02 -2.131628e-14 5.111544e+02 4.973799e-14 5.110000e+02 5.111544e+02 162 -1.190226e+00 -8.881784e-16 -1.190680e+00 -0.000000e+00 1.000000e+00
1.000000e+00 5.110000e+02 7.815970e-14 5.110615e+02 -1.278977e-13 5.110000e+02 5.110615e+02 163 1.142650e+00 6.661338e-16 1.148656e+00 0.000000e+00 1.000000e+00
1.000000e+00 5.110000e+02 2.131628e-14 5.108725e+02 -5.684342e-14 5.110000e+02 5.108725e+02 164 -9.801497e-01 -7.771561e-16 -9.805597e-01 -0.000000e+00 1.000000e+00
1.000000e+00 5.110000e+02 1.350031e-13 5.110560e+02 -7.105427e-14 5.110000e+02 5.110560e+02 165 7.199986e-01 1.387779e-15 7.144078e-01 0.000000e+00 1.000000e+00
1.000000e+00 5.110000e+02 1.136868e-13 5.109979e+02 7.105427e-15 5.110000e+02 5.109979e+02 166 -3.891714e-01 1.110223e-15 -3.922239e-01 0.000000e+00 1.000000e+00
1.000000e+00 5.110000e+02 4.263256e-14 5.108941e+02 -8.526513e-14 5.110000e+02 5.108941e+02 167 2.155539e-02 2.220446e-16 2.801599e-02 0.000000e+00 1.000000e+00
1.000000e+00 5.110000e+02 2.131628e-14 5.110162e+02 -2.131628e-14 5.110000e+02 5.110162e+02 168 3.455115e-01 6.661338e-16 3.501999e-01 0.000000e+00 1.000000e+00
1.000000e+00 5.110000e+02 1.421085e-14 5.110430e+02 -1.065814e-13 5.110000e+02 5.110430e+02 169 -6.750230e-01 2.220446e-16 -6.723838e-01 0.000000e+00 1.000000e+00
1.000000e+00 5.110000e+02 9.947598e-14 5.109053e+02 -7.105427e-15 5.110000e+02 5.109053e+02 170 9.340260e-01 1.443290e-15 9.385357e-01 0.000000e+00 1.000000e+00
1.000000e+00 5.110000e+02 7.105427e-15 5.106655e+02 -2.131628e-14 5.110000e+02 5.106655e+02 171 -1.096908e+00 -9.992007e-16 -1.092624e+00 -0.000000e+00 1.000000e+00
1.000000e+00 5.110000e+02 7.815970e-14 5.109827e+02 3.552714e-14 5.110000e+02 5.109827e+02 172 1.147921e+00 0.000000e+00 1.148656e+00 0.000000e+00 1.000000e+00
1.000000e+00 5.110000e+02 0.000000e+00 5.109881e+02 3.552714e-14 5.110000e+02 5.109881e+02 173 -1.082699e+00 -1.665335e-16 -1.078616e+00 -0.000000e+00 1.000000e+00
1.000000e+00 5.110000e+02 2.842171e-14 5.110301e+02 -3.552714e-14 5.110000e+02 5.110301e+02 174 9.086175e-01 1.249001e-15 9.105197e-01 0.000000e+00 1.000000e+00
1.000000e+00 5.110000e+02 4.263256e-14 5.109670e+02 2.842171e-14 5.110000e+02 5.109670e+02 175 -6.439703e-01 8.326673e-16 -6.443678e-01 0.000000e+00 1.000000e+00
1.000000e+00 5.110000e+02 -4.263256e-14 5.110044e+02 4.263256e-14 5.110000e+02 5.110044e+02 176 3.160553e-01 1.443290e-15 3.221839e-01 0.000000e+00 1.000000e+00
1.000000e+00 5.110000e+02 7.105427e-15 5.109793e+02 4.263256e-14 5.110000e+02 5.109793e+02 177 4.163448e-02 5.551115e-16 4.202399e-02 0.000000e+00 1.000000e+00
1.000000e+00 5.110000e+02 3.552714e-14 5.110076e+02 1.421085e-14 5.110000e+02 5.110076e+02 178 -3.928233e-01 9.992007e-16 -3.922239e-01 0.000000e+00 1.000000e+00
1.000000e+00 5.110000e+02 2.842171e-14 5.109679e+02 2.131628e-14 5.110000e+02 5.109679e+02 179 7.021234e-01 6.661338e-16 7.003998e-01 0.000000e+00 1.000000e+00
1.000000e+00 5.110000e+02 3.552714e-14 5.111281e+02 -5.684342e-14 5.110000e+02 5.111281e+02 180 -9.385926e-01 9.992007e-16 -9.385357e-01 0.000000e+00 1.000000e+00
1.000000e+00 5.110000e+02 -7.815970e-14 5.110070e+02 2.131628e-14 5.110000e+02 5.110070e+02 181 1.078823e+00 2.553513e-15 1.078616e+00 0.000000e+00 1.000000e+00
1.000000e+00 5.110000e+02 -9.237056e-14 5.110651e+02 1.421085e-14 5.110000e+02 5.110651e+02 182 -1.109252e+00 8.049117e-16 -1.106632e+00 0.000000e+00 1.000000e+00
1.000000e+00 5.110000e+02 -1.350031e-13 5.110126e+02 6.394885e-14 5.110000e+02 5.110126e+02 183 1.027467e+00 1.582068e-15 1.022584e+00 0.000000e+00 1.000000e+00
1.000000e+00 5.110000e+02 -3.552714e-14 5.109099e+02 -4.973799e-14 5.110000e+02 5.109099e+02 184 -8.423832e-01 1.609823e-15 -8.404798e-01 0.000000e+00 1.000000e+00
1.000000e+00 5.110000e+02 -1.207923e-13 5.108584e+02 -4.263256e-14 5.110000e+02 5.108584e+02 185 5.732796e-01 1.443290e-15 5.743278e-01 0.000000e+00 1.000000e+00
1.000000e+00 5.110000e+02 -1.421085e-14 5.110065e+02 3.552714e-14 5.110000e+02 5.110065e+02 186 -2.477945e-01 2.220446e-16 -2.521439e-01 0.000000e+00 1.000000e+00
1.000000e+00 5.110000e+02 -1.136868e-13 5.110371e+02 -1.421085e-14 5.110000e+02 5.110371e+02 187 -1.009047e-01 1.554312e-15 -9.805597e-02 0.000000e+00 1.000000e+00
1.000000e+00 5.110000e+02 -4.263256e-14 5.110835e+02 2.842171e-14 5.110000e+02 5.110835e+02 188 4.374952e-01 1.665335e-15 4.342479e-01 0.000000e+00 1.000000e+00
1.000000e+00 5.110000e+02 4.973799e-14 5.109374e+02 1.421085e-14 5.110000e+02 5.109374e+02 189 -7.280686e-01 1.665335e-15 -7.284158e-01 0.000000e+00 1.000000e+00
1.000000e+00 5.110000e+02 7.105427e-15 5.109837e+02 3.552714e-14 5.110000e+02 5.109837e+02 190 9.435410e-01 2.220446e-16 9.385357e-01 0.000000e+00 1.000000e+00
1.000000e+00 5.110000e+02 6.394885e-14 5.110225e+02 -3.552714e-14 5.110000e+02 5.110225e+02 191 -1.062557e+00 2.109424e-15 -1.064608e+00 0.000000e+00 1.000000e+00
1.000000e+00 5.110000e+02 2.842171e-14 5.111202e+02 0.000000e+00 5.110000e+02 5.111202e+02 192 1.073601e+00 2.081668e-16 1.078616e+00 0.000000e+00 1.000000e+00
1.000000e+00 5.110000e+02 -4.973799e-14 5.108468e+02 -5.684342e-14 5.110000e+02 5.108468e+02 193 -9.761081e-01 2.775558e-16 -9.805597e-01 0.000000e+00 1.000000e+00
1.000000e+00 5.110000e+02 -1.421085e-14 5.110874e+02 -2.842171e-14 5.110000e+02 5.110874e+02 194 7.804644e-01 1.554312e-15 7.844478e-01 0.000000e+00 1.000000e+00
1.000000e+00 5.110000e+02 1.207923e-13 5.110853e+02 -2.842171e-14 5.110000e+02 5.110853e+02 195 -5.069057e-01 1.110223e-15 -5.042879e-01 0.000000e+00 1.000000e+00
1.000000e+00 5.110000e+02 5.684342e-14 5.108893e+02 1.421085e-14 5.110000e+02 5.108893e+02 196 1.834293e-01 2.220446e-15 1.821039e-01 0.000000e+00 1.000000e+00
1.000000e+00 5.110000e+02 0.000000e+00 5.110166e+02 1.421085e-14 5.110000e+02 5.110166e+02 197 1.570647e-01 1.332268e-15 1.540880e-01 0.000000e+00 1.000000e+00
1.000000e+00 5.110000e+02 -2.842171e-14 5.109058e+02 -5.684342e-14 5.110000e+02 5.109058e+02 198 -4.801143e-01 1.665335e-15 -4.762719e-01 0.000000e+00 1.000000e+00
1.000000e+00 5.110000e+02 -7.105427e-15 5.110241e+02 1.421085e-14 5.110000e+02 5.110241e+02 199 7.531759e-01 4.996004e-16 7.564318e-01 0.000000e+00 1.000000e+00
1.000000e+00 5.110000e+02 -1.278977e-13 5.109819e+02 -5.684342e-14 5.110000e+02 5.109819e+02 200 -9.488976e-01 8.326673e-16 -9.525437e-01 0.000000e+00 1.000000e+00
1.000000e+00 5.110000e+02 7.105427e-15 5.110404e+02 -7.105427e-14 5.110000e+02 5.110404e+02 201 1.047853e+00 1.720846e-15 1.050600e+00 0.000000e+00 1.000000e+00
1.000000e+00 5.110000e+02 7.105427e-14 5.109372e+02 3.552714e-14 5.110000e+02 5.109372e+02 202 -1.040464e+00 2.220446e-16 -1.036592e+00 0.000000e+00 1.000000e+00
1.000000e+00 5.110000e+02 -3.552714e-14 5.110064e+02 2.131628e-14 5.110000e+02 5.110064e+02 203 9.279290e-01 -4.440892e-16 9.245277e-01 -0.000000e+00 1.000000e+00
1.000000e+00 5.110000e+02 -4.263256e-14 5.109368e+02 -2.842171e-14 5.110000e+02 5.109368e+02 204 -7.220492e-01 3.330669e-16 -7.284158e-01 0.000000e+00 1.000000e+00
1.000000e+00 5.110000e+02 -1.421085e-13 5.112362e+02 -1.421085e-13 5.110000e+02 5.112362e+02 205 4.440007e-01 1.776357e-15 4.482559e-01 0.000000e+00 1.000000e+00
1.000000e+00 5.110000e+02 -7.815970e-14 5.110074e+02 7.105427e-15 5.110000e+02 5.110074e+02 206 -1.221584e-01 0.000000e+00 -1.260720e-01 0.000000e+00 1.000000e+00
1.000000e+00 5.110000e+02 -1.278977e-13 5.110567e+02 1.421085e-14 5.110000e+02 5.110567e+02 207 -2.107942e-01 6.661338e-16 -2.101199e-01 0.000000e+00 1.000000e+00
1.000000e+00 5.110000e+02 -7.815970e-14 5.109197e+02 1.421085e-14 5.110000e+02 5.109197e+02 208 5.211778e-01 2.220446e-16 5.182958e-01 0.000000e+00 1.000000e+00
1.000000e+00 5.110000e+02 -9.252198e-14 5.109541e+02 -3.858025e-15 5.110000e+02 5.109541e+02 209 -7.777183e-01 1.665335e-15 -7.844478e-01 0.000000e+00 1.000000e+00
1.000000e+00 5.110000e+02 -2.422344e-14 5.109856e+02 8.820028e-14 5.110000e+02 5.109856e+02 210 9.546927e-01 1.068590e-15 9.525437e-01 0.000000e+00 1.000000e+00
1.000000e+00 5.110000e+02 -3.954441e-14 5.111110e+02 -7.695233e-15 5.110000e+02 5.111110e+02 211 -1.034503e+00 1.554312e-15 -1.036592e+00 0.000000e+00 1.000000e+00
1.000000e+00 5.110000e+02 -2.562642e-14 5.109942e+02 4.117149e-15 5.110000e+02 5.109942e+02 212 1.009425e+00 8.881784e-16 1.008576e+00 0.000000e+00 1.000000e+00
1.000000e+00 5.110000e+02 -1.173663e-13 5.110740e+02 -4.645589e-14 5.110000e+02 5.110740e+02 213 -8.823475e-01 2.220446e-15 -8.825037e-01 0.000000e+00 1.000000e+00
1.000000e+00 5.110000e+02 -1.149576e-13 5.109658e+02 -4.387116e-15 5.110000e+02 5.109658e+02 214 6.664526e-01 2.220446e-15 6.723838e-01 0.000000e+00 1.000000e+00
1.000000e+00 5.110000e+02 -2.729999e-14 5.109898e+02 1.935258e-14 5.110000e+02 5.109898e+02 215 -3.838456e-01 8.881784e-16 -3.782159e-01 0.000000e+00 1.000000e+00
1.000000e+00 5.110000e+02 -7.289424e-14 5.109998e+02 2.151057e-14 5.110000e+02 5.109998e+02 216 6.329786e-02 -8.881784e-16 7.003998e-02 -0.000000e+00 1.000000e+00
1.000000e+00 5.110000e+02 -4.200537e-14 5.109633e+02 1.511118e-14 5.110000e+02 5.109633e+02 217 2.626772e-01 4.440892e-16 2.661519e-01 0.000000e+00 1.000000e+00
1.000000e+00 5.110000e+02 -7.233863e-14 5.110704e+02 -3.190156e-15 5.110000e+02 5.110704e+02 218 -5.611171e-01 1.332268e-15 -5.603198e-01 0.000000e+00 1.000000e+00
1.000000e+00 5.110000e+02 2.214131e-14 5.111198e+02 -9.422806e-16 5.110000e+02 5.111198e+02 219 8.019377e-01 0.000000e+00 7.984558e-01 0.000000e+00 1.000000e+00
1.000000e+00 5.110000e+02 -8.138200e-14 5.110784e+02 6.230259e-15 5.110000e+02 5.110784e+02 220 -9.609611e-01 2.220446e-15 -9.665517e-01 0.000000e+00 1.000000e+00
1.000000e+00 5.110000e+02 -7.921636e-14 5.109330e+02 -2.300243e-14 5.110000e+02 5.109330e+02 221 1.022339e+00 4.440892e-15 1.022584e+00 0.000000e+00 1.000000e+00
1.000000e+00 5.110000e+02 -1.662961e-14 5.110505e+02 -3.096828e-14 5.110000e+02 5.110505e+02 222 -9.801282e-01 -3.552714e-15 -9.805597e-01 -0.000000e+00 1.000000e+00
1.000000e+00 5.110000e+02 -1.081044e-13 5.108580e+02 3.046782e-14 5.110000e+02 5.108580e+02 223 8.388666e-01 2.220446e-15 8.404798e-01 0.000000e+00 1.000000e+00
1.000000e+00 5.110000e+02 -3.593628e-14 5.111245e+02 -1.049161e-14 5.110000e+02 5.111245e+02 224 -6.130848e-01 -1.110223e-15 -6.163518e-01 -0.000000e+00 1.000000e+00
1.000000e+00 5.110000e+02 1.058268e-13 5.108290e+02 1.286991e-13 5.110000e+02 5.108290e+02 225 3.258162e-01 0.000000e+00 3.221839e-01 0.000000e+00 1.000000e+00
1.000000e+00 5.110000e+02 -2.741438e-14 5.110612e+02 4.783673e-14 5.110000e+02 5.110612e+02 226 -6.250408e-03 -1.110223e-15 -0.000000e+00 -0.000000e+00 1.000000e+00
1.000000e+00 5.110000e+02 8.112857e-14 5.111036e+02 -2.402245e-14 5.110000e+02 5.111036e+02 227 -3.132281e-01 -1.276756e-15 -3.081759e-01 -0.000000e+00 1.000000e+00
1.000000e+00 5.110000e+02 -4.315602e-14 5.110481e+02 4.036702e-14 5.110000e+02 5.110481e+02 228 6.003165e-01 -2.636780e-16 6.023438e-01 -0.000000e+00 1.000000e+00
1.000000e+00 5.110000e+02 -3.764651e-15 5.110982e+02 -8.069934e-14 5.110000e+02 5.110982e+02 229 -8.260547e-01 -1.609823e-15 -8.264718e-01 -0.000000e+00 1.000000e+00
0.000000e+00 -2.557954e-13 -5.900835e-14 1.342373e-01 7.494005e-15 2.625134e-13 1.342373e-01 230 9.677423e-01 -6.661338e-16 9.665517e-01 -0.000000e+00 0.000000e+00
0.000000e+00 -2.842171e-14 -3.907985e-14 9.654137e-04 9.769963e-15 4.832213e-14 9.654137e-04 231 -1.011218e+00 3.330669e-16 -1.008576e+00 0.000000e+00 0.000000e+00
0.000000e+00 3.552714e-13 -5.151435e-14 9.730135e-02 7.105427e-14 3.589867e-13 9.730135e-02 232 9.522717e-01 1.110223e-15 9.525437e-01 0.000000e+00 0.000000e+00
0.000000e+00 5.115908e-13 -1.953993e-13 3.529391e-02 -3.463896e-14 5.476367e-13 3.529391e-02 233 -7.970521e-01 9.436896e-16 -7.984558e-01 0.000000e+00 0.000000e+00
0.000000e+00 -1.421085e-14 -6.483702e-14 8.870636e-02 2.042810e-14 6.637611e-14 8.870636e-02 234 5.614257e-01 -6.661338e-16 5.603198e-01 -0.000000e+00 0.000000e+00
0.000000e+00 1.563194e-13 -1.509903e-14 3.104223e-02 1.376677e-13 1.570469e-13 3.104223e-02 235 -2.693584e-01 -1.720846e-15 -2.661519e-01 -0.000000e+00 0.000000e+00
0.000000e+00 8.526513e-14 1.545430e-13 -4.817062e-03 2.629008e-13 1.765041e-13 4.817062e-03 236 -4.951905e-02 -1.082467e-15 -5.603198e-02 -0.000000e+00 0.000000e+00
0.000000e+00 -1.563194e-13 6.572520e-14 -3.409326e-02 8.881784e-14 1.695746e-13 3.409326e-02 237 3.629119e-01 -3.122502e-17 3.642079e-01 -0.000000e+00 0.000000e+00
0.000000e+00 0.000000e+00 -7.283063e-14 -8.196697e-02 5.151435e-14 7.283063e-14 8.196697e-02 238 -6.391278e-01 -2.081668e-16 -6.443678e-01 -0.000000e+00 0.000000e+00
0.000000e+00 5.684342e-14 1.243450e-13 -4.655696e-02 1.580958e-13 1.367218e-13 4.655696e-02 239 8.502765e-01 1.942890e-15 8.544877e-01 0.000000e+00 0.000000e+00
0.000000e+00 8.526513e-14 -2.593481e-13 3.641534e-02 -8.704149e-14 2.730047e-13 3.641534e-02 240 -9.750821e-01 -1.387779e-16 -9.805597e-01 -0.000000e+00 0.000000e+00
0.000000e+00 -1.989520e-13 3.730349e-14 5.393875e-02 1.509903e-13 2.024190e-13 5.393875e-02 241 1.001023e+00 2.220446e-16 9.945677e-01 0.000000e+00 0.000000e+00
0.000000e+00 9.947598e-14 -5.151435e-14 6.297559e-02 8.526513e-14 1.120232e-13 6.297559e-02 242 -9.255884e-01 -1.665335e-16 -9.245277e-01 -0.000000e+00 0.000000e+00
0.000000e+00 -2.842171e-14 -3.375078e-14 -3.417638e-02 5.329071e-14 4.412379e-14 3.417638e-02 243 7.565165e-01 5.551115e-16 7.564318e-01 0.000000e+00 0.000000e+00
0.000000e+00 1.421085e-13 -2.131628e-14 6.760418e-02 4.796163e-14 1.436984e-13 6.760418e-02 244 -5.110058e-01 -6.106227e-16 -5.042879e-01 -0.000000e+00 0.000000e+00
0.000000e+00 -5.684342e-14 3.375078e-14 -1.121827e-01 7.460699e-14 6.610816e-14 1.121827e-01 245 2.139666e-01 -2.775558e-16 2.101199e-01 -0.000000e+00 0.000000e+00
0.000000e+00 4.263256e-14 1.261213e-13 9.879444e-02 2.149392e-13 1.331320e-13 9.879444e-02 246 1.045028e-01 -3.191891e-16 9.805597e-02 -0.000000e+00 0.000000e+00
0.000000e+00 7.105427e-14 -1.509903e-13 1.485999e-01 -1.865175e-14 1.668736e-13 1.485999e-01 247 -4.121610e-01 -8.465451e-16 -4.062319e-01 -0.000000e+00 0.000000e+00
0.000000e+00 0.000000e+00 8.260059e-14 6.647121e-02 2.033929e-13 8.260059e-14 6.647121e-02 248 6.778830e-01 9.159340e-16 6.723838e-01 0.000000e+00 0.000000e+00
0.000000e+00 8.526513e-14 1.953993e-14 -1.550008e-01 1.811884e-13 8.747543e-14 1.550008e-01 249 -8.748043e-01 -5.551115e-17 -8.684957e-01 -0.000000e+00 0.000000e+00
0.000000e+00 1.136868e-13 1.616485e-13 7.913757e-02 1.998401e-13 1.976232e-13 7.913757e-02 250 9.830330e-01 1.221245e-15 9.805597e-01 0.000000e+00 0.000000e+00
0.000000e+00 -9.947598e-14 -1.421085e-13 -3.385486e-02 -3.108624e-14 1.734656e-13 3.385486e-02 251 -9.916563e-01 6.661338e-16 -9.945677e-01 0.000000e+00 0.000000e+00
0.000000e+00 9.947598e-14 5.195844e-14 -5.127042e-02 1.239009e-13 1.122281e-13 5.127042e-02 252 8.998392e-01 -3.053113e-16 8.965117e-01 -0.000000e+00 0.000000e+00
0.000000e+00 4.973799e-13 7.105427e-15 -5.572789e-02 1.274536e-13 4.974307e-13 5.572789e-02 253 -7.169048e-01 -2.775558e-16 -7.144078e-01 -0.000000e+00 0.000000e+00
0.000000e+00 4.263256e-14 -1.421085e-14 7.995783e-02 8.104628e-14 4.493867e-14 7.995783e-02 254 4.613895e-01 5.551115e-16 4.622639e-01 0.000000e+00 0.000000e+00
0.000000e+00 -5.684342e-14 4.252154e-14 -2.410025e-03 1.157963e-13 7.098772e-14 2.410025e-03 255 -1.591671e-01 1.960238e-16 -1.540880e-01 0.000000e+00 0.000000e+00
0.000000e+00 2.842171e-14 -4.202194e-14 -2.410025e-03 7.766010e-14 5.073103e-14 2.410025e-03 256 -1.591671e-01 6.852158e-17 -1.540880e-01 0.000000e+00 0.000000e+00
0.000000e+00 -1.421085e-13 5.018208e-14 7.995783e-02 8.437695e-14 1.507086e-13 7.995783e-02 257 4.613895e-01 8.812395e-16 4.622639e-01 0.000000e+00 0.000000e+00
0.000000e+00 1.563194e-13 -1.687539e-14 -5.572789e-02 5.551115e-14 1.572277e-13 5.572789e-02 258 -7.169048e-01 1.665335e-16 -7.144078e-01 0.000000e+00 0.000000e+00
0.000000e+00 4.263256e-14 -2.930989e-14 -5.127042e-02 4.218847e-14 5.173592e-14 5.127042e-02 259 8.998392e-01 1.082467e-15 8.965117e-01 0.000000e+00 0.000000e+00
0.000000e+00 1.421085e-14 -1.083578e-13 -3.385486e-02 4.440892e-14 1.092857e-13 3.385486e-02 260 -9.916563e-01 2.775558e-17 -9.945677e-01 0.000000e+00 0.000000e+00
0.000000e+00 3.410605e-13 -1.474376e-13 7.913757e-02 -6.217249e-15 3.715644e-13 7.913757e-02 261 9.830330e-01 7.494005e-16 9.805597e-01 0.000000e+00 0.000000e+00
0.000000e+00 -8.526513e-14 -1.172396e-13 -1.550008e-01 1.154632e-14 1.449664e-13 1.550008e-01 262 -8.748043e-01 4.996004e-16 -8.684957e-01 0.000000e+00 0.000000e+00
0.000000e+00 -1.421085e-14 -1.287859e-13 6.647121e-02 3.641532e-14 1.295675e-13 6.647121e-02 263 6.778830e-01 3.885781e-16 6.723838e-01 0.000000e+00 0.000000e+00
0.000000e+00 1.136868e-13 3.108624e-14 1.485999e-01 1.403322e-13 1.178603e-13 1.485999e-01 264 -4.121610e-01 8.465451e-16 -4.062319e-01 0.000000e+00 0.000000e+00
0.000000e+00 0.000000e+00 -9.592327e-14 9.879444e-02 3.730349e-14 9.592327e-14 9.879444e-02 265 1.045028e-01 3.330669e-16 9.805597e-02 0.000000e+00 0.000000e+00
0.000000e+00 0.000000e+00 -5.861978e-14 -1.121827e-01 4.263256e-14 5.861978e-14 1.121827e-01 266 2.139666e-01 1.249001e-15 2.101199e-01 0.000000e+00 0.000000e+00
0.000000e+00 3.126388e-13 -8.881784e-14 6.760418e-02 1.740830e-13 3.250102e-13 6.760418e-02 267 -5.110058e-01 4.440892e-16 -5.042879e-01 0.000000e+00 0.000000e+00
0.000000e+00 2.557954e-13 -1.403322e-13 -3.417638e-02 4.973799e-14 2.917609e-13 3.417638e-02 268 7.565165e-01 7.771561e-16 7.564318e-01 0.000000e+00 0.000000e+00
0.000000e+00 3.268497e-13 -9.414691e-14 6.297559e-02 4.973799e-14 3.401387e-13 6.297559e-02 269 -9.255884e-01 2.775558e-16 -9.245277e-01 0.000000e+00 0.000000e+00
0.000000e+00 -2.842171e-14 -5.151435e-14 5.393875e-02 1.083578e-13 5.883470e-14 5.393875e-02 270 1.001023e+00 9.992007e-16 9.945677e-01 0.000000e+00 0.000000e+00
0.000000e+00 -1.136868e-13 -1.136868e-13 3.641534e-02 4.618528e-14 1.607775e-13 3.641534e-02 271 -9.750821e-01 5.828671e-16 -9.805597e-01 0.000000e+00 0.000000e+00
0.000000e+00 2.842171e-14 -1.296740e-13 -4.655696e-02 6.394885e-14 1.327522e-13 4.655696e-02 272 8.502765e-01 3.885781e-16 8.544877e-01 0.000000e+00 0.000000e+00
0.000000e+00 1.705303e-13 -1.065814e-14 -8.196697e-02 2.131628e-14 1.708630e-13 8.196697e-02 273 -6.391278e-01 1.471046e-15 -6.443678e-01 0.000000e+00 0.000000e+00
0.000000e+00 -8.526513e-14 -1.758593e-13 -3.409326e-02 6.039613e-14 1.954396e-13 3.409326e-02 274 3.629119e-01 8.777701e-16 3.642079e-01 0.000000e+00 0.000000e+00
0.000000e+00 3.694822e-13 -1.048051e-13 -4.817062e-03 -1.776357e-15 3.840589e-13 4.817062e-03 275 -4.951905e-02 6.106227e-16 -5.603198e-02 0.000000e+00 0.000000e+00
0.000000e+00 2.557954e-13 -7.460699e-14 3.104223e-02 4.174439e-14 2.664535e-13 3.104223e-02 276 -2.693584e-01 1.110223e-16 -2.661519e-01 0.000000e+00 0.000000e+00
0.000000e+00 -1.563194e-13 -8.171241e-14 8.870636e-02 1.250111e-13 1.763879e-13 8.870636e-02 277 5.614257e-01 1.942890e-15 5.603198e-01 0.000000e+00 0.000000e+00
0.000000e+00 4.689582e-13 -6.572520e-14 3.529391e-02 1.527667e-13 4.735416e-13 3.529391e-02 278 -7.970521e-01 5.551115e-16 -7.984558e-01 0.000000e+00 0.000000e+00
0.000000e+00 -1.136868e-13 -5.684342e-14 9.730135e-02 1.065814e-13 1.271057e-13 9.730135e-02 279 9.522717e-01 1.221245e-15 9.525437e-01 0.000000e+00 0.000000e+00
0.000000e+00 5.684342e-14 4.440892e-15 9.654137e-04 8.437695e-14 5.701663e-14 9.654137e-04 280 -1.011218e+00 1.110223e-16 -1.008576e+00 0.000000e+00 0.000000e+00
0.000000e+00 -1.421085e-13 -2.928213e-14 1.342373e-01 9.936496e-14 1.450940e-13 1.342373e-01 281 9.677423e-01 1.110223e-15 9.665517e-01 0.000000e+00 0.000000e+00
1.000000e+00 5.110000e+02 -4.303134e-14 5.110982e+02 2.364255e-14 5.110000e+02 5.110982e+02 282 -8.260547e-01 1.054712e-15 -8.264718e-01 0.000000e+00 1.000000e+00
1.000000e+00 5.110000e+02 -7.186697e-14 5.110481e+02 -1.156020e-14 5.110000e+02 5.110481e+02 283 6.003165e-01 1.124101e-15 6.023438e-01 0.000000e+00 1.000000e+00
1.000000e+00 5.110000e+02 -8.813293e-14 5.111036e+02 -7.209511e-15 5.110000e+02 5.111036e+02 284 -3.132281e-01 2.164935e-15 -3.081759e-01 0.000000e+00 1.000000e+00
1.000000e+00 5.110000e+02 -1.332019e-13 5.110612e+02 -5.635770e-14 5.110000e+02 5.110612e+02 285 -6.250408e-03 3.330669e-16 -0.000000e+00 0.000000e+00 1.000000e+00
1.000000e+00 5.110000e+02 -1.258627e-15 5.108290e+02 -6.430273e-14 5.110000e+02 5.108290e+02 286 3.258162e-01 1.554312e-15 3.221839e-01 0.000000e+00 1.000000e+00
1.000000e+00 5.110000e+02 -9.634727e-14 5.111245e+02 -1.481454e-14 5.110000e+02 5.111245e+02 287 -6.130848e-01 -1.110223e-15 -6.163518e-01 -0.000000e+00 1.000000e+00
1.000000e+00 5.110000e+02 -5.500456e-14 5.108580e+02 -2.569125e-14 5.110000e+02 5.108580e+02 288 8.388666e-01 1.776357e-15 8.404798e-01 0.000000e+00 1.000000e+00
1.000000e+00 5.110000e+02 -1.486595e-13 5.110505e+02 -6.455947e-14 5.110000e+02 5.110505e+02 289 -9.801282e-01 -8.881784e-16 -9.805597e-01 -0.000000e+00 1.000000e+00
1.000000e+00 5.110000e+02 -1.079974e-13 5.109330e+02 -3.654715e-14 5.110000e+02 5.109330e+02 290 1.022339e+00 1.776357e-15 1.022584e+00 0.000000e+00 1.000000e+00
1.000000e+00 5.110000e+02 -2.438298e-14 5.110784e+02 -7.697835e-15 5.110000e+02 5.110784e+02 291 -9.609611e-01 -2.664535e-15 -9.665517e-01 -0.000000e+00 1.000000e+00
1.000000e+00 5.110000e+02 -1.131540e-13 5.111198e+02 9.214639e-16 5.110000e+02 5.111198e+02 292 8.019377e-01 0.000000e+00 7.984558e-01 0.000000e+00 1.000000e+00
1.000000e+00 5.110000e+02 -4.207345e-14 5.110704e+02 -1.953299e-15 5.110000e+02 5.110704e+02 293 -5.611171e-01 -2.664535e-15 -5.603198e-01 -0.000000e+00 1.000000e+00
1.000000e+00 5.110000e+02 -1.390794e-13 5.109633e+02 -9.697104e-16 5.110000e+02 5.109633e+02 294 2.626772e-01 -3.552714e-15 2.661519e-01 -0.000000e+00 1.000000e+00
1.000000e+00 5.110000e+02 -1.356597e-13 5.109998e+02 -4.902329e-14 5.110000e+02 5.109998e+02 295 6.329786e-02 -4.884981e-15 7.003998e-02 -0.000000e+00 1.000000e+00
1.000000e+00 5.110000e+02 -5.245591e-14 5.109898e+02 -3.438395e-14 5.110000e+02 5.109898e+02 296 -3.838456e-01 -2.664535e-15 -3.782159e-01 -0.000000e+00 1.000000e+00
1.000000e+00 5.110000e+02 -9.168285e-14 5.109658e+02 -1.156540e-14 5.110000e+02 5.109658e+02 297 6.664526e-01 0.000000e+00 6.723838e-01 0.000000e+00 1.000000e+00
1.000000e+00 5.110000e+02 -8.438586e-14 5.110740e+02 -6.314047e-14 5.110000e+02 5.110740e+02 298 -8.823475e-01 4.440892e-16 -8.825037e-01 0.000000e+00 1.000000e+00
1.000000e+00 5.110000e+02 -4.864169e-14 5.109942e+02 -2.275068e-14 5.110000e+02 5.109942e+02 299 1.009425e+00 -1.554312e-15 1.008576e+00 -0.000000e+00 1.000000e+00
1.000000e+00 5.110000e+02 -1.146892e-13 5.111110e+02 -3.753942e-15 5.110000e+02 5.111110e+02 300 -1.034503e+00 -1.554312e-15 -1.036592e+00 -0.000000e+00 1.000000e+00
1.000000e+00 5.110000e+02 -7.005863e-14 5.109856e+02 -1.018491e-13 5.110000e+02 5.109856e+02 301 9.546927e-01 -5.342948e-16 9.525437e-01 -0.000000e+00 1.000000e+00
1.000000e+00 5.110000e+02 -1.361347e-14 5.109541e+02 -7.986667e-15 5.110000e+02 5.109541e+02 302 -7.777183e-01 -1.387779e-15 -7.844478e-01 -0.000000e+00 1.000000e+00
1.000000e+00 5.110000e+02 5.684342e-14 5.109197e+02 7.815970e-14 5.110000e+02 5.109197e+02 303 5.211778e-01 -8.881784e-16 5.182958e-01 -0.000000e+00 1.000000e+00
1.000000e+00 5.110000e+02 -6.394885e-14 5.110567e+02 -7.105427e-15 5.110000e+02 5.110567e+02 304 -2.107942e-01 -2.220446e-15 -2.101199e-01 -0.000000e+00 1.000000e+00
1.000000e+00 5.110000e+02 2.131628e-14 5.110074e+02 -6.394885e-14 5.110000e+02 5.110074e+02 305 -1.221584e-01 -1.332268e-15 -1.260720e-01 -0.000000e+00 1.000000e+00
1.000000e+00 5.110000e+02 4.973799e-14 5.112362e+02 5.684342e-14 5.110000e+02 5.112362e+02 306 4.440007e-01 -6.661338e-16 4.482559e-01 -0.000000e+00 1.000000e+00
1.000000e+00 5.110000e+02 -1.207923e-13 5.109368e+02 7.105427e-15 5.110000e+02 5.109368e+02 307 -7.220492e-01 -1.776357e-15 -7.284158e-01 -0.000000e+00 1.000000e+00
1.000000e+00 5.110000e+02 -9.237056e-14 5.110064e+02 -5.684342e-14 5.110000e+02 5.110064e+02 308 9.279290e-01 -6.661338e-16 9.245277e-01 -0.000000e+00 1.000000e+00
1.000000e+00 5.110000e+02 -4.973799e-14 5.109372e+02 0.000000e+00 5.110000e+02 5.109372e+02 309 -1.040464e+00 -1.110223e-15 -1.036592e+00 -0.000000e+00 1.000000e+00
1.000000e+00 5.110000e+02 0.000000e+00 5.110404e+02 4.263256e-14 5.110000e+02 5.110404e+02 310 1.047853e+00 -1.026956e-15 1.050600e+00 -0.000000e+00 1.000000e+00
1.000000e+00 5.110000e+02 1.705303e-13 5.109819e+02 2.131628e-14 5.110000e+02 5.109819e+02 311 -9.488976e-01 -8.881784e-16 -9.525437e-01 -0.000000e+00 1.000000e+00
1.000000e+00 5.110000e+02 7.815970e-14 5.110241e+02 0.000000e+00 5.110000e+02 5.110241e+02 312 7.531759e-01 8.881784e-16 7.564318e-01 0.000000e+00 1.000000e+00
1.000000e+00 5.110000e+02 -2.842171e-14 5.109058e+02 -5.684342e-14 5.110000e+02 5.109058e+02 313 -4.801143e-01 -8.881784e-16 -4.762719e-01 -0.000000e+00 1.000000e+00
1.000000e+00 5.110000e+02 -9.947598e-14 5.110166e+02 -4.263256e-14 5.110000e+02 5.110166e+02 314 1.570647e-01 -4.440892e-16 1.540880e-01 -0.000000e+00 1.000000e+00
1.000000e+00 5.110000e+02 -7.105427e-15 5.108893e+02 -3.552714e-14 5.110000e+02 5.108893e+02 315 1.834293e-01 -1.554312e-15 1.821039e-01 -0.000000e+00 1.000000e+00
1.000000e+00 5.110000e+02 2.842171e-14 5.110853e+02 4.263256e-14 5.110000e+02 5.110853e+02 316 -5.069057e-01 -7.771561e-16 -5.042879e-01 -0.000000e+00 1.000000e+00
1.000000e+00 5.110000e+02 9.237056e-14 5.110874e+02 2.842171e-14 5.110000e+02 5.110874e+02 317 7.804644e-01 -2.220446e-16 7.844478e-01 -0.000000e+00 1.000000e+00
1.000000e+00 5.110000e+02 -4.263256e-14 5.108468e+02 -5.684342e-14 5.110000e+02 5.108468e+02 318 -9.761081e-01 -7.771561e-16 -9.805597e-01 -0.000000e+00 1.000000e+00
1.000000e+00 5.110000e+02 9.237056e-14 5.111202e+02 -4.973799e-14 5.110000e+02 5.111202e+02 319 1.073601e+00 -5.967449e-16 1.078616e+00 -0.000000e+00 1.000000e+00
1.000000e+00 5.110000e+02 3.552714e-14 5.110225e+02 4.973799e-14 5.110000e+02 5.110225e+02 320 -1.062557e+00 -2.442491e-15 -1.064608e+00 -0.000000e+00 1.000000e+00
1.000000e+00 5.110000e+02 8.526513e-14 5.109837e+02 -7.105427e-15 5.110000e+02 5.109837e+02 321 9.435410e-01 -3.885781e-16 9.385357e-01 -0.000000e+00 1.000000e+00
1.000000e+00 5.110000e+02 -2.131628e-14 5.109374e+02 -6.394885e-14 5.110000e+02 5.109374e+02 322 -7.280686e-01 -1.332268e-15 -7.284158e-01 -0.000000e+00 1.000000e+00
1.000000e+00 5.110000e+02 1.421085e-14 5.110835e+02 -1.421085e-14 5.110000e+02 5.110835e+02 323 4.374952e-01 0.000000e+00 4.342479e-01 0.000000e+00 1.000000e+00
1.000000e+00 5.110000e+02 1.776357e-13 5.110371e+02 7.105427e-14 5.110000e+02 5.110371e+02 324 -1.009047e-01 -1.110223e-15 -9.805597e-02 -0.000000e+00 1.000000e+00
1.000000e+00 5.110000e+02 4.263256e-14 5.110065e+02 1.421085e-14 5.110000e+02 5.110065e+02 325 -2.477945e-01 -1.221245e-15 -2.521439e-01 -0.000000e+00 1.000000e+00
1.000000e+00 5.110000e+02 1.278977e-13 5.108584e+02 4.973799e-14 5.110000e+02 5.108584e+02 326 5.732796e-01 -1.110223e-15 5.743278e-01 -0.000000e+00 1.000000e+00
1.000000e+00 5.110000e+02 6.394885e-14 5.109099e+02 7.105427e-15 5.110000e+02 5.109099e+02 327 -8.423832e-01 -3.330669e-16 -8.404798e-01 -0.000000e+00 1.000000e+00
1.000000e+00 5.110000e+02 1.421085e-13 5.110126e+02 2.131628e-14 5.110000e+02 5.110126e+02 328 1.027467e+00 -5.551115e-16 1.022584e+00 -0.000000e+00 1.000000e+00
1.000000e+00 5.110000e+02 5.684342e-14 5.110651e+02 -4.263256e-14 5.110000e+02 5.110651e+02 329 -1.109252e+00 -4.163336e-16 -1.106632e+00 -0.000000e+00 1.000000e+00
1.000000e+00 5.110000e+02 1.350031e-13 5.110070e+02 9.947598e-14 5.110000e+02 5.110070e+02 330 1.078823e+00 6.661338e-16 1.078616e+00 0.000000e+00 1.000000e+00
1.000000e+00 5.110000e+02 7.105427e-14 5.111281e+02 -7.105427e-15 5.110000e+02 5.111281e+02 331 -9.385926e-01 0.000000e+00 -9.385357e-01 0.000000e+00 1.000000e+00
1.000000e+00 5.110000e+02 1.421085e-14 5.109679e+02 -8.526513e-14 5.110000e+02 5.109679e+02 332 7.021234e-01 2.220446e-16 7.003998e-01 0.000000e+00 1.000000e+00
1.000000e+00 5.110000e+02 1.136868e-13 5.110076e+02 2.842171e-14 5.110000e+02 5.110076e+02 333 -3.928233e-01 -1.110223e-15 -3.922239e-01 -0.000000e+00 1.000000e+00
1.000000e+00 5.110000e+02 6.394885e-14 5.109793e+02 -1.421085e-14 5.110000e+02 5.109793e+02 334 4.163448e-02 -8.881784e-16 4.202399e-02 -0.000000e+00 1.000000e+00
1.000000e+00 5.110000e+02 8.526513e-14 5.110044e+02 1.421085e-14 5.110000e+02 5.110044e+02 335 3.160553e-01 -8.881784e-16 3.221839e-01 -0.000000e+00 1.000000e+00
1.000000e+00 5.110000e+02 -6.394885e-14 5.109670e+02 -5.684342e-14 5.110000e+02 5.109670e+02 336 -6.439703e-01 1.332268e-15 -6.443678e-01 0.000000e+00 1.000000e+00
1.000000e+00 5.110000e+02 -1.278977e-13 5.110301e+02 -9.237056e-14 5.110000e+02 5.110301e+02 337 9.086175e-01 -9.436896e-16 9.105197e-01 -0.000000e+00 1.000000e+00
1.000000e+00 5.110000e+02 -6.394885e-14 5.109881e+02 -1.136868e-13 5.110000e+02 5.109881e+02 338 -1.082699e+00 3.885781e-16 -1.078616e+00 0.000000e+00 1.000000e+00
1.000000e+00 5.110000e+02 1.065814e-13 5.109827e+02 2.131628e-14 5.110000e+02 5.109827e+02 339 1.147921e+00 9.992007e-16 1.148656e+00 0.000000e+00 1.000000e+00
1.000000e+00 5.110000e+02 -2.842171e-14 5.106655e+02 -7.105427e-14 5.110000e+02 5.106655e+02 340 -1.096908e+00 -1.110223e-16 -1.092624e+00 -0.000000e+00 1.000000e+00
1.000000e+00 5.110000e+02 -7.105427e-15 5.109053e+02 0.000000e+00 5.110000e+02 5.109053e+02 341 9.340260e-01 5.551115e-16 9.385357e-01 0.000000e+00 1.000000e+00
1.000000e+00 5.110000e+02 2.131628e-14 5.110430e+02 -4.973799e-14 5.110000e+02 5.110430e+02 342 -6.750230e-01 -1.110223e-15 -6.723838e-01 -0.000000e+00 1.000000e+00
1.000000e+00 5.110000e+02 -1.278977e-13 5.110162e+02 -1.065814e-13 5.110000e+02 5.110162e+02 343 3.455115e-01 2.220446e-16 3.501999e-01 0.000000e+00 1.000000e+00
1.000000e+00 5.110000e+02 -4.973799e-14 5.108941e+02 -2.131628e-14 5.110000e+02 5.108941e+02 344 2.155539e-02 2.220446e-16 2.801599e-02 0.000000e+00 1.000000e+00
1.000000e+00 5.110000e+02 -1.421085e-14 5.109979e+02 -3.552714e-14 5.110000e+02 5.109979e+02 345 -3.891714e-01 -2.220446e-16 -3.922239e-01 -0.000000e+00 1.000000e+00
1.000000e+00 5.110000e+02 9.947598e-14 5.110560e+02 2.131628e-14 5.110000e+02 5.110560e+02 346 7.199986e-01 1.165734e-15 7.144078e-01 0.000000e+00 1.000000e+00
1.000000e+00 5.110000e+02 7.105427e-15 5.108725e+02 -1.421085e-14 5.110000e+02 5.108725e+02 347 -9.801497e-01 1.526557e-16 -9.805597e-01 0.000000e+00 1.000000e+00
1.000000e+00 5.110000e+02 -2.131628e-14 5.110615e+02 -2.131628e-14 5.110000e+02 5.110615e+02 348 1.142650e+00 7.771561e-16 1.148656e+00 0.000000e+00 1.000000e+00
1.000000e+00 5.110000e+02 7.105427e-14 5.111544e+02 -2.842171e-14 5.110000e+02 5.111544e+02 349 -1.190226e+00 0.000000e+00 -1.190680e+00 0.000000e+00 1.000000e+00
1.000000e+00 5.110000e+02 7.105427e-14 5.109378e+02 9.237056e-14 5.110000e+02 5.109378e+02 350 1.117130e+00 8.881784e-16 1.120640e+00 0.000000e+00 1.000000e+00
1.000000e+00 5.110000e+02 1.492140e-13 5.111529e+02 7.105427e-15 5.110000e+02 5.111529e+02 351 -9.298177e-01 2.220446e-16 -9.245277e-01 0.000000e+00 1.000000e+00
1.000000e+00 5.110000e+02 1.065814e-13 5.110666e+02 -8.526513e-14 5.110000e+02 5.110666e+02 352 6.463896e-01 1.776357e-15 6.443678e-01 0.000000e+00 1.000000e+00
1.000000e+00 5.110000e+02 0.000000e+00 5.109038e+02 -2.131628e-14 5.110000e+02 5.109038e+02 353 -2.948499e-01 -6.661338e-16 -2.941679e-01 -0.000000e+00 1.000000e+00
1.000000e+00 5.110000e+02 4.263256e-14 5.110254e+02 -5.684342e-14 5.110000e+02 5.110254e+02 354 -8.965011e-02 1.110223e-15 -8.404798e-02 0.000000e+00 1.000000e+00
1.000000e+00 5.110000e+02 6.703497e-14 5.110957e+02 -2.547441e-14 5.110000e+02 5.110957e+02 355 4.683170e-01 2.220446e-16 4.622639e-01 0.000000e+00 1.000000e+00
1.000000e+00 5.110000e+02 1.528321e-13 5.111285e+02 2.084444e-14 5.110000e+02 5.111285e+02 356 -8.026183e-01 -1.665335e-16 -7.984558e-01 -0.000000e+00 1.000000e+00
1.000000e+00 5.110000e+02 -2.263049e-14 5.109666e+02 6.522560e-16 5.110000e+02 5.109666e+02 357 1.058192e+00 8.881784e-16 1.064608e+00 0.000000e+00 1.000000e+00
1.000000e+00 5.110000e+02 2.731788e-14 5.110170e+02 -6.459069e-14 5.110000e+02 5.110170e+02 358 -1.208367e+00 -8.881784e-16 -1.204688e+00 -0.000000e+00 1.000000e+00
1.000000e+00 5.110000e+02 4.626896e-15 5.110389e+02 1.471046e-15 5.110000e+02 5.110389e+02 359 1.236936e+00 4.440892e-16 1.232704e+00 0.000000e+00 1.000000e+00
1.000000e+00 5.110000e+02 3.499298e-14 5.109077e+02 2.482736e-14 5.110000e+02 5.109077e+02 360 -1.139892e+00 8.881784e-16 -1.134648e+00 0.000000e+00 1.000000e+00
1.000000e+00 5.110000e+02 1.049631e-13 5.111541e+02 -3.782998e-15 5.110000e+02 5.111541e+02 361 9.259471e-01 0.000000e+00 9.245277e-01 0.000000e+00 1.000000e+00
1.000000e+00 5.110000e+02 -4.668744e-15 5.111277e+02 2.452205e-14 5.110000e+02 5.111277e+02 362 -6.157611e-01 -1.776357e-15 -6.163518e-01 -0.000000e+00 1.000000e+00
1.000000e+00 5.110000e+02 1.930243e-13 5.108867e+02 -9.426487e-15 5.110000e+02 5.108867e+02 363 2.399606e-01 8.881784e-16 2.381359e-01 0.000000e+00 1.000000e+00
1.000000e+00 5.110000e+02 3.345095e-14 5.110243e+02 8.926887e-15 5.110000e+02 5.110243e+02 364 1.638748e-01 1.776357e-15 1.680960e-01 0.000000e+00 1.000000e+00
1.000000e+00 5.110000e+02 5.646024e-14 5.109159e+02 -7.283575e-15 5.110000e+02 5.109159e+02 365 -5.549581e-01 -7.105427e-15 -5.603198e-01 -0.000000e+00 1.000000e+00
1.000000e+00 5.110000e+02 -1.384741e-14 5.109064e+02 2.026851e-14 5.110000e+02 5.109064e+02 366 8.934011e-01 -8.881784e-16 8.965117e-01 -0.000000e+00 1.000000e+00
1.000000e+00 5.110000e+02 4.254062e-14 5.109475e+02 -7.614569e-15 5.110000e+02 5.109475e+02 367 -1.144269e+00 8.881784e-16 -1.148656e+00 0.000000e+00 1.000000e+00
1.000000e+00 5.110000e+02 2.034395e-14 5.108777e+02 4.675947e-14 5.110000e+02 5.108777e+02 368 1.281172e+00 -8.881784e-16 1.274728e+00 -0.000000e+00 1.000000e+00
1.000000e+00 5.110000e+02 5.697627e-14 5.110331e+02 -2.454287e-14 5.110000e+02 5.110331e+02 369 -1.289029e+00 0.000000e+00 -1.288736e+00 0.000000e+00 1.000000e+00
1.000000e+00 5.110000e+02 1.318119e-13 5.111459e+02 1.614681e-14 5.110000e+02 5.111459e+02 370 1.165713e+00 8.881784e-16 1.162664e+00 0.000000e+00 1.000000e+00
1.000000e+00 5.110000e+02 -5.878993e-14 5.110430e+02 -5.744710e-14 5.110000e+02 5.110430e+02 371 -9.223961e-01 4.440892e-16 -9.245277e-01 0.000000e+00 1.000000e+00
1.000000e+00 5.110000e+02 9.112434e-14 5.110342e+02 -8.730516e-14 5.110000e+02 5.110342e+02 372 5.825588e-01 -8.881784e-16 5.883358e-01 -0.000000e+00 1.000000e+00
1.000000e+00 5.110000e+02 6.020806e-14 5.109364e+02 6.522560e-15 5.110000e+02 5.109364e+02 373 -1.797341e-01 -1.776357e-15 -1.821039e-01 -0.000000e+00 1.000000e+00
1.000000e+00 5.110000e+02 6.406676e-14 5.110452e+02 2.381342e-14 5.110000e+02 5.110452e+02 374 -2.457857e-01 -7.494005e-16 -2.521439e-01 -0.000000e+00 1.000000e+00
1.000000e+00 5.110000e+02 -1.266800e-15 5.109237e+02 6.034062e-14 5.110000e+02 5.109237e+02 375 6.509645e-01 -2.220446e-16 6.443678e-01 -0.000000e+00 1.000000e+00
1.000000e+00 5.110000e+02 5.684342e-14 5.107872e+02 1.421085e-14 5.110000e+02 5.107872e+02 376 -9.943582e-01 -1.554312e-15 -9.945677e-01 -0.000000e+00 1.000000e+00
1.000000e+00 5.110000e+02 8.526513e-14 5.108885e+02 -1.421085e-14 5.110000e+02 5.108885e+02 377 1.240338e+00 -2.886580e-15 1.246712e+00 -0.000000e+00 1.000000e+00
1.000000e+00 5.110000e+02 8.526513e-14 5.110638e+02 -7.105427e-14 5.110000e+02 5.110638e+02 378 -1.362768e+00 -1.554312e-15 -1.358776e+00 -0.000000e+00 1.000000e+00
1.000000e+00 5.110000e+02 7.105427e-14 5.110190e+02 5.684342e-14 5.110000e+02 5.110190e+02 379 1.347770e+00 -1.998401e-15 1.344768e+00 -0.000000e+00 1.000000e+00
1.000000e+00 5.110000e+02 1.421085e-13 5.110294e+02 4.263256e-14 5.110000e+02 5.110294e+02 380 -1.195265e+00 -3.108624e-15 -1.190680e+00 -0.000000e+00 1.000000e+00
1.000000e+00 5.110000e+02 2.842171e-14 5.109830e+02 -2.842171e-14 5.110000e+02 5.109830e+02 381 9.191486e-01 -1.554312e-15 9.245277e-01 -0.000000e+00 1.000000e+00
1.000000e+00 5.110000e+02 8.526513e-14 5.110765e+02 -4.263256e-14 5.110000e+02 5.110765e+02 382 -5.460397e-01 0.000000e+00 -5.463118e-01 0.000000e+00 1.000000e+00
1.000000e+00 5.110000e+02 1.563194e-13 5.110104e+02 0.000000e+00 5.110000e+02 5.110104e+02 383 1.127349e-01 -2.109424e-15 1.120640e-01 -0.000000e+00 1.000000e+00
1.000000e+00 5.110000e+02 1.847411e-13 5.109433e+02 9.947598e-14 5.110000e+02 5.109433e+02 384 3.374047e-01 -1.942890e-15 3.361919e-01 -0.000000e+00 1.000000e+00
1.000000e+00 5.110000e+02 -2.842171e-14 5.111483e+02 -9.947598e-14 5.110000e+02 5.111483e+02 385 -7.587729e-01 -1.887379e-15 -7.564318e-01 -0.000000e+00 1.000000e+00
1.000000e+00 5.110000e+02 1.421085e-14 5.109964e+02 -5.684342e-14 5.110000e+02 5.109964e+02 386 1.108119e+00 -1.776357e-15 1.106632e+00 -0.000000e+00 1.000000e+00
1.000000e+00 5.110000e+02 8.526513e-14 5.110142e+02 2.842171e-14 5.110000e+02 5.110142e+02 387 -1.348966e+00 -1.776357e-15 -1.344768e+00 -0.000000e+00 1.000000e+00
1.000000e+00 5.110000e+02 5.684342e-14 5.108128e+02 5.684342e-14 5.110000e+02 5.108128e+02 388 1.455399e+00 -1.554312e-15 1.456832e+00 -0.000000e+00 1.000000e+00
1.000000e+00 5.110000e+02 -1.421085e-14 5.110308e+02 -5.684342e-14 5.110000e+02 5.110308e+02 389 -1.414830e+00 -1.776357e-15 -1.414808e+00 -0.000000e+00 1.000000e+00
1.000000e+00 5.110000e+02 9.947598e-14 5.109440e+02 -2.842171e-14 5.110000e+02 5.109440e+02 390 1.229447e+00 -1.554312e-15 1.232704e+00 -0.000000e+00 1.000000e+00
1.000000e+00 5.110000e+02 1.705303e-13 5.110725e+02 1.421085e-14 5.110000e+02 5.110725e+02 391 -9.161904e-01 -2.442491e-15 -9.105197e-01 -0.000000e+00 1.000000e+00
1.000000e+00 5.110000e+02 8.526513e-14 5.111781e+02 -5.684342e-14 5.110000e+02 5.111781e+02 392 5.052255e-01 -8.326673e-16 5.042879e-01 -0.000000e+00 1.000000e+00
1.000000e+00 5.110000e+02 5.684342e-14 5.110009e+02 -7.105427e-14 5.110000e+02 5.110009e+02 393 -3.706121e-02 -2.498002e-15 -4.202399e-02 -0.000000e+00 1.000000e+00
1.000000e+00 5.110000e+02 7.105427e-14 5.109545e+02 -5.684342e-14 5.110000e+02 5.109545e+02 394 -4.414205e-01 -9.992007e-16 -4.482559e-01 -0.000000e+00 1.000000e+00
1.000000e+00 5.110000e+02 1.421085e-14 5.110002e+02 -5.684342e-14 5.110000e+02 5.110002e+02 395 8.816352e-01 -2.331468e-15 8.825037e-01 -0.000000e+00 1.000000e+00
1.000000e+00 5.110000e+02 -7.105427e-14 5.110755e+02 -2.842171e-14 5.110000e+02 5.110755e+02 396 -1.238203e+00 -1.887379e-15 -1.232704e+00 -0.000000e+00 1.000000e+00
1.000000e+00 5.110000e+02 9.947598e-14 5.109527e+02 1.421085e-14 5.110000e+02 5.109527e+02 397 1.473601e+00 -1.998401e-15 1.470840e+00 -0.000000e+00 1.000000e+00
1.000000e+00 5.110000e+02 1.847411e-13 5.109452e+02 4.263256e-14 5.110000e+02 5.109452e+02 398 -1.562084e+00 -1.887379e-15 -1.568896e+00 -0.000000e+00 1.000000e+00
1.000000e+00 5.110000e+02 1.705303e-13 5.107757e+02 -2.842171e-14 5.110000e+02 5.107757e+02 399 1.492467e+00 4.440892e-16 1.498856e+00 0.000000e+00 1.000000e+00
1.000000e+00 5.110000e+02 9.947598e-14 5.110018e+02 -5.684342e-14 5.110000e+02 5.110018e+02 400 -1.269477e+00 -9.992007e-16 -1.274728e+00 -0.000000e+00 1.000000e+00
1.000000e+00 5.110000e+02 1.421085e-13 5.109888e+02 -1.421085e-14 5.110000e+02 5.109888e+02 401 9.135092e-01 -1.026956e-15 9.105197e-01 -0.000000e+00 1.000000e+00
1.000000e+00 5.110000e+02 5.684342e-14 5.109157e+02 -8.526513e-14 5.110000e+02 5.109157e+02 402 -4.587926e-01 -1.082467e-15 -4.622639e-01 -0.000000e+00 1.000000e+00
1.000000e+00 5.110000e+02 5.684342e-14 5.108084e+02 -2.842171e-14 5.110000e+02 5.108084e+02 403 -4.987366e-02 -8.326673e-16 -5.603198e-02 -0.000000e+00 1.000000e+00
1.000000e+00 5.110000e+02 1.136868e-13 5.110820e+02 -5.684342e-14 5.110000e+02 5.110820e+02 404 5.615041e-01 4.440892e-16 5.603198e-01 0.000000e+00 1.000000e+00
1.000000e+00 5.110000e+02 5.684342e-14 5.110846e+02 -8.526513e-14 5.110000e+02 5.110846e+02 405 -1.024006e+00 -2.109424e-15 -1.022584e+00 -0.000000e+00 1.000000e+00
1.000000e+00 5.110000e+02 1.136868e-13 5.109016e+02 2.842171e-14 5.110000e+02 5.109016e+02 406 1.389448e+00 -1.665335e-15 1.386792e+00 -0.000000e+00 1.000000e+00
1.000000e+00 5.110000e+02 1.563194e-13 5.109076e+02 5.684342e-14 5.110000e+02 5.109076e+02 407 -1.618997e+00 -1.887379e-15 -1.624928e+00 -0.000000e+00 1.000000e+00
1.000000e+00 5.110000e+02 1.989520e-13 5.109999e+02 0.000000e+00 5.110000e+02 5.109999e+02 408 1.687001e+00 -1.332268e-15 1.680960e+00 -0.000000e+00 1.000000e+00
1.000000e+00 5.110000e+02 1.563194e-13 5.109649e+02 -2.842171e-14 5.110000e+02 5.109649e+02 409 -1.583818e+00 5.551115e-16 -1.582904e+00 0.000000e+00 1.000000e+00
1.000000e+00 5.110000e+02 9.947598e-14 5.110063e+02 -5.684342e-14 5.110000e+02 5.110063e+02 410 1.317056e+00 -2.303713e-15 1.316752e+00 -0.000000e+00 1.000000e+00
1.000000e+00 5.110000e+02 1.421085e-13 5.108564e+02 -1.421085e-14 5.110000e+02 5.108564e+02 411 -9.110939e-01 1.387779e-16 -9.105197e-01 0.000000e+00 1.000000e+00
1.000000e+00 5.110000e+02 1.136868e-13 5.110565e+02 -2.842171e-14 5.110000e+02 5.110565e+02 412 4.048962e-01 -4.440892e-16 4.062319e-01 -0.000000e+00 1.000000e+00
1.000000e+00 5.110000e+02 1.421085e-13 5.109779e+02 0.000000e+00 5.110000e+02 5.109779e+02 413 1.516932e-01 -6.661338e-16 1.540880e-01 -0.000000e+00 1.000000e+00
1.000000e+00 5.110000e+02 1.421085e-13 5.110767e+02 0.000000e+00 5.110000e+02 5.110767e+02 414 -7.028175e-01 -4.440892e-16 -7.003998e-01 -0.000000e+00 1.000000e+00
1.000000e+00 5.110000e+02 8.526513e-14 5.109708e+02 1.421085e-14 5.110000e+02 5.109708e+02 415 1.192170e+00 -4.440892e-16 1.190680e+00 -0.000000e+00 1.000000e+00
1.000000e+00 5.110000e+02 2.842171e-14 5.109957e+02 8.526513e-14 5.110000e+02 5.109957e+02 416 -1.568704e+00 -8.881784e-16 -1.568896e+00 -0.000000e+00 1.000000e+00
1.000000e+00 5.110000e+02 5.684342e-14 5.109692e+02 1.421085e-14 5.110000e+02 5.109692e+02 417 1.791906e+00 2.220446e-16 1.793023e+00 0.000000e+00 1.000000e+00
1.000000e+00 5.110000e+02 1.278977e-13 5.109223e+02 -5.684342e-14 5.110000e+02 5.109223e+02 418 -1.836110e+00 2.220446e-16 -1.835047e+00 0.000000e+00 1.000000e+00
1.000000e+00 5.110000e+02 1.421085e-14 5.111228e+02 2.842171e-14 5.110000e+02 5.111228e+02 419 1.693374e+00 9.436896e-16 1.694967e+00 0.000000e+00 1.000000e+00
1.000000e+00 5.110000e+02 7.105427e-14 5.109915e+02 4.263256e-14 5.110000e+02 5.109915e+02 420 -1.374630e+00 3.469447e-16 -1.372784e+00 0.000000e+00 1.000000e+00
1.000000e+00 5.110000e+02 9.947598e-14 5.110749e+02 -2.842171e-14 5.110000e+02 5.110749e+02 421 9.089351e-01 -1.110223e-16 9.105197e-01 -0.000000e+00 1.000000e+00
1.000000e+00 5.110000e+02 -4.263256e-14 5.109137e+02 -1.421085e-14 5.110000e+02 5.109137e+02 422 -3.408755e-01 0.000000e+00 -3.361919e-01 0.000000e+00 1.000000e+00
1.000000e+00 5.110000e+02 1.421085e-14 5.110768e+02 0.000000e+00 5.110000e+02 5.110768e+02 423 -2.736490e-01 -1.332268e-15 -2.801599e-01 -0.000000e+00 1.000000e+00
1.000000e+00 5.110000e+02 -8.526513e-14 5.109543e+02 -2.842171e-14 5.110000e+02 5.109543e+02 424 8.728730e-01 -1.554312e-15 8.684957e-01 -0.000000e+00 1.000000e+00
1.000000e+00 5.110000e+02 4.263256e-14 5.109974e+02 -5.684342e-14 5.110000e+02 5.109974e+02 425 -1.395314e+00 4.440892e-16 -1.400800e+00 0.000000e+00 1.000000e+00
1.000000e+00 5.110000e+02 -7.105427e-14 5.110382e+02 -7.105427e-14 5.110000e+02 5.110382e+02 426 1.786020e+00 -1.998401e-15 1.793023e+00 -0.000000e+00 1.000000e+00
1.000000e+00 5.110000e+02 7.105427e-14 5.110776e+02 -2.842171e-14 5.110000e+02 5.110776e+02 427 -2.002281e+00 6.661338e-16 -2.003143e+00 0.000000e+00 1.000000e+00
1.000000e+00 5.110000e+02 9.471751e-15 5.109713e+02 -3.153727e-14 5.110000e+02 5.109713e+02 428 2.018226e+00 0.000000e+00 2.017151e+00 0.000000e+00 1.000000e+00
1.000000e+00 5.110000e+02 6.273407e-14 5.110703e+02 1.977411e-14 5.110000e+02 5.110703e+02 429 -1.827808e+00 -7.494005e-16 -1.821039e+00 -0.000000e+00 1.000000e+00
1.000000e+00 5.110000e+02 5.081048e-15 5.110758e+02 -4.469342e-14 5.110000e+02 5.110758e+02 430 1.445855e+00 -6.661338e-16 1.442824e+00 -0.000000e+00 1.000000e+00
1.000000e+00 5.110000e+02 9.213436e-15 5.110941e+02 -1.231654e-14 5.110000e+02 5.110941e+02 431 -9.070242e-01 -1.110223e-15 -9.105197e-01 -0.000000e+00 1.000000e+00
1.000000e+00 5.110000e+02 6.052412e-14 5.109985e+02 2.123995e-14 5.110000e+02 5.109985e+02 432 2.627355e-01 -3.552714e-15 2.661519e-01 -0.000000e+00 1.000000e+00
1.000000e+00 5.110000e+02 4.152298e-15 5.109064e+02 -1.539047e-14 5.110000e+02 5.109064e+02 433 4.236670e-01 -4.440892e-15 4.202399e-01 -0.000000e+00 1.000000e+00
1.000000e+00 5.110000e+02 5.732459e-14 5.109169e+02 5.345203e-14 5.110000e+02 5.109169e+02 434 -1.083063e+00 1.776357e-15 -1.078616e+00 0.000000e+00 1.000000e+00
1.000000e+00 5.110000e+02 5.382435e-14 5.110439e+02 -2.705475e-14 5.110000e+02 5.110439e+02 435 1.647432e+00 -2.664535e-15 1.652944e+00 -0.000000e+00 1.000000e+00
1.000000e+00 5.110000e+02 -1.230270e-14 5.108380e+02 7.247675e-15 5.110000e+02 5.108380e+02 436 -2.056783e+00 -3.552714e-15 -2.059175e+00 -0.000000e+00 1.000000e+00
1.000000e+00 5.110000e+02 -3.122663e-14 5.110878e+02 -2.905662e-15 5.110000e+02 5.110878e+02 437 2.265430e+00 1.776357e-15 2.269295e+00 0.000000e+00 1.000000e+00
1.000000e+00 5.110000e+02 -1.138536e-14 5.111675e+02 -1.527531e-14 5.110000e+02 5.111675e+02 438 -2.246980e+00 7.105427e-15 -2.241279e+00 0.000000e+00 1.000000e+00
1.000000e+00 5.110000e+02 -1.059695e-15 5.111357e+02 1.839588e-14 5.110000e+02 5.111357e+02 439 1.997490e+00 -2.664535e-15 2.003143e+00 -0.000000e+00 1.000000e+00
1.000000e+00 5.110000e+02 3.944157e-14 5.109242e+02 5.935877e-14 5.110000e+02 5.109242e+02 440 -1.536439e+00 2.664535e-15 -1.540880e+00 0.000000e+00 1.000000e+00
1.000000e+00 5.110000e+02 7.534805e-14 5.109003e+02 -2.115669e-14 5.110000e+02 5.109003e+02 441 9.053542e-01 -1.776357e-15 9.105197e-01 -0.000000e+00 1.000000e+00
1.000000e+00 5.110000e+02 6.833010e-14 5.109040e+02 5.930239e-14 5.110000e+02 5.109040e+02 442 -1.641787e-01 1.776357e-15 -1.680960e-01 0.000000e+00 1.000000e+00
1.000000e+00 5.110000e+02 2.975811e-14 5.107983e+02 -3.176626e-14 5.110000e+02 5.107983e+02 443 -6.143152e-01 -2.664535e-15 -6.163518e-01 -0.000000e+00 1.000000e+00
1.000000e+00 5.110000e+02 7.052870e-15 5.109890e+02 -2.404327e-15 5.110000e+02 5.109890e+02 444 1.351556e+00 4.440892e-16 1.344768e+00 0.000000e+00 1.000000e+00
1.000000e+00 5.110000e+02 2.531893e-15 5.110189e+02 -1.644865e-14 5.110000e+02 5.110189e+02 445 -1.970974e+00 -1.776357e-15 -1.975127e+00 -0.000000e+00 1.000000e+00
1.000000e+00 5.110000e+02 9.179774e-14 5.108013e+02 -4.253455e-14 5.110000e+02 5.108013e+02 446 2.405821e+00 1.221245e-15 2.409375e+00 0.000000e+00 1.000000e+00
1.000000e+00 5.110000e+02 1.774004e-14 5.109688e+02 -2.541023e-14 5.110000e+02 5.109688e+02 447 -2.606205e+00 -1.568190e-15 -2.605487e+00 -0.000000e+00 1.000000e+00
1.000000e+00 5.110000e+02 -2.683048e-14 5.110243e+02 -5.284315e-14 5.110000e+02 5.110243e+02 448 2.544637e+00 -3.885781e-16 2.549455e+00 -0.000000e+00 1.000000e+00
1.000000e+00 5.110000e+02 5.684342e-14 5.110201e+02 -5.684342e-14 5.110000e+02 5.110201e+02 449 -2.219469e+00 -1.776357e-15 -2.213263e+00 -0.000000e+00 1.000000e+00
1.000000e+00 5.110000e+02 -1.421085e-14 5.109209e+02 -1.136868e-13 5.110000e+02 5.109209e+02 450 1.655835e+00 -2.442491e-15 1.652944e+00 -0.000000e+00 1.000000e+00
1.000000e+00 5.110000e+02 -7.460699e-14 5.108706e+02 -4.973799e-14 5.110000e+02 5.108706e+02 451 -9.039187e-01 -1.776357e-15 -9.105197e-01 -0.000000e+00 1.000000e+00
1.000000e+00 5.110000e+02 5.684342e-14 5.109396e+02 -3.552714e-15 5.110000e+02 5.109396e+02 452 3.465234e-02 -3.552714e-15 2.801599e-02 -0.000000e+00 1.000000e+00
1.000000e+00 5.110000e+02 -2.486900e-14 5.110453e+02 -4.973799e-14 5.110000e+02 5.110453e+02 453 8.668090e-01 -3.330669e-15 8.684957e-01 -0.000000e+00 1.000000e+00
1.000000e+00 5.110000e+02 -4.263256e-14 5.111315e+02 -3.197442e-14 5.110000e+02 5.111315e+02 454 -1.709245e+00 -2.442491e-15 -1.708975e+00 -0.000000e+00 1.000000e+00
1.000000e+00 5.110000e+02 -1.776357e-14 5.110624e+02 -3.552714e-14 5.110000e+02 5.110624e+02 455 2.404397e+00 4.996004e-16 2.409375e+00 0.000000e+00 1.000000e+00
1.000000e+00 5.110000e+02 3.197442e-14 5.111247e+02 3.552714e-15 5.110000e+02 5.111247e+02 456 -2.875989e+00 -5.689893e-15 -2.871639e+00 -0.000000e+00 1.000000e+00
1.000000e+00 5.110000e+02 -3.552714e-14 5.110727e+02 2.486900e-14 5.110000e+02 5.110727e+02 457 3.067843e+00 -3.580469e-15 3.067751e+00 -0.000000e+00 1.000000e+00
1.000000e+00 5.110000e+02 -7.460699e-14 5.108057e+02 -4.263256e-14 5.110000e+02 5.108057e+02 458 -2.950250e+00 -5.606626e-15 -2.955687e+00 -0.000000e+00 1.000000e+00
1.000000e+00 5.110000e+02 -6.750156e-14 5.108887e+02 -3.552714e-14 5.110000e+02 5.108887e+02 459 2.523899e+00 -2.997602e-15 2.521439e+00 -0.000000e+00 1.000000e+00
1.000000e+00 5.110000e+02 3.907985e-14 5.108717e+02 4.263256e-14 5.110000e+02 5.108717e+02 460 -1.820905e+00 -3.219647e-15 -1.821039e+00 -0.000000e+00 1.000000e+00
1.000000e+00 5.110000e+02 -7.105427e-14 5.110992e+02 6.750156e-14 5.110000e+02 5.110992e+02 461 9.027126e-01 -5.884182e-15 8.965117e-01 -0.000000e+00 1.000000e+00
1.000000e+00 5.110000e+02 -1.421085e-14 5.108922e+02 -3.907985e-14 5.110000e+02 5.108922e+02 462 1.449962e-01 -5.440093e-15 1.400800e-01 -0.000000e+00 1.000000e+00
1.000000e+00 5.110000e+02 -4.263256e-14 5.110211e+02 -1.065814e-14 5.110000e+02 5.110211e+02 463 -1.220020e+00 -5.662137e-15 -1.218696e+00 -0.000000e+00 1.000000e+00
1.000000e+00 5.110000e+02 1.065814e-14 5.109953e+02 -6.039613e-14 5.110000e+02 5.109953e+02 464 2.213288e+00 -4.440892e-15 2.213263e+00 -0.000000e+00 1.000000e+00
1.000000e+00 5.110000e+02 -1.243450e-13 5.109154e+02 -5.329071e-14 5.110000e+02 5.109154e+02 465 -3.019567e+00 -4.926615e-15 -3.025727e+00 -0.000000e+00 1.000000e+00
1.000000e+00 5.110000e+02 3.907985e-14 5.109528e+02 4.263256e-14 5.110000e+02 5.109528e+02 466 3.548207e+00 -5.065393e-15 3.544023e+00 -0.000000e+00 1.000000e+00
1.000000e+00 5.110000e+02 -2.842171e-14 5.108209e+02 -2.842171e-14 5.110000e+02 5.108209e+02 467 -3.732859e+00 -4.274359e-15 -3.726127e+00 -0.000000e+00 1.000000e+00
1.000000e+00 5.110000e+02 1.101341e-13 5.109360e+02 3.197442e-14 5.110000e+02 5.109360e+02 468 3.539172e+00 -7.216450e-15 3.544023e+00 -0.000000e+00 1.000000e+00
1.000000e+00 5.110000e+02 -5.684342e-14 5.109844e+02 -7.105427e-14 5.110000e+02 5.109844e+02 469 -2.969634e+00 -7.160939e-15 -2.969695e+00 -0.000000e+00 1.000000e+00
1.000000e+00 5.110000e+02 -6.394885e-14 5.109382e+02 -4.263256e-14 5.110000e+02 5.109382e+02 470 2.064955e+00 -7.160939e-15 2.059175e+00 -0.000000e+00 1.000000e+00
1.000000e+00 5.110000e+02 -1.207923e-13 5.109951e+02 4.973799e-14 5.110000e+02 5.109951e+02 471 -9.017315e-01 -2.886580e-15 -8.965117e-01 -0.000000e+00 1.000000e+00
1.000000e+00 5.110000e+02 -1.705303e-13 5.109341e+02 -3.197442e-14 5.110000e+02 5.109341e+02 472 -4.135462e-01 4.440892e-16 -4.202399e-01 0.000000e+00 1.000000e+00
1.000000e+00 5.110000e+02 -5.684342e-14 5.111173e+02 0.000000e+00 5.110000e+02 5.111173e+02 473 1.753711e+00 -2.747802e-15 1.750999e+00 -0.000000e+00 1.000000e+00
1.000000e+00 5.110000e+02 1.776357e-14 5.109367e+02 -3.552714e-14 5.110000e+02 5.109367e+02 474 -2.982598e+00 -4.496403e-15 -2.983703e+00 -0.000000e+00 1.000000e+00
1.000000e+00 5.110000e+02 7.460699e-14 5.111672e+02 5.684342e-14 5.110000e+02 5.111672e+02 475 3.968164e+00 -3.497203e-15 3.964263e+00 -0.000000e+00 1.000000e+00
1.000000e+00 5.110000e+02 -1.634248e-13 5.110324e+02 -2.486900e-14 5.110000e+02 5.110324e+02 476 -4.595833e+00 -4.080070e-15 -4.594623e+00 -0.000000e+00 1.000000e+00
1.000000e+00 5.110000e+02 -1.350031e-13 5.110469e+02 1.065814e-14 5.110000e+02 5.110469e+02 477 4.780804e+00 3.774758e-15 4.776727e+00 0.000000e+00 1.000000e+00
1.000000e+00 5.110000e+02 -1.705303e-13 5.110958e+02 -2.842171e-14 5.110000e+02 5.110958e+02 478 -4.478068e+00 -9.325873e-15 -4.482559e+00 -0.000000e+00 1.000000e+00
1.000000e+00 5.110000e+02 -4.263256e-14 5.109105e+02 7.105427e-15 5.110000e+02 5.109105e+02 479 3.689076e+00 -8.493206e-15 3.684103e+00 -0.000000e+00 1.000000e+00
1.000000e+00 5.110000e+02 -1.918465e-13 5.110275e+02 -7.460699e-14 5.110000e+02 5.110275e+02 480 -2.464263e+00 -6.716849e-15 -2.465407e+00 -0.000000e+00 1.000000e+00
1.000000e+00 5.110000e+02 -1.563194e-13 5.108702e+02 -1.065814e-14 5.110000e+02 5.108702e+02 481 9.009720e-01 -8.493206e-15 8.965117e-01 -0.000000e+00 1.000000e+00
1.000000e+00 5.110000e+02 -8.881784e-14 5.109589e+02 1.776357e-14 5.110000e+02 5.109589e+02 482 8.632450e-01 -3.858025e-15 8.684957e-01 -0.000000e+00 1.000000e+00
1.000000e+00 5.110000e+02 -1.030287e-13 5.109828e+02 7.105427e-15 5.110000e+02 5.109828e+02 483 -2.661558e+00 -1.051936e-14 -2.661519e+00 -0.000000e+00 1.000000e+00
1.000000e+00 5.110000e+02 -9.237056e-14 5.110957e+02 3.552714e-15 5.110000e+02 5.110957e+02 484 4.312216e+00 -6.265821e-15 4.314463e+00 -0.000000e+00 1.000000e+00
1.000000e+00 5.110000e+02 -1.740830e-13 5.111573e+02 -2.486900e-14 5.110000e+02 5.111573e+02 485 -5.635169e+00 -7.299716e-15 -5.631214e+00 -0.000000e+00 1.000000e+00
1.000000e+00 5.110000e+02 -2.096101e-13 5.109190e+02 -1.172396e-13 5.110000e+02 5.109190e+02 486 6.469547e+00 -3.996803e-15 6.471694e+00 -0.000000e+00 1.000000e+00
1.000000e+00 5.110000e+02 -1.065814e-13 5.110559e+02 -2.131628e-14 5.110000e+02 5.110559e+02 487 -6.690440e+00 -7.382983e-15 -6.695822e+00 -0.000000e+00 1.000000e+00
1.000000e+00 5.110000e+02 -9.947598e-14 5.110313e+02 4.618528e-14 5.110000e+02 5.110313e+02 488 6.223411e+00 -3.386180e-15 6.219550e+00 -0.000000e+00 1.000000e+00
1.000000e+00 5.110000e+02 -5.684342e-14 5.109738e+02 -3.552714e-14 5.110000e+02 5.109738e+02 489 -5.055333e+00 -8.104628e-15 -5.056887e+00 -0.000000e+00 1.000000e+00
1.000000e+00 5.110000e+02 -5.329071e-14 5.111365e+02 4.263256e-14 5.110000e+02 5.111365e+02 490 3.240385e+00 -6.161738e-15 3.235847e+00 -0.000000e+00 1.000000e+00
1.000000e+00 5.110000e+02 -3.552714e-14 5.111181e+02 1.421085e-14 5.110000e+02 5.111181e+02 491 -9.004314e-01 6.661338e-16 -8.965117e-01 0.000000e+00 1.000000e+00
1.000000e+00 5.110000e+02 -1.989520e-13 5.109292e+02 -7.105427e-14 5.110000e+02 5.109292e+02 492 -1.780517e+00 -2.678413e-15 -1.779015e+00 -0.000000e+00 1.000000e+00
1.000000e+00 5.110000e+02 -7.460699e-14 5.109854e+02 7.105427e-15 5.110000e+02 5.109854e+02 493 4.567583e+00 -3.920475e-16 4.566607e+00 -0.000000e+00 1.000000e+00
1.000000e+00 5.110000e+02 -1.030287e-13 5.109704e+02 7.105427e-15 5.110000e+02 5.109704e+02 494 -7.191330e+00 -1.007527e-14 -7.186102e+00 -0.000000e+00 1.000000e+00
1.000000e+00 5.110000e+02 -1.421085e-14 5.111589e+02 1.776357e-14 5.110000e+02 5.111589e+02 495 9.367945e+00 2.109424e-15 9.371349e+00 0.000000e+00 1.000000e+00
1.000000e+00 5.110000e+02 1.776357e-14 5.109526e+02 -3.907985e-14 5.110000e+02 5.109526e+02 496 -1.082176e+01 -7.993606e-15 -1.082818e+01 -0.000000e+00 1.000000e+00
1.000000e+00 5.110000e+02 -6.039613e-14 5.109258e+02 -2.131628e-14 5.110000e+02 5.109258e+02 497 1.130833e+01 -3.830269e-15 1.130445e+01 -0.000000e+00 1.000000e+00
1.000000e+00 5.110000e+02 -2.842171e-14 5.110065e+02 1.065814e-14 5.110000e+02 5.110065e+02 498 -1.063614e+01 -5.440093e-15 -1.063207e+01 -0.000000e+00 1.000000e+00
1.000000e+00 5.110000e+02 -8.526513e-14 5.111647e+02 -1.776357e-14 5.110000e+02 5.111647e+02 499 8.685151e+00 -8.132384e-15 8.684957e+00 -0.000000e+00 1.000000e+00
1.000000e+00 5.110000e+02 -8.526513e-14 5.109179e+02 -1.776357e-14 5.110000e+02 5.109179e+02 500 -5.420508e+00 -7.716050e-15 -5.421094e+00 -0.000000e+00 1.000000e+00
1.000000e+00 5.110000e+02 1.472747e-14 5.109080e+02 3.531550e-14 5.110000e+02 5.109080e+02 501 9.001078e-01 3.080869e-15 8.965117e-01 0.000000e+00 1.000000e+00
1.000000e+00 5.110000e+02 7.044622e-14 5.110695e+02 -5.068862e-15 5.110000e+02 5.110695e+02 502 4.724732e+00 5.419276e-15 4.720695e+00 0.000000e+00 1.000000e+00
1.000000e+00 5.110000e+02 2.181649e-14 5.110012e+02 3.794187e-14 5.110000e+02 5.110012e+02 503 -1.121581e+01 1.665335e-15 -1.122040e+01 0.000000e+00 1.000000e+00
1.000000e+00 5.110000e+02 -8.414846e-14 5.111312e+02 -4.019354e-15 5.110000e+02 5.111312e+02 504 1.826148e+01 1.998401e-15 1.826643e+01 0.000000e+00 1.000000e+00
1.000000e+00 5.110000e+02 -9.204547e-14 5.111693e+02 -1.691876e-14 5.110000e+02 5.111693e+02 505 -2.549607e+01 3.219647e-15 -2.549455e+01 0.000000e+00 1.000000e+00
1.000000e+00 5.110000e+02 -1.297483e-13 5.109847e+02 -1.284216e-14 5.110000e+02 5.109847e+02 506 3.252394e+01 1.126876e-14 3.252657e+01 0.000000e+00 1.000000e+00
1.000000e+00 5.110000e+02 -4.799472e-14 5.109746e+02 -4.400993e-15 5.110000e+02 5.109746e+02 507 -3.894639e+01 9.992007e-16 -3.894223e+01 0.000000e+00 1.000000e+00
1.000000e+00 5.110000e+02 -4.551415e-14 5.110907e+02 -2.983724e-15 5.110000e+02 5.110907e+02 508 4.438937e+01 1.665335e-14 4.439134e+01 0.000000e+00 1.000000e+00
1.000000e+00 5.110000e+02 1.273556e-14 5.109392e+02 -4.361095e-15 5.110000e+02 5.109392e+02 509 -4.852990e+01 -4.918288e-14 -4.852370e+01 -0.000000e+00 1.000000e+00
1.000000e+00 5.110000e+02 1.392363e-14 5.109225e+02 3.245668e-15 5.110000e+02 5.109225e+02 510 5.111908e+01 1.351697e-14 5.111518e+01 0.000000e+00 1.000000e+00
