1.000000e+00 5.110000e+02 1.020026e-13 5.110035e+02 0.000000e+00 5.110000e+02 5.110035e+02 0 4.590000e+02 0.000000e+00 4.590000e+02 0.000000e+00 1.000000e+00
1.000000e+00 5.110000e+02 4.717765e-14 5.109975e+02 -8.749945e-15 5.110000e+02 5.109975e+02 1 5.111908e+01 -6.245005e-16 5.111751e+01 -0.000000e+00 1.000000e+00
1.000000e+00 5.110000e+02 1.057583e-13 5.109978e+02 -8.383051e-15 5.110000e+02 5.109978e+02 2 -4.852990e+01 -3.072542e-14 -4.852959e+01 -0.000000e+00 1.000000e+00
1.000000e+00 5.110000e+02 1.244721e-13 5.109518e+02 -1.716292e-15 5.110000e+02 5.109518e+02 3 4.438937e+01 2.886580e-15 4.439032e+01 0.000000e+00 1.000000e+00
1.000000e+00 5.110000e+02 1.791475e-13 5.109745e+02 -1.872807e-14 5.110000e+02 5.109745e+02 4 -3.894639e+01 -9.436896e-16 -3.894484e+01 -0.000000e+00 1.000000e+00
1.000000e+00 5.110000e+02 1.447289e-13 5.109682e+02 -1.934791e-14 5.110000e+02 5.109682e+02 5 3.252394e+01 6.994405e-15 3.252232e+01 0.000000e+00 1.000000e+00
1.000000e+00 5.110000e+02 1.458115e-13 5.109933e+02 -3.154248e-14 5.110000e+02 5.109933e+02 6 -2.549607e+01 9.159340e-15 -2.549747e+01 0.000000e+00 1.000000e+00
1.000000e+00 5.110000e+02 -5.666737e-14 5.110094e+02 6.117502e-15 5.110000e+02 5.110094e+02 7 1.826148e+01 7.993606e-15 1.826251e+01 0.000000e+00 1.000000e+00
1.000000e+00 5.110000e+02 -1.220872e-13 5.110028e+02 -2.312386e-15 5.110000e+02 5.110028e+02 8 -1.121581e+01 9.381385e-15 -1.121665e+01 0.000000e+00 1.000000e+00
1.000000e+00 5.110000e+02 -4.552914e-14 5.110041e+02 2.785272e-14 5.110000e+02 5.110041e+02 9 4.724732e+00 1.026262e-14 4.724088e+00 0.000000e+00 1.000000e+00
1.000000e+00 5.110000e+02 -8.612571e-14 5.110708e+02 -1.239764e-14 5.110000e+02 5.110708e+02 10 9.001078e-01 1.473821e-14 8.999931e-01 0.000000e+00 1.000000e+00
1.000000e+00 5.110000e+02 -5.329071e-14 5.110170e+02 -2.131628e-14 5.110000e+02 5.110170e+02 11 -5.420508e+00 8.937295e-15 -5.420970e+00 0.000000e+00 1.000000e+00
1.000000e+00 5.110000e+02 -4.263256e-14 5.110208e+02 -2.486900e-14 5.110000e+02 5.110208e+02 12 8.685151e+00 -1.360023e-15 8.684759e+00 -0.000000e+00 1.000000e+00
1.000000e+00 5.110000e+02 2.842171e-14 5.109672e+02 -2.131628e-14 5.110000e+02 5.109672e+02 13 -1.063614e+01 3.996803e-15 -1.063533e+01 0.000000e+00 1.000000e+00
1.000000e+00 5.110000e+02 -9.947598e-14 5.109929e+02 -1.065814e-14 5.110000e+02 5.109929e+02 14 1.130833e+01 9.436896e-15 1.130770e+01 0.000000e+00 1.000000e+00
1.000000e+00 5.110000e+02 -5.329071e-14 5.110225e+02 2.131628e-14 5.110000e+02 5.110225e+02 15 -1.082176e+01 6.827872e-15 -1.082093e+01 0.000000e+00 1.000000e+00
1.000000e+00 5.110000e+02 -9.237056e-14 5.109884e+02 -7.105427e-15 5.110000e+02 5.109884e+02 16 9.367945e+00 8.604228e-15 9.367633e+00 0.000000e+00 1.000000e+00
1.000000e+00 5.110000e+02 -1.065814e-13 5.109791e+02 -3.907985e-14 5.110000e+02 5.109791e+02 17 -7.191330e+00 -2.026157e-15 -7.192941e+00 -0.000000e+00 1.000000e+00
1.000000e+00 5.110000e+02 -1.065814e-13 5.110146e+02 1.421085e-14 5.110000e+02 5.110146e+02 18 4.567583e+00 9.669349e-15 4.566502e+00 0.000000e+00 1.000000e+00
1.000000e+00 5.110000e+02 -1.421085e-14 5.110043e+02 -7.105427e-15 5.110000e+02 5.110043e+02 19 -1.780517e+00 6.800116e-15 -1.778975e+00 0.000000e+00 1.000000e+00
1.000000e+00 5.110000e+02 1.776357e-14 5.109636e+02 -5.329071e-14 5.110000e+02 5.109636e+02 20 -9.004314e-01 6.411538e-15 -8.999931e-01 0.000000e+00 1.000000e+00
1.000000e+00 5.110000e+02 1.421085e-14 5.109980e+02 2.131628e-14 5.110000e+02 5.109980e+02 21 3.240385e+00 6.772360e-15 3.239275e+00 0.000000e+00 1.000000e+00
1.000000e+00 5.110000e+02 -6.394885e-14 5.109848e+02 -1.065814e-14 5.110000e+02 5.109848e+02 22 -5.055333e+00 6.772360e-15 -5.056771e+00 0.000000e+00 1.000000e+00
1.000000e+00 5.110000e+02 7.105427e-15 5.109990e+02 -6.039613e-14 5.110000e+02 5.109990e+02 23 6.223411e+00 9.214851e-15 6.222910e+00 0.000000e+00 1.000000e+00
1.000000e+00 5.110000e+02 -2.131628e-14 5.110073e+02 -6.039613e-14 5.110000e+02 5.110073e+02 24 -6.690440e+00 7.605028e-15 -6.692167e+00 0.000000e+00 1.000000e+00
1.000000e+00 5.110000e+02 -2.486900e-14 5.110220e+02 0.000000e+00 5.110000e+02 5.110220e+02 25 6.469547e+00 1.049161e-14 6.468044e+00 0.000000e+00 1.000000e+00
1.000000e+00 5.110000e+02 -2.842171e-14 5.109955e+02 1.421085e-14 5.110000e+02 5.109955e+02 26 -5.635169e+00 9.381385e-15 -5.634587e+00 0.000000e+00 1.000000e+00
1.000000e+00 5.110000e+02 -2.131628e-14 5.110072e+02 2.131628e-14 5.110000e+02 5.110072e+02 27 4.312216e+00 5.828671e-15 4.310862e+00 0.000000e+00 1.000000e+00
1.000000e+00 5.110000e+02 -2.842171e-14 5.110079e+02 -2.842171e-14 5.110000e+02 5.110079e+02 28 -2.661558e+00 8.090750e-15 -2.661458e+00 0.000000e+00 1.000000e+00
1.000000e+00 5.110000e+02 -1.101341e-13 5.110045e+02 2.486900e-14 5.110000e+02 5.110045e+02 29 8.632450e-01 4.884981e-15 8.649739e-01 0.000000e+00 1.000000e+00
1.000000e+00 5.110000e+02 -1.278977e-13 5.110368e+02 -7.105427e-15 5.110000e+02 5.110368e+02 30 9.009720e-01 1.049161e-14 8.999931e-01 0.000000e+00 1.000000e+00
1.000000e+00 5.110000e+02 -1.456613e-13 5.109396e+02 2.131628e-14 5.110000e+02 5.109396e+02 31 -2.464263e+00 6.661338e-15 -2.465351e+00 0.000000e+00 1.000000e+00
1.000000e+00 5.110000e+02 -1.705303e-13 5.110109e+02 1.065814e-14 5.110000e+02 5.110109e+02 32 3.689076e+00 1.071365e-14 3.687521e+00 0.000000e+00 1.000000e+00
1.000000e+00 5.110000e+02 -6.394885e-14 5.109815e+02 7.105427e-15 5.110000e+02 5.109815e+02 33 -4.478068e+00 2.053913e-15 -4.478954e+00 0.000000e+00 1.000000e+00
1.000000e+00 5.110000e+02 -2.131628e-14 5.110286e+02 -7.815970e-14 5.110000e+02 5.110286e+02 34 4.780804e+00 1.110223e-15 4.780119e+00 0.000000e+00 1.000000e+00
1.000000e+00 5.110000e+02 -9.237056e-14 5.110144e+02 0.000000e+00 5.110000e+02 5.110144e+02 35 -4.595833e+00 4.413137e-15 -4.594517e+00 0.000000e+00 1.000000e+00
1.000000e+00 5.110000e+02 -2.629008e-13 5.109975e+02 -1.776357e-14 5.110000e+02 5.109975e+02 36 3.968164e+00 4.607426e-15 3.967674e+00 0.000000e+00 1.000000e+00
1.000000e+00 5.110000e+02 -8.881784e-14 5.110047e+02 -4.263256e-14 5.110000e+02 5.110047e+02 37 -2.982598e+00 4.204970e-15 -2.983635e+00 0.000000e+00 1.000000e+00
1.000000e+00 5.110000e+02 -1.492140e-13 5.110086e+02 -2.842171e-14 5.110000e+02 5.110086e+02 38 1.753711e+00 5.495604e-15 1.754461e+00 0.000000e+00 1.000000e+00
1.000000e+00 5.110000e+02 -5.329071e-14 5.110477e+02 0.000000e+00 5.110000e+02 5.110477e+02 39 -4.135462e-01 -1.443290e-15 -4.132264e-01 -0.000000e+00 1.000000e+00
1.000000e+00 5.110000e+02 -1.527667e-13 5.110108e+02 0.000000e+00 5.110000e+02 5.110108e+02 40 -9.017315e-01 3.996803e-15 -8.999931e-01 0.000000e+00 1.000000e+00
1.000000e+00 5.110000e+02 -1.350031e-13 5.109806e+02 0.000000e+00 5.110000e+02 5.109806e+02 41 2.064955e+00 9.048318e-15 2.066132e+00 0.000000e+00 1.000000e+00
1.000000e+00 5.110000e+02 -1.207923e-13 5.109875e+02 -5.329071e-14 5.110000e+02 5.109875e+02 42 -2.969634e+00 4.884981e-15 -2.969627e+00 0.000000e+00 1.000000e+00
1.000000e+00 5.110000e+02 -1.492140e-13 5.109721e+02 -3.907985e-14 5.110000e+02 5.109721e+02 43 3.539172e+00 8.437695e-15 3.540440e+00 0.000000e+00 1.000000e+00
1.000000e+00 5.110000e+02 -3.552714e-14 5.109749e+02 3.552714e-14 5.110000e+02 5.109749e+02 44 -3.732859e+00 3.941292e-15 -3.733045e+00 0.000000e+00 1.000000e+00
1.000000e+00 5.110000e+02 -1.989520e-13 5.110160e+02 -3.552714e-14 5.110000e+02 5.110160e+02 45 3.548207e+00 8.104628e-15 3.547444e+00 0.000000e+00 1.000000e+00
1.000000e+00 5.110000e+02 -1.492140e-13 5.110199e+02 3.197442e-14 5.110000e+02 5.110199e+02 46 -3.019567e+00 4.746203e-15 -3.018654e+00 0.000000e+00 1.000000e+00
1.000000e+00 5.110000e+02 -1.492140e-13 5.109652e+02 -3.907985e-14 5.110000e+02 5.109652e+02 47 2.213288e+00 4.884981e-15 2.213213e+00 0.000000e+00 1.000000e+00
1.000000e+00 5.110000e+02 -4.263256e-14 5.109718e+02 1.065814e-14 5.110000e+02 5.109718e+02 48 -1.220020e+00 3.996803e-15 -1.218668e+00 0.000000e+00 1.000000e+00
1.000000e+00 5.110000e+02 -7.105427e-15 5.110233e+02 -5.329071e-14 5.110000e+02 5.110233e+02 49 1.449962e-01 5.551115e-15 1.435787e-01 0.000000e+00 1.000000e+00
1.000000e+00 5.110000e+02 -2.842171e-14 5.109894e+02 0.000000e+00 5.110000e+02 5.109894e+02 50 9.027126e-01 4.662937e-15 9.034951e-01 0.000000e+00 1.000000e+00
1.000000e+00 5.110000e+02 -2.131628e-14 5.110128e+02 -1.065814e-14 5.110000e+02 5.110128e+02 51 -1.820905e+00 4.218847e-15 -1.820998e+00 0.000000e+00 1.000000e+00
1.000000e+00 5.110000e+02 -1.101341e-13 5.110014e+02 1.421085e-14 5.110000e+02 5.110014e+02 52 2.523899e+00 5.440093e-15 2.524883e+00 0.000000e+00 1.000000e+00
1.000000e+00 5.110000e+02 -1.101341e-13 5.110132e+02 -1.776357e-14 5.110000e+02 5.110132e+02 53 -2.950250e+00 7.216450e-16 -2.948616e+00 0.000000e+00 1.000000e+00
1.000000e+00 5.110000e+02 -7.105427e-14 5.110189e+02 -1.421085e-14 5.110000e+02 5.110189e+02 54 3.067843e+00 3.219647e-15 3.067681e+00 0.000000e+00 1.000000e+00
1.000000e+00 5.110000e+02 -2.842171e-14 5.110022e+02 -2.842171e-14 5.110000e+02 5.110022e+02 55 -2.875989e+00 1.845746e-15 -2.875075e+00 0.000000e+00 1.000000e+00
1.000000e+00 5.110000e+02 6.039613e-14 5.110015e+02 0.000000e+00 5.110000e+02 5.110015e+02 56 2.404397e+00 4.607426e-15 2.405818e+00 0.000000e+00 1.000000e+00
1.000000e+00 5.110000e+02 -2.842171e-14 5.109695e+02 -2.842171e-14 5.110000e+02 5.109695e+02 57 -1.709245e+00 1.443290e-15 -1.708936e+00 0.000000e+00 1.000000e+00
1.000000e+00 5.110000e+02 3.552714e-14 5.110083e+02 -3.197442e-14 5.110000e+02 5.110083e+02 58 8.668090e-01 1.665335e-15 8.684759e-01 0.000000e+00 1.000000e+00
1.000000e+00 5.110000e+02 5.684342e-14 5.110144e+02 -4.263256e-14 5.110000e+02 5.110144e+02 59 3.465234e-02 1.554312e-15 3.501919e-02 0.000000e+00 1.000000e+00
1.000000e+00 5.110000e+02 -4.263256e-14 5.109778e+02 4.973799e-14 5.110000e+02 5.109778e+02 60 -9.039187e-01 1.998401e-15 -9.034951e-01 0.000000e+00 1.000000e+00
1.000000e+00 5.110000e+02 1.421085e-14 5.109790e+02 -1.136868e-13 5.110000e+02 5.109790e+02 61 1.655835e+00 3.330669e-15 1.656408e+00 0.000000e+00 1.000000e+00
1.000000e+00 5.110000e+02 9.947598e-14 5.109993e+02 -8.171241e-14 5.110000e+02 5.109993e+02 62 -2.219469e+00 1.554312e-15 -2.220217e+00 0.000000e+00 1.000000e+00
1.000000e+00 5.110000e+02 -3.244007e-14 5.109952e+02 4.986289e-14 5.110000e+02 5.109952e+02 63 2.544637e+00 -6.661338e-16 2.545895e+00 -0.000000e+00 1.000000e+00
1.000000e+00 5.110000e+02 1.274281e-14 5.109476e+02 -2.731279e-14 5.110000e+02 5.109476e+02 64 -2.606205e+00 -2.137179e-15 -2.605428e+00 -0.000000e+00 1.000000e+00
1.000000e+00 5.110000e+02 1.503267e-15 5.109732e+02 -2.252538e-14 5.110000e+02 5.109732e+02 65 2.405821e+00 -7.771561e-16 2.405818e+00 -0.000000e+00 1.000000e+00
1.000000e+00 5.110000e+02 -4.627725e-14 5.110346e+02 2.197298e-14 5.110000e+02 5.110346e+02 66 -1.970974e+00 2.220446e-15 -1.971580e+00 0.000000e+00 1.000000e+00
1.000000e+00 5.110000e+02 5.910369e-15 5.109795e+02 -6.895352e-14 5.110000e+02 5.109795e+02 67 1.351556e+00 -3.552714e-15 1.351741e+00 -0.000000e+00 1.000000e+00
1.000000e+00 5.110000e+02 -1.937794e-14 5.109761e+02 3.654282e-14 5.110000e+02 5.109761e+02 68 -6.143152e-01 4.440892e-16 -6.128358e-01 0.000000e+00 1.000000e+00
1.000000e+00 5.110000e+02 -5.186483e-14 5.109717e+02 3.209412e-14 5.110000e+02 5.109717e+02 69 -1.641787e-01 2.664535e-15 -1.645902e-01 0.000000e+00 1.000000e+00
1.000000e+00 5.110000e+02 -3.768515e-14 5.110118e+02 1.152030e-14 5.110000e+02 5.110118e+02 70 9.053542e-01 -3.552714e-15 9.069970e-01 -0.000000e+00 1.000000e+00
1.000000e+00 5.110000e+02 -9.070150e-15 5.109963e+02 1.031727e-15 5.110000e+02 5.109963e+02 71 -1.536439e+00 0.000000e+00 -1.537342e+00 0.000000e+00 1.000000e+00
1.000000e+00 5.110000e+02 2.842272e-14 5.110173e+02 -1.303038e-14 5.110000e+02 5.110173e+02 72 1.997490e+00 5.329071e-15 1.996094e+00 0.000000e+00 1.000000e+00
1.000000e+00 5.110000e+02 2.912421e-15 5.109890e+02 -7.686993e-15 5.110000e+02 5.109890e+02 73 -2.246980e+00 -7.105427e-15 -2.248232e+00 -0.000000e+00 1.000000e+00
1.000000e+00 5.110000e+02 3.683903e-14 5.110155e+02 -2.123215e-14 5.110000e+02 5.110155e+02 74 2.265430e+00 -2.664535e-15 2.265741e+00 -0.000000e+00 1.000000e+00
1.000000e+00 5.110000e+02 -5.656483e-15 5.110246e+02 -4.572731e-15 5.110000e+02 5.110246e+02 75 -2.056783e+00 2.664535e-15 -2.055626e+00 0.000000e+00 1.000000e+00
1.000000e+00 5.110000e+02 4.480874e-15 5.110082e+02 1.041875e-14 5.110000e+02 5.110082e+02 76 1.647432e+00 0.000000e+00 1.645902e+00 0.000000e+00 1.000000e+00
1.000000e+00 5.110000e+02 -2.250415e-14 5.110137e+02 3.594781e-14 5.110000e+02 5.110137e+02 77 -1.083063e+00 -2.664535e-15 -1.082093e+00 -0.000000e+00 1.000000e+00
1.000000e+00 5.110000e+02 -1.979851e-14 5.109966e+02 1.772714e-14 5.110000e+02 5.109966e+02 78 4.236670e-01 -1.776357e-15 4.237322e-01 -0.000000e+00 1.000000e+00
1.000000e+00 5.110000e+02 2.584633e-14 5.109637e+02 -6.563673e-14 5.110000e+02 5.109637e+02 79 2.627355e-01 -4.440892e-16 2.626439e-01 -0.000000e+00 1.000000e+00
1.000000e+00 5.110000e+02 6.227604e-14 5.110273e+02 1.237638e-14 5.110000e+02 5.110273e+02 80 -9.070242e-01 -8.881784e-16 -9.069970e-01 -0.000000e+00 1.000000e+00
1.000000e+00 5.110000e+02 -6.293017e-15 5.109619e+02 1.622660e-14 5.110000e+02 5.109619e+02 81 1.445855e+00 3.552714e-15 1.446292e+00 0.000000e+00 1.000000e+00
1.000000e+00 5.110000e+02 2.704594e-14 5.109913e+02 -1.434616e-14 5.110000e+02 5.109913e+02 82 -1.827808e+00 1.249001e-16 -1.828002e+00 0.000000e+00 1.000000e+00
1.000000e+00 5.110000e+02 1.472126e-14 5.110162e+02 6.278658e-14 5.110000e+02 5.110162e+02 83 2.018226e+00 2.220446e-15 2.017105e+00 0.000000e+00 1.000000e+00
1.000000e+00 5.110000e+02 -2.842171e-14 5.109717e+02 1.421085e-14 5.110000e+02 5.109717e+02 84 -2.002281e+00 1.332268e-15 -2.003098e+00 0.000000e+00 1.000000e+00
1.000000e+00 5.110000e+02 -2.842171e-14 5.109529e+02 -8.526513e-14 5.110000e+02 5.109529e+02 85 1.786020e+00 -8.881784e-16 1.785979e+00 -0.000000e+00 1.000000e+00
1.000000e+00 5.110000e+02 2.842171e-14 5.109850e+02 -1.421085e-14 5.110000e+02 5.109850e+02 86 -1.395314e+00 3.108624e-15 -1.393764e+00 0.000000e+00 1.000000e+00
1.000000e+00 5.110000e+02 7.105427e-14 5.110238e+02 -1.421085e-14 5.110000e+02 5.110238e+02 87 8.728730e-01 0.000000e+00 8.719778e-01 0.000000e+00 1.000000e+00
1.000000e+00 5.110000e+02 2.842171e-14 5.110166e+02 2.842171e-14 5.110000e+02 5.110166e+02 88 -2.736490e-01 2.220446e-16 -2.731497e-01 0.000000e+00 1.000000e+00
1.000000e+00 5.110000e+02 -2.842171e-14 5.109997e+02 -1.421085e-14 5.110000e+02 5.109997e+02 89 -3.408755e-01 6.661338e-16 -3.396861e-01 0.000000e+00 1.000000e+00
1.000000e+00 5.110000e+02 -5.684342e-14 5.110129e+02 -2.842171e-14 5.110000e+02 5.110129e+02 90 9.089351e-01 -2.220446e-16 9.104989e-01 -0.000000e+00 1.000000e+00
1.000000e+00 5.110000e+02 -4.263256e-14 5.109650e+02 -4.263256e-14 5.110000e+02 5.109650e+02 91 -1.374630e+00 3.608225e-16 -1.376254e+00 0.000000e+00 1.000000e+00
1.000000e+00 5.110000e+02 1.421085e-14 5.109597e+02 -1.421085e-14 5.110000e+02 5.109597e+02 92 1.693374e+00 9.992007e-16 1.694929e+00 0.000000e+00 1.000000e+00
1.000000e+00 5.110000e+02 2.842171e-14 5.109978e+02 -4.263256e-14 5.110000e+02 5.109978e+02 93 -1.836110e+00 5.551115e-16 -1.835005e+00 0.000000e+00 1.000000e+00
1.000000e+00 5.110000e+02 0.000000e+00 5.109647e+02 -4.263256e-14 5.110000e+02 5.109647e+02 94 1.791906e+00 1.110223e-15 1.792982e+00 0.000000e+00 1.000000e+00
1.000000e+00 5.110000e+02 -7.105427e-14 5.109638e+02 -4.263256e-14 5.110000e+02 5.109638e+02 95 -1.568704e+00 1.998401e-15 -1.568860e+00 0.000000e+00 1.000000e+00
1.000000e+00 5.110000e+02 -8.526513e-14 5.109979e+02 -4.263256e-14 5.110000e+02 5.109979e+02 96 1.192170e+00 1.554312e-15 1.190652e+00 0.000000e+00 1.000000e+00
1.000000e+00 5.110000e+02 1.421085e-14 5.109921e+02 0.000000e+00 5.110000e+02 5.109921e+02 97 -7.028175e-01 1.443290e-15 -7.038857e-01 0.000000e+00 1.000000e+00
1.000000e+00 5.110000e+02 -2.842171e-14 5.110026e+02 -4.263256e-14 5.110000e+02 5.110026e+02 98 1.516932e-01 6.661338e-16 1.505825e-01 0.000000e+00 1.000000e+00
1.000000e+00 5.110000e+02 2.842171e-14 5.109806e+02 7.105427e-14 5.110000e+02 5.109806e+02 99 4.048962e-01 2.331468e-15 4.062226e-01 0.000000e+00 1.000000e+00
1.000000e+00 5.110000e+02 1.421085e-14 5.109837e+02 -5.684342e-14 5.110000e+02 5.109837e+02 100 -9.110939e-01 4.718448e-16 -9.104989e-01 0.000000e+00 1.000000e+00
1.000000e+00 5.110000e+02 9.947598e-14 5.109924e+02 1.421085e-14 5.110000e+02 5.109924e+02 101 1.317056e+00 2.803313e-15 1.316721e+00 0.000000e+00 1.000000e+00
1.000000e+00 5.110000e+02 5.684342e-14 5.109995e+02 5.684342e-14 5.110000e+02 5.109995e+02 102 -1.583818e+00 1.554312e-15 -1.582867e+00 0.000000e+00 1.000000e+00
1.000000e+00 5.110000e+02 1.136868e-13 5.110010e+02 1.421085e-14 5.110000e+02 5.110010e+02 103 1.687001e+00 3.108624e-15 1.687925e+00 0.000000e+00 1.000000e+00
1.000000e+00 5.110000e+02 8.526513e-14 5.110586e+02 -2.842171e-14 5.110000e+02 5.110586e+02 104 -1.618997e+00 1.221245e-15 -1.617886e+00 0.000000e+00 1.000000e+00
1.000000e+00 5.110000e+02 2.842171e-14 5.109879e+02 0.000000e+00 5.110000e+02 5.109879e+02 105 1.389448e+00 2.886580e-15 1.390262e+00 0.000000e+00 1.000000e+00
1.000000e+00 5.110000e+02 7.105427e-14 5.109882e+02 5.684342e-14 5.110000e+02 5.109882e+02 106 -1.024006e+00 8.881784e-16 -1.022560e+00 0.000000e+00 1.000000e+00
1.000000e+00 5.110000e+02 9.947598e-14 5.109872e+02 2.842171e-14 5.110000e+02 5.109872e+02 107 5.615041e-01 7.771561e-16 5.603070e-01 0.000000e+00 1.000000e+00
1.000000e+00 5.110000e+02 1.705303e-13 5.110444e+02 1.136868e-13 5.110000e+02 5.110444e+02 108 -4.987366e-02 2.831069e-15 -4.902686e-02 0.000000e+00 1.000000e+00
1.000000e+00 5.110000e+02 8.526513e-14 5.109995e+02 2.842171e-14 5.110000e+02 5.109995e+02 109 -4.587926e-01 1.221245e-15 -4.587514e-01 0.000000e+00 1.000000e+00
1.000000e+00 5.110000e+02 1.705303e-13 5.109949e+02 8.526513e-14 5.110000e+02 5.109949e+02 110 9.135092e-01 2.359224e-15 9.140008e-01 0.000000e+00 1.000000e+00
1.000000e+00 5.110000e+02 8.526513e-14 5.109629e+02 4.263256e-14 5.110000e+02 5.109629e+02 111 -1.269477e+00 1.720846e-15 -1.271197e+00 0.000000e+00 1.000000e+00
1.000000e+00 5.110000e+02 2.842171e-14 5.110034e+02 0.000000e+00 5.110000e+02 5.110034e+02 112 1.492467e+00 1.110223e-15 1.491817e+00 0.000000e+00 1.000000e+00
1.000000e+00 5.110000e+02 2.842171e-14 5.109949e+02 4.263256e-14 5.110000e+02 5.109949e+02 113 -1.562084e+00 2.220446e-16 -1.561856e+00 0.000000e+00 1.000000e+00
1.000000e+00 5.110000e+02 1.278977e-13 5.109789e+02 2.842171e-14 5.110000e+02 5.109789e+02 114 1.473601e+00 3.330669e-15 1.474308e+00 0.000000e+00 1.000000e+00
1.000000e+00 5.110000e+02 5.684342e-14 5.109870e+02 -1.136868e-13 5.110000e+02 5.109870e+02 115 -1.238203e+00 2.886580e-15 -1.239679e+00 0.000000e+00 1.000000e+00
1.000000e+00 5.110000e+02 7.105427e-14 5.109919e+02 -4.263256e-14 5.110000e+02 5.109919e+02 116 8.816352e-01 3.330669e-15 8.824835e-01 0.000000e+00 1.000000e+00
1.000000e+00 5.110000e+02 8.526513e-14 5.109946e+02 7.105427e-14 5.110000e+02 5.109946e+02 117 -4.414205e-01 9.992007e-16 -4.412418e-01 0.000000e+00 1.000000e+00
1.000000e+00 5.110000e+02 5.684342e-14 5.109861e+02 2.842171e-14 5.110000e+02 5.109861e+02 118 -3.706121e-02 3.497203e-15 -3.852111e-02 0.000000e+00 1.000000e+00
1.000000e+00 5.110000e+02 1.421085e-13 5.110252e+02 1.421085e-14 5.110000e+02 5.110252e+02 119 5.052255e-01 2.248202e-15 5.042763e-01 0.000000e+00 1.000000e+00
1.000000e+00 5.110000e+02 7.105427e-14 5.109929e+02 0.000000e+00 5.110000e+02 5.109929e+02 120 -9.161904e-01 1.998401e-15 -9.175027e-01 0.000000e+00 1.000000e+00
1.000000e+00 5.110000e+02 -1.421085e-14 5.110082e+02 -1.421085e-14 5.110000e+02 5.110082e+02 121 1.229447e+00 1.665335e-15 1.229174e+00 0.000000e+00 1.000000e+00
1.000000e+00 5.110000e+02 -1.421085e-14 5.109831e+02 7.105427e-14 5.110000e+02 5.109831e+02 122 -1.414830e+00 1.998401e-15 -1.414775e+00 0.000000e+00 1.000000e+00
1.000000e+00 5.110000e+02 5.684342e-14 5.109760e+02 1.421085e-14 5.110000e+02 5.109760e+02 123 1.455399e+00 3.108624e-15 1.456798e+00 0.000000e+00 1.000000e+00
1.000000e+00 5.110000e+02 1.421085e-14 5.110019e+02 -4.263256e-14 5.110000e+02 5.110019e+02 124 -1.348966e+00 1.776357e-15 -1.348239e+00 0.000000e+00 1.000000e+00
1.000000e+00 5.110000e+02 5.684342e-14 5.109912e+02 1.421085e-14 5.110000e+02 5.109912e+02 125 1.108119e+00 2.664535e-15 1.106606e+00 0.000000e+00 1.000000e+00
1.000000e+00 5.110000e+02 -1.421085e-14 5.110104e+02 -1.421085e-14 5.110000e+02 5.110104e+02 126 -7.587729e-01 1.110223e-15 -7.599164e-01 0.000000e+00 1.000000e+00
1.000000e+00 5.110000e+02 1.421085e-14 5.110021e+02 1.421085e-14 5.110000e+02 5.110021e+02 127 3.374047e-01 1.443290e-15 3.361842e-01 0.000000e+00 1.000000e+00
1.000000e+00 5.110000e+02 1.421085e-14 5.110161e+02 0.000000e+00 5.110000e+02 5.110161e+02 128 1.127349e-01 2.123302e-15 1.120614e-01 0.000000e+00 1.000000e+00
1.000000e+00 5.110000e+02 -1.136868e-13 5.109778e+02 0.000000e+00 5.110000e+02 5.109778e+02 129 -5.460397e-01 2.331468e-15 -5.462993e-01 0.000000e+00 1.000000e+00
1.000000e+00 5.110000e+02 2.842171e-14 5.110328e+02 0.000000e+00 5.110000e+02 5.110328e+02 130 9.191486e-01 8.881784e-16 9.175027e-01 0.000000e+00 1.000000e+00
1.000000e+00 5.110000e+02 1.421085e-14 5.110241e+02 1.421085e-14 5.110000e+02 5.110241e+02 131 -1.195265e+00 1.110223e-15 -1.194154e+00 0.000000e+00 1.000000e+00
1.000000e+00 5.110000e+02 0.000000e+00 5.110367e+02 7.105427e-14 5.110000e+02 5.110367e+02 132 1.347770e+00 1.554312e-15 1.348239e+00 0.000000e+00 1.000000e+00
1.000000e+00 5.110000e+02 2.842171e-14 5.110011e+02 -8.526513e-14 5.110000e+02 5.110011e+02 133 -1.362768e+00 2.220446e-16 -1.362246e+00 0.000000e+00 1.000000e+00
1.000000e+00 5.110000e+02 7.105427e-14 5.109796e+02 -5.684342e-14 5.110000e+02 5.109796e+02 134 1.240338e+00 4.440892e-16 1.239679e+00 0.000000e+00 1.000000e+00
1.000000e+00 5.110000e+02 7.105427e-14 5.110048e+02 2.842171e-14 5.110000e+02 5.110048e+02 135 -9.943582e-01 2.220446e-16 -9.945449e-01 0.000000e+00 1.000000e+00
1.000000e+00 5.110000e+02 3.945571e-14 5.110350e+02 -4.778122e-14 5.110000e+02 5.110350e+02 136 6.509645e-01 5.551115e-16 6.513569e-01 0.000000e+00 1.000000e+00
1.000000e+00 5.110000e+02 7.089413e-14 5.110120e+02 2.114628e-15 5.110000e+02 5.110120e+02 137 -2.457857e-01 5.967449e-16 -2.451343e-01 0.000000e+00 1.000000e+00
1.000000e+00 5.110000e+02 1.094725e-13 5.110220e+02 -3.070114e-14 5.110000e+02 5.110220e+02 138 -1.797341e-01 -4.440892e-16 -1.785979e-01 -0.000000e+00 1.000000e+00
1.000000e+00 5.110000e+02 1.283777e-13 5.110261e+02 -4.811429e-14 5.110000e+02 5.110261e+02 139 5.825588e-01 2.220446e-15 5.813185e-01 0.000000e+00 1.000000e+00
1.000000e+00 5.110000e+02 7.743655e-14 5.109910e+02 7.582476e-15 5.110000e+02 5.109910e+02 140 -9.223961e-01 -2.220446e-15 -9.210046e-01 -0.000000e+00 1.000000e+00
1.000000e+00 5.110000e+02 1.664065e-14 5.110036e+02 -3.070461e-15 5.110000e+02 5.110036e+02 141 1.165713e+00 0.000000e+00 1.166139e+00 0.000000e+00 1.000000e+00
1.000000e+00 5.110000e+02 6.339711e-14 5.109972e+02 3.757845e-14 5.110000e+02 5.109972e+02 142 -1.289029e+00 8.881784e-16 -1.288706e+00 0.000000e+00 1.000000e+00
1.000000e+00 5.110000e+02 8.773171e-14 5.109951e+02 3.717512e-15 5.110000e+02 5.109951e+02 143 1.281172e+00 -2.664535e-15 1.281702e+00 -0.000000e+00 1.000000e+00
1.000000e+00 5.110000e+02 1.535381e-14 5.110442e+02 -9.189698e-15 5.110000e+02 5.110442e+02 144 -1.144269e+00 -5.329071e-15 -1.145127e+00 -0.000000e+00 1.000000e+00
1.000000e+00 5.110000e+02 6.613975e-14 5.110277e+02 -1.345083e-14 5.110000e+02 5.110277e+02 145 8.934011e-01 -1.776357e-15 8.929893e-01 -0.000000e+00 1.000000e+00
1.000000e+00 5.110000e+02 7.406216e-14 5.109854e+02 -4.943962e-15 5.110000e+02 5.109854e+02 146 -5.549581e-01 0.000000e+00 -5.533032e-01 0.000000e+00 1.000000e+00
1.000000e+00 5.110000e+02 1.413874e-13 5.109711e+02 -6.916342e-15 5.110000e+02 5.109711e+02 147 1.638748e-01 0.000000e+00 1.645902e-01 0.000000e+00 1.000000e+00
1.000000e+00 5.110000e+02 3.621175e-14 5.109782e+02 6.428018e-15 5.110000e+02 5.109782e+02 148 2.399606e-01 4.440892e-15 2.416324e-01 0.000000e+00 1.000000e+00
1.000000e+00 5.110000e+02 1.141618e-13 5.110179e+02 2.118097e-15 5.110000e+02 5.110179e+02 149 -6.157611e-01 5.329071e-15 -6.163377e-01 0.000000e+00 1.000000e+00
1.000000e+00 5.110000e+02 5.891085e-14 5.109964e+02 8.343153e-15 5.110000e+02 5.109964e+02 150 9.259471e-01 2.664535e-15 9.245066e-01 0.000000e+00 1.000000e+00
1.000000e+00 5.110000e+02 5.872245e-14 5.109945e+02 -2.289575e-14 5.110000e+02 5.109945e+02 151 -1.139892e+00 -4.440892e-15 -1.141626e+00 -0.000000e+00 1.000000e+00
1.000000e+00 5.110000e+02 5.759024e-14 5.110022e+02 -4.031671e-14 5.110000e+02 5.110022e+02 152 1.236936e+00 4.440892e-16 1.236177e+00 0.000000e+00 1.000000e+00
1.000000e+00 5.110000e+02 1.409466e-14 5.110069e+02 -2.920884e-14 5.110000e+02 5.110069e+02 153 -1.208367e+00 -8.881784e-16 -1.208162e+00 -0.000000e+00 1.000000e+00
1.000000e+00 5.110000e+02 1.094110e-13 5.110101e+02 -1.948441e-14 5.110000e+02 5.110101e+02 154 1.058192e+00 1.110223e-15 1.057579e+00 0.000000e+00 1.000000e+00
1.000000e+00 5.110000e+02 8.719455e-14 5.110442e+02 1.898134e-14 5.110000e+02 5.110442e+02 155 -8.026183e-01 2.220446e-16 -8.019394e-01 0.000000e+00 1.000000e+00
1.000000e+00 5.110000e+02 1.293144e-13 5.109839e+02 3.667205e-15 5.110000e+02 5.109839e+02 156 4.683170e-01 2.220446e-16 4.692571e-01 0.000000e+00 1.000000e+00
1.000000e+00 5.110000e+02 1.278977e-13 5.109954e+02 -6.394885e-14 5.110000e+02 5.109954e+02 157 -8.965011e-02 6.661338e-16 -9.104989e-02 0.000000e+00 1.000000e+00
1.000000e+00 5.110000e+02 7.815970e-14 5.110673e+02 -9.237056e-14 5.110000e+02 5.110673e+02 158 -2.948499e-01 6.661338e-16 -2.941612e-01 0.000000e+00 1.000000e+00
1.000000e+00 5.110000e+02 7.105427e-14 5.109909e+02 -8.526513e-14 5.110000e+02 5.109909e+02 159 6.463896e-01 1.998401e-15 6.478550e-01 0.000000e+00 1.000000e+00
1.000000e+00 5.110000e+02 7.105427e-15 5.110492e+02 -8.526513e-14 5.110000e+02 5.110492e+02 160 -9.298177e-01 -2.220446e-16 -9.315104e-01 -0.000000e+00 1.000000e+00
1.000000e+00 5.110000e+02 1.278977e-13 5.110262e+02 -3.552714e-14 5.110000e+02 5.110262e+02 161 1.117130e+00 -4.440892e-16 1.117112e+00 -0.000000e+00 1.000000e+00
1.000000e+00 5.110000e+02 -2.131628e-14 5.109976e+02 0.000000e+00 5.110000e+02 5.109976e+02 162 -1.190226e+00 -8.881784e-16 -1.190652e+00 -0.000000e+00 1.000000e+00
1.000000e+00 5.110000e+02 7.815970e-14 5.110041e+02 -7.105427e-14 5.110000e+02 5.110041e+02 163 1.142650e+00 6.661338e-16 1.141626e+00 0.000000e+00 1.000000e+00
1.000000e+00 5.110000e+02 2.131628e-14 5.110068e+02 -6.394885e-14 5.110000e+02 5.110068e+02 164 -9.801497e-01 -7.771561e-16 -9.805373e-01 -0.000000e+00 1.000000e+00
1.000000e+00 5.110000e+02 1.350031e-13 5.110269e+02 2.131628e-14 5.110000e+02 5.110269e+02 165 7.199986e-01 1.387779e-15 7.213953e-01 0.000000e+00 1.000000e+00
1.000000e+00 5.110000e+02 1.136868e-13 5.109873e+02 -3.552714e-14 5.110000e+02 5.109873e+02 166 -3.891714e-01 1.110223e-15 -3.887130e-01 0.000000e+00 1.000000e+00
1.000000e+00 5.110000e+02 4.263256e-14 5.110145e+02 -5.684342e-14 5.110000e+02 5.110145e+02 167 2.155539e-02 2.220446e-16 2.101151e-02 0.000000e+00 1.000000e+00
1.000000e+00 5.110000e+02 2.131628e-14 5.109902e+02 -7.105427e-15 5.110000e+02 5.109902e+02 168 3.455115e-01 6.661338e-16 3.466900e-01 0.000000e+00 1.000000e+00
1.000000e+00 5.110000e+02 1.421085e-14 5.109554e+02 -1.421085e-14 5.110000e+02 5.109554e+02 169 -6.750230e-01 2.220446e-16 -6.758703e-01 0.000000e+00 1.000000e+00
1.000000e+00 5.110000e+02 9.947598e-14 5.109683e+02 1.421085e-14 5.110000e+02 5.109683e+02 170 9.340260e-01 1.443290e-15 9.350123e-01 0.000000e+00 1.000000e+00
1.000000e+00 5.110000e+02 7.105427e-15 5.110237e+02 0.000000e+00 5.110000e+02 5.110237e+02 171 -1.096908e+00 -9.992007e-16 -1.096101e+00 -0.000000e+00 1.000000e+00
1.000000e+00 5.110000e+02 7.815970e-14 5.109702e+02 -7.105427e-15 5.110000e+02 5.109702e+02 172 1.147921e+00 0.000000e+00 1.148629e+00 0.000000e+00 1.000000e+00
1.000000e+00 5.110000e+02 0.000000e+00 5.109872e+02 3.552714e-14 5.110000e+02 5.109872e+02 173 -1.082699e+00 -1.665335e-16 -1.082093e+00 -0.000000e+00 1.000000e+00
1.000000e+00 5.110000e+02 2.842171e-14 5.110153e+02 7.105427e-15 5.110000e+02 5.110153e+02 174 9.086175e-01 1.249001e-15 9.069970e-01 0.000000e+00 1.000000e+00
1.000000e+00 5.110000e+02 4.263256e-14 5.110097e+02 0.000000e+00 5.110000e+02 5.110097e+02 175 -6.439703e-01 8.326673e-16 -6.443531e-01 0.000000e+00 1.000000e+00
1.000000e+00 5.110000e+02 -4.263256e-14 5.110005e+02 7.815970e-14 5.110000e+02 5.110005e+02 176 3.160553e-01 1.443290e-15 3.151727e-01 0.000000e+00 1.000000e+00
1.000000e+00 5.110000e+02 7.105427e-15 5.110196e+02 -7.105427e-15 5.110000e+02 5.110196e+02 177 4.163448e-02 5.551115e-16 4.202303e-02 0.000000e+00 1.000000e+00
1.000000e+00 5.110000e+02 3.552714e-14 5.109876e+02 -2.842171e-14 5.110000e+02 5.109876e+02 178 -3.928233e-01 9.992007e-16 -3.922149e-01 0.000000e+00 1.000000e+00
1.000000e+00 5.110000e+02 2.842171e-14 5.110212e+02 -3.552714e-14 5.110000e+02 5.110212e+02 179 7.021234e-01 6.661338e-16 7.003838e-01 0.000000e+00 1.000000e+00
1.000000e+00 5.110000e+02 3.552714e-14 5.109782e+02 2.131628e-14 5.110000e+02 5.109782e+02 180 -9.385926e-01 9.992007e-16 -9.385142e-01 0.000000e+00 1.000000e+00
1.000000e+00 5.110000e+02 -7.815970e-14 5.109823e+02 -2.842171e-14 5.110000e+02 5.109823e+02 181 1.078823e+00 2.553513e-15 1.078591e+00 0.000000e+00 1.000000e+00
1.000000e+00 5.110000e+02 -9.237056e-14 5.109765e+02 8.526513e-14 5.110000e+02 5.109765e+02 182 -1.109252e+00 8.049117e-16 -1.110108e+00 0.000000e+00 1.000000e+00
1.000000e+00 5.110000e+02 -1.350031e-13 5.109942e+02 3.552714e-14 5.110000e+02 5.109942e+02 183 1.027467e+00 1.582068e-15 1.026062e+00 0.000000e+00 1.000000e+00
1.000000e+00 5.110000e+02 -3.552714e-14 5.109965e+02 -5.684342e-14 5.110000e+02 5.109965e+02 184 -8.423832e-01 1.609823e-15 -8.439624e-01 0.000000e+00 1.000000e+00
1.000000e+00 5.110000e+02 -1.207923e-13 5.109956e+02 0.000000e+00 5.110000e+02 5.109956e+02 185 5.732796e-01 1.443290e-15 5.743147e-01 0.000000e+00 1.000000e+00
1.000000e+00 5.110000e+02 -1.421085e-14 5.109733e+02 3.552714e-14 5.110000e+02 5.109733e+02 186 -2.477945e-01 2.220446e-16 -2.486362e-01 0.000000e+00 1.000000e+00
1.000000e+00 5.110000e+02 -1.136868e-13 5.109998e+02 -2.131628e-14 5.110000e+02 5.109998e+02 187 -1.009047e-01 1.554312e-15 -1.015556e-01 0.000000e+00 1.000000e+00
1.000000e+00 5.110000e+02 -4.263256e-14 5.109530e+02 2.842171e-14 5.110000e+02 5.109530e+02 188 4.374952e-01 1.665335e-15 4.377399e-01 0.000000e+00 1.000000e+00
1.000000e+00 5.110000e+02 4.973799e-14 5.110005e+02 2.842171e-14 5.110000e+02 5.110005e+02 189 -7.280686e-01 1.665335e-15 -7.283991e-01 0.000000e+00 1.000000e+00
1.000000e+00 5.110000e+02 7.105427e-15 5.110358e+02 -7.105427e-15 5.110000e+02 5.110358e+02 190 9.435410e-01 2.220446e-16 9.420162e-01 0.000000e+00 1.000000e+00
1.000000e+00 5.110000e+02 6.394885e-14 5.109647e+02 -2.842171e-14 5.110000e+02 5.109647e+02 191 -1.062557e+00 2.109424e-15 -1.061081e+00 0.000000e+00 1.000000e+00
1.000000e+00 5.110000e+02 2.842171e-14 5.110169e+02 7.105427e-15 5.110000e+02 5.110169e+02 192 1.073601e+00 2.081668e-16 1.075089e+00 0.000000e+00 1.000000e+00
1.000000e+00 5.110000e+02 -4.973799e-14 5.110048e+02 -2.131628e-14 5.110000e+02 5.110048e+02 193 -9.761081e-01 2.775558e-16 -9.770353e-01 0.000000e+00 1.000000e+00
1.000000e+00 5.110000e+02 -1.421085e-14 5.110204e+02 0.000000e+00 5.110000e+02 5.110204e+02 194 7.804644e-01 1.554312e-15 7.809279e-01 0.000000e+00 1.000000e+00
1.000000e+00 5.110000e+02 1.207923e-13 5.109903e+02 4.263256e-14 5.110000e+02 5.109903e+02 195 -5.069057e-01 1.110223e-15 -5.077782e-01 0.000000e+00 1.000000e+00
1.000000e+00 5.110000e+02 5.684342e-14 5.109958e+02 2.842171e-14 5.110000e+02 5.109958e+02 196 1.834293e-01 2.220446e-15 1.820998e-01 0.000000e+00 1.000000e+00
1.000000e+00 5.110000e+02 0.000000e+00 5.109905e+02 -1.421085e-14 5.110000e+02 5.109905e+02 197 1.570647e-01 1.332268e-15 1.575863e-01 0.000000e+00 1.000000e+00
1.000000e+00 5.110000e+02 -2.842171e-14 5.109992e+02 -4.263256e-14 5.110000e+02 5.109992e+02 198 -4.801143e-01 1.665335e-15 -4.797629e-01 0.000000e+00 1.000000e+00
1.000000e+00 5.110000e+02 -7.105427e-15 5.109939e+02 0.000000e+00 5.110000e+02 5.109939e+02 199 7.531759e-01 4.996004e-16 7.529125e-01 0.000000e+00 1.000000e+00
1.000000e+00 5.110000e+02 -1.278977e-13 5.110105e+02 -4.263256e-14 5.110000e+02 5.110105e+02 200 -9.488976e-01 8.326673e-16 -9.490200e-01 0.000000e+00 1.000000e+00
1.000000e+00 5.110000e+02 7.105427e-15 5.110086e+02 -4.263256e-14 5.110000e+02 5.110086e+02 201 1.047853e+00 1.720846e-15 1.047074e+00 0.000000e+00 1.000000e+00
1.000000e+00 5.110000e+02 7.105427e-14 5.110092e+02 -4.263256e-14 5.110000e+02 5.110092e+02 202 -1.040464e+00 2.220446e-16 -1.040070e+00 0.000000e+00 1.000000e+00
1.000000e+00 5.110000e+02 -3.552714e-14 5.110240e+02 -1.421085e-14 5.110000e+02 5.110240e+02 203 9.279290e-01 -4.440892e-16 9.280085e-01 -0.000000e+00 1.000000e+00
1.000000e+00 5.110000e+02 -4.263256e-14 5.110313e+02 -7.105427e-15 5.110000e+02 5.110313e+02 204 -7.220492e-01 3.330669e-16 -7.213953e-01 0.000000e+00 1.000000e+00
1.000000e+00 5.110000e+02 -1.421085e-13 5.109939e+02 -1.421085e-14 5.110000e+02 5.109939e+02 205 4.440007e-01 1.776357e-15 4.447437e-01 0.000000e+00 1.000000e+00
1.000000e+00 5.110000e+02 -7.815970e-14 5.109740e+02 -4.263256e-14 5.110000e+02 5.109740e+02 206 -1.221584e-01 0.000000e+00 -1.225672e-01 0.000000e+00 1.000000e+00
1.000000e+00 5.110000e+02 -1.278977e-13 5.110161e+02 1.421085e-14 5.110000e+02 5.110161e+02 207 -2.107942e-01 6.661338e-16 -2.101151e-01 0.000000e+00 1.000000e+00
1.000000e+00 5.110000e+02 -7.815970e-14 5.109442e+02 -1.421085e-14 5.110000e+02 5.109442e+02 208 5.211778e-01 2.220446e-16 5.217859e-01 0.000000e+00 1.000000e+00
1.000000e+00 5.110000e+02 -9.252198e-14 5.109571e+02 2.401551e-14 5.110000e+02 5.109571e+02 209 -7.777183e-01 1.665335e-15 -7.774260e-01 0.000000e+00 1.000000e+00
1.000000e+00 5.110000e+02 -2.422344e-14 5.110202e+02 4.133846e-15 5.110000e+02 5.110202e+02 210 9.546927e-01 1.068590e-15 9.560238e-01 0.000000e+00 1.000000e+00
1.000000e+00 5.110000e+02 -3.954441e-14 5.110327e+02 3.691492e-15 5.110000e+02 5.110327e+02 211 -1.034503e+00 1.554312e-15 -1.033066e+00 0.000000e+00 1.000000e+00
1.000000e+00 5.110000e+02 -2.562642e-14 5.110125e+02 -7.441964e-16 5.110000e+02 5.110125e+02 212 1.009425e+00 8.881784e-16 1.008553e+00 0.000000e+00 1.000000e+00
1.000000e+00 5.110000e+02 -1.173663e-13 5.110212e+02 -5.502977e-14 5.110000e+02 5.110212e+02 213 -8.823475e-01 2.220446e-15 -8.824835e-01 0.000000e+00 1.000000e+00
1.000000e+00 5.110000e+02 -1.149576e-13 5.110046e+02 -2.422617e-14 5.110000e+02 5.110046e+02 214 6.664526e-01 2.220446e-15 6.653646e-01 0.000000e+00 1.000000e+00
1.000000e+00 5.110000e+02 -2.729999e-14 5.109969e+02 -2.915116e-14 5.110000e+02 5.109969e+02 215 -3.838456e-01 8.881784e-16 -3.852111e-01 0.000000e+00 1.000000e+00
1.000000e+00 5.110000e+02 -7.289424e-14 5.110314e+02 -1.015681e-15 5.110000e+02 5.110314e+02 216 6.329786e-02 -8.881784e-16 6.303454e-02 -0.000000e+00 1.000000e+00
1.000000e+00 5.110000e+02 -4.200537e-14 5.109645e+02 -1.782515e-14 5.110000e+02 5.109645e+02 217 2.626772e-01 4.440892e-16 2.626439e-01 0.000000e+00 1.000000e+00
1.000000e+00 5.110000e+02 -7.233863e-14 5.110290e+02 -4.353289e-14 5.110000e+02 5.110290e+02 218 -5.611171e-01 1.332268e-15 -5.603070e-01 0.000000e+00 1.000000e+00
1.000000e+00 5.110000e+02 2.214131e-14 5.110115e+02 2.496289e-14 5.110000e+02 5.110115e+02 219 8.019377e-01 0.000000e+00 8.019394e-01 0.000000e+00 1.000000e+00
1.000000e+00 5.110000e+02 -8.138200e-14 5.109980e+02 -1.509730e-14 5.110000e+02 5.109980e+02 220 -9.609611e-01 2.220446e-15 -9.595258e-01 0.000000e+00 1.000000e+00
1.000000e+00 5.110000e+02 -7.921636e-14 5.109909e+02 -6.538910e-14 5.110000e+02 5.109909e+02 221 1.022339e+00 4.440892e-15 1.022560e+00 0.000000e+00 1.000000e+00
1.000000e+00 5.110000e+02 -1.662961e-14 5.110094e+02 -4.009033e-14 5.110000e+02 5.110094e+02 222 -9.801282e-01 -3.552714e-15 -9.805373e-01 -0.000000e+00 1.000000e+00
1.000000e+00 5.110000e+02 -1.081044e-13 5.109949e+02 -2.040902e-14 5.110000e+02 5.109949e+02 223 8.388666e-01 2.220446e-15 8.404605e-01 0.000000e+00 1.000000e+00
1.000000e+00 5.110000e+02 -3.593628e-14 5.109726e+02 6.210744e-15 5.110000e+02 5.109726e+02 224 -6.130848e-01 -1.110223e-15 -6.128358e-01 -0.000000e+00 1.000000e+00
1.000000e+00 5.110000e+02 1.058268e-13 5.110158e+02 1.035708e-13 5.110000e+02 5.110158e+02 225 3.258162e-01 0.000000e+00 3.256784e-01 0.000000e+00 1.000000e+00
1.000000e+00 5.110000e+02 -2.741438e-14 5.110037e+02 -4.658990e-14 5.110000e+02 5.110037e+02 226 -6.250408e-03 -1.110223e-15 -7.003838e-03 -0.000000e+00 1.000000e+00
1.000000e+00 5.110000e+02 8.112857e-14 5.110388e+02 -4.172704e-14 5.110000e+02 5.110388e+02 227 -3.132281e-01 -1.276756e-15 -3.116708e-01 -0.000000e+00 1.000000e+00
1.000000e+00 5.110000e+02 -4.315602e-14 5.109914e+02 3.772156e-14 5.110000e+02 5.109914e+02 228 6.003165e-01 -2.636780e-16 5.988281e-01 -0.000000e+00 1.000000e+00
1.000000e+00 5.110000e+02 -3.764651e-15 5.109791e+02 2.108643e-14 5.110000e+02 5.109791e+02 229 -8.260547e-01 -1.609823e-15 -8.264528e-01 -0.000000e+00 1.000000e+00
0.000000e+00 -2.557954e-13 -5.900835e-14 -2.216312e-02 3.103073e-14 2.625134e-13 2.216312e-02 230 9.677423e-01 -6.661338e-16 9.665296e-01 -0.000000e+00 0.000000e+00
0.000000e+00 -2.842171e-14 -3.907985e-14 6.125953e-03 5.151435e-14 4.832213e-14 6.125953e-03 231 -1.011218e+00 3.330669e-16 -1.012055e+00 0.000000e+00 0.000000e+00
0.000000e+00 3.552714e-13 -5.151435e-14 3.423862e-02 6.217249e-14 3.589867e-13 3.423862e-02 232 9.522717e-01 1.110223e-15 9.525219e-01 0.000000e+00 0.000000e+00
0.000000e+00 5.115908e-13 -1.953993e-13 3.218690e-02 -1.509903e-14 5.476367e-13 3.218690e-02 233 -7.970521e-01 9.436896e-16 -7.984375e-01 0.000000e+00 0.000000e+00
0.000000e+00 -1.421085e-14 -6.483702e-14 1.699997e-02 1.376677e-14 6.637611e-14 1.699997e-02 234 5.614257e-01 -6.661338e-16 5.603070e-01 -0.000000e+00 0.000000e+00
0.000000e+00 1.563194e-13 -1.509903e-14 1.213433e-02 1.065814e-13 1.570469e-13 1.213433e-02 235 -2.693584e-01 -1.720846e-15 -2.696477e-01 -0.000000e+00 0.000000e+00
0.000000e+00 8.526513e-14 1.545430e-13 -2.353604e-02 1.847411e-13 1.765041e-13 2.353604e-02 236 -4.951905e-02 -1.082467e-15 -4.902686e-02 -0.000000e+00 0.000000e+00
0.000000e+00 -1.563194e-13 6.572520e-14 3.572528e-02 7.993606e-14 1.695746e-13 3.572528e-02 237 3.629119e-01 -3.122502e-17 3.641996e-01 -0.000000e+00 0.000000e+00
0.000000e+00 0.000000e+00 -7.283063e-14 1.046384e-02 1.953993e-14 7.283063e-14 1.046384e-02 238 -6.391278e-01 -2.081668e-16 -6.408511e-01 -0.000000e+00 0.000000e+00
0.000000e+00 5.684342e-14 1.243450e-13 4.973833e-04 2.415845e-13 1.367218e-13 4.973833e-04 239 8.502765e-01 1.942890e-15 8.509663e-01 0.000000e+00 0.000000e+00
0.000000e+00 8.526513e-14 -2.593481e-13 -2.471721e-02 -7.993606e-14 2.730047e-13 2.471721e-02 240 -9.750821e-01 -1.387779e-16 -9.735334e-01 -0.000000e+00 0.000000e+00
0.000000e+00 -1.989520e-13 3.730349e-14 2.862090e-02 1.882938e-13 2.024190e-13 2.862090e-02 241 1.001023e+00 2.220446e-16 1.001549e+00 0.000000e+00 0.000000e+00
0.000000e+00 9.947598e-14 -5.151435e-14 -8.695769e-03 7.815970e-14 1.120232e-13 8.695769e-03 242 -9.255884e-01 -1.665335e-16 -9.245066e-01 -0.000000e+00 0.000000e+00
0.000000e+00 -2.842171e-14 -3.375078e-14 1.499504e-02 4.085621e-14 4.412379e-14 1.499504e-02 243 7.565165e-01 5.551115e-16 7.564145e-01 0.000000e+00 0.000000e+00
0.000000e+00 1.421085e-13 -2.131628e-14 -7.164821e-03 5.151435e-14 1.436984e-13 7.164821e-03 244 -5.110058e-01 -6.106227e-16 -5.112801e-01 -0.000000e+00 0.000000e+00
0.000000e+00 -5.684342e-14 3.375078e-14 4.020491e-02 1.101341e-13 6.610816e-14 4.020491e-02 245 2.139666e-01 -2.775558e-16 2.136170e-01 -0.000000e+00 0.000000e+00
0.000000e+00 4.263256e-14 1.261213e-13 1.467898e-02 2.131628e-13 1.331320e-13 1.467898e-02 246 1.045028e-01 -3.191891e-16 1.050576e-01 -0.000000e+00 0.000000e+00
0.000000e+00 7.105427e-14 -1.509903e-13 3.618349e-03 -1.332268e-14 1.668736e-13 3.618349e-03 247 -4.121610e-01 -8.465451e-16 -4.132264e-01 -0.000000e+00 0.000000e+00
0.000000e+00 0.000000e+00 8.260059e-14 -7.035009e-03 2.202682e-13 8.260059e-14 7.035009e-03 248 6.778830e-01 9.159340e-16 6.793722e-01 0.000000e+00 0.000000e+00
0.000000e+00 8.526513e-14 1.953993e-14 -9.504274e-04 1.589839e-13 8.747543e-14 9.504274e-04 249 -8.748043e-01 -5.551115e-17 -8.754797e-01 -0.000000e+00 0.000000e+00
0.000000e+00 1.136868e-13 1.616485e-13 4.775319e-03 1.731948e-13 1.976232e-13 4.775319e-03 250 9.830330e-01 1.221245e-15 9.840392e-01 0.000000e+00 0.000000e+00
0.000000e+00 -9.947598e-14 -1.421085e-13 -2.144898e-03 -2.930989e-14 1.734656e-13 2.144898e-03 251 -9.916563e-01 6.661338e-16 -9.910430e-01 0.000000e+00 0.000000e+00
0.000000e+00 9.947598e-14 5.195844e-14 -4.507617e-03 1.310063e-13 1.122281e-13 4.507617e-03 252 8.998392e-01 -3.053113e-16 8.999931e-01 -0.000000e+00 0.000000e+00
0.000000e+00 4.973799e-13 7.105427e-15 -2.846614e-02 1.274536e-13 4.974307e-13 2.846614e-02 253 -7.169048e-01 -2.775558e-16 -7.178934e-01 -0.000000e+00 0.000000e+00
0.000000e+00 4.263256e-14 -1.421085e-14 -4.041496e-03 8.126833e-14 4.493867e-14 4.041496e-03 254 4.613895e-01 5.551115e-16 4.622533e-01 0.000000e+00 0.000000e+00
0.000000e+00 -5.684342e-14 4.252154e-14 2.009107e-02 1.144085e-13 7.098772e-14 2.009107e-02 255 -1.591671e-01 1.960238e-16 -1.575863e-01 0.000000e+00 0.000000e+00
0.000000e+00 2.842171e-14 -4.202194e-14 2.009107e-02 7.849277e-14 5.073103e-14 2.009107e-02 256 -1.591671e-01 6.852158e-17 -1.575863e-01 0.000000e+00 0.000000e+00
0.000000e+00 -1.421085e-13 5.018208e-14 -4.041496e-03 8.459899e-14 1.507086e-13 4.041496e-03 257 4.613895e-01 8.812395e-16 4.622533e-01 0.000000e+00 0.000000e+00
0.000000e+00 1.563194e-13 -1.687539e-14 -2.846614e-02 6.217249e-14 1.572277e-13 2.846614e-02 258 -7.169048e-01 1.665335e-16 -7.178934e-01 0.000000e+00 0.000000e+00
0.000000e+00 4.263256e-14 -2.930989e-14 -4.507617e-03 2.842171e-14 5.173592e-14 4.507617e-03 259 8.998392e-01 1.082467e-15 8.999931e-01 0.000000e+00 0.000000e+00
0.000000e+00 1.421085e-14 -1.083578e-13 -2.144898e-03 3.641532e-14 1.092857e-13 2.144898e-03 260 -9.916563e-01 2.775558e-17 -9.910430e-01 0.000000e+00 0.000000e+00
0.000000e+00 3.410605e-13 -1.474376e-13 4.775319e-03 1.776357e-14 3.715644e-13 4.775319e-03 261 9.830330e-01 7.494005e-16 9.840392e-01 0.000000e+00 0.000000e+00
0.000000e+00 -8.526513e-14 -1.172396e-13 -9.504274e-04 3.019807e-14 1.449664e-13 9.504274e-04 262 -8.748043e-01 4.996004e-16 -8.754797e-01 0.000000e+00 0.000000e+00
0.000000e+00 -1.421085e-14 -1.287859e-13 -7.035009e-03 3.730349e-14 1.295675e-13 7.035009e-03 263 6.778830e-01 3.885781e-16 6.793722e-01 0.000000e+00 0.000000e+00
0.000000e+00 1.136868e-13 3.108624e-14 3.618349e-03 1.421085e-13 1.178603e-13 3.618349e-03 264 -4.121610e-01 8.465451e-16 -4.132264e-01 0.000000e+00 0.000000e+00
0.000000e+00 0.000000e+00 -9.592327e-14 1.467898e-02 5.151435e-14 9.592327e-14 1.467898e-02 265 1.045028e-01 3.330669e-16 1.050576e-01 0.000000e+00 0.000000e+00
0.000000e+00 0.000000e+00 -5.861978e-14 4.020491e-02 5.151435e-14 5.861978e-14 4.020491e-02 266 2.139666e-01 1.249001e-15 2.136170e-01 0.000000e+00 0.000000e+00
0.000000e+00 3.126388e-13 -8.881784e-14 -7.164821e-03 1.314504e-13 3.250102e-13 7.164821e-03 267 -5.110058e-01 4.440892e-16 -5.112801e-01 0.000000e+00 0.000000e+00
0.000000e+00 2.557954e-13 -1.403322e-13 1.499504e-02 6.039613e-14 2.917609e-13 1.499504e-02 268 7.565165e-01 7.771561e-16 7.564145e-01 0.000000e+00 0.000000e+00
0.000000e+00 3.268497e-13 -9.414691e-14 -8.695769e-03 6.750156e-14 3.401387e-13 8.695769e-03 269 -9.255884e-01 2.775558e-16 -9.245066e-01 0.000000e+00 0.000000e+00
0.000000e+00 -2.842171e-14 -5.151435e-14 2.862090e-02 8.348877e-14 5.883470e-14 2.862090e-02 270 1.001023e+00 9.992007e-16 1.001549e+00 0.000000e+00 0.000000e+00
0.000000e+00 -1.136868e-13 -1.136868e-13 -2.471721e-02 4.618528e-14 1.607775e-13 2.471721e-02 271 -9.750821e-01 5.828671e-16 -9.735334e-01 0.000000e+00 0.000000e+00
0.000000e+00 2.842171e-14 -1.296740e-13 4.973833e-04 -1.598721e-14 1.327522e-13 4.973833e-04 272 8.502765e-01 3.885781e-16 8.509663e-01 0.000000e+00 0.000000e+00
0.000000e+00 1.705303e-13 -1.065814e-14 1.046384e-02 5.151435e-14 1.708630e-13 1.046384e-02 273 -6.391278e-01 1.471046e-15 -6.408511e-01 0.000000e+00 0.000000e+00
0.000000e+00 -8.526513e-14 -1.758593e-13 3.572528e-02 4.440892e-14 1.954396e-13 3.572528e-02 274 3.629119e-01 8.777701e-16 3.641996e-01 0.000000e+00 0.000000e+00
0.000000e+00 3.694822e-13 -1.048051e-13 -2.353604e-02 1.669775e-13 3.840589e-13 2.353604e-02 275 -4.951905e-02 6.106227e-16 -4.902686e-02 0.000000e+00 0.000000e+00
0.000000e+00 2.557954e-13 -7.460699e-14 1.213433e-02 4.884981e-14 2.664535e-13 1.213433e-02 276 -2.693584e-01 1.110223e-16 -2.696477e-01 0.000000e+00 0.000000e+00
0.000000e+00 -1.563194e-13 -8.171241e-14 1.699997e-02 1.019185e-13 1.763879e-13 1.699997e-02 277 5.614257e-01 1.942890e-15 5.603070e-01 0.000000e+00 0.000000e+00
0.000000e+00 4.689582e-13 -6.572520e-14 3.218690e-02 1.003642e-13 4.735416e-13 3.218690e-02 278 -7.970521e-01 5.551115e-16 -7.984375e-01 0.000000e+00 0.000000e+00
0.000000e+00 -1.136868e-13 -5.684342e-14 3.423862e-02 9.414691e-14 1.271057e-13 3.423862e-02 279 9.522717e-01 1.221245e-15 9.525219e-01 0.000000e+00 0.000000e+00
0.000000e+00 5.684342e-14 4.440892e-15 6.125953e-03 4.529710e-14 5.701663e-14 6.125953e-03 280 -1.011218e+00 1.110223e-16 -1.012055e+00 0.000000e+00 0.000000e+00
0.000000e+00 -1.421085e-13 -2.928213e-14 -2.216312e-02 1.007250e-13 1.450940e-13 2.216312e-02 281 9.677423e-01 1.110223e-15 9.665296e-01 0.000000e+00 0.000000e+00
1.000000e+00 5.110000e+02 -4.303134e-14 5.109791e+02 -6.417783e-14 5.110000e+02 5.109791e+02 282 -8.260547e-01 1.054712e-15 -8.264528e-01 0.000000e+00 1.000000e+00
1.000000e+00 5.110000e+02 -7.186697e-14 5.109914e+02 -1.973074e-14 5.110000e+02 5.109914e+02 283 6.003165e-01 1.124101e-15 5.988281e-01 0.000000e+00 1.000000e+00
1.000000e+00 5.110000e+02 -8.813293e-14 5.110388e+02 -1.185683e-14 5.110000e+02 5.110388e+02 284 -3.132281e-01 2.164935e-15 -3.116708e-01 0.000000e+00 1.000000e+00
1.000000e+00 5.110000e+02 -1.332019e-13 5.110037e+02 -1.093179e-14 5.110000e+02 5.110037e+02 285 -6.250408e-03 3.330669e-16 -7.003838e-03 0.000000e+00 1.000000e+00
1.000000e+00 5.110000e+02 -1.258627e-15 5.110158e+02 -1.483189e-14 5.110000e+02 5.110158e+02 286 3.258162e-01 1.554312e-15 3.256784e-01 0.000000e+00 1.000000e+00
1.000000e+00 5.110000e+02 -9.634727e-14 5.109726e+02 4.093514e-15 5.110000e+02 5.109726e+02 287 -6.130848e-01 -1.110223e-15 -6.128358e-01 -0.000000e+00 1.000000e+00
1.000000e+00 5.110000e+02 -5.500456e-14 5.109949e+02 2.839135e-14 5.110000e+02 5.109949e+02 288 8.388666e-01 1.776357e-15 8.404605e-01 0.000000e+00 1.000000e+00
1.000000e+00 5.110000e+02 -1.486595e-13 5.110094e+02 -6.361101e-14 5.110000e+02 5.110094e+02 289 -9.801282e-01 -8.881784e-16 -9.805373e-01 -0.000000e+00 1.000000e+00
1.000000e+00 5.110000e+02 -1.079974e-13 5.109909e+02 -6.889454e-15 5.110000e+02 5.109909e+02 290 1.022339e+00 1.776357e-15 1.022560e+00 0.000000e+00 1.000000e+00
1.000000e+00 5.110000e+02 -2.438298e-14 5.109980e+02 3.058317e-14 5.110000e+02 5.109980e+02 291 -9.609611e-01 -2.664535e-15 -9.595258e-01 -0.000000e+00 1.000000e+00
1.000000e+00 5.110000e+02 -1.131540e-13 5.110115e+02 -2.496809e-14 5.110000e+02 5.110115e+02 292 8.019377e-01 0.000000e+00 8.019394e-01 0.000000e+00 1.000000e+00
1.000000e+00 5.110000e+02 -4.207345e-14 5.110290e+02 1.692917e-14 5.110000e+02 5.110290e+02 293 -5.611171e-01 -2.664535e-15 -5.603070e-01 -0.000000e+00 1.000000e+00
1.000000e+00 5.110000e+02 -1.390794e-13 5.109645e+02 3.218519e-14 5.110000e+02 5.109645e+02 294 2.626772e-01 -3.552714e-15 2.626439e-01 -0.000000e+00 1.000000e+00
1.000000e+00 5.110000e+02 -1.356597e-13 5.110314e+02 -3.899225e-14 5.110000e+02 5.110314e+02 295 6.329786e-02 -4.884981e-15 6.303454e-02 -0.000000e+00 1.000000e+00
1.000000e+00 5.110000e+02 -5.245591e-14 5.109969e+02 2.807650e-15 5.110000e+02 5.109969e+02 296 -3.838456e-01 -2.664535e-15 -3.852111e-01 -0.000000e+00 1.000000e+00
1.000000e+00 5.110000e+02 -9.168285e-14 5.110046e+02 -1.444786e-14 5.110000e+02 5.110046e+02 297 6.664526e-01 0.000000e+00 6.653646e-01 0.000000e+00 1.000000e+00
1.000000e+00 5.110000e+02 -8.438586e-14 5.110212e+02 -5.225508e-14 5.110000e+02 5.110212e+02 298 -8.823475e-01 4.440892e-16 -8.824835e-01 0.000000e+00 1.000000e+00
1.000000e+00 5.110000e+02 -4.864169e-14 5.110125e+02 2.013840e-14 5.110000e+02 5.110125e+02 299 1.009425e+00 -1.554312e-15 1.008553e+00 -0.000000e+00 1.000000e+00
1.000000e+00 5.110000e+02 -1.146892e-13 5.110327e+02 -2.888315e-15 5.110000e+02 5.110327e+02 300 -1.034503e+00 -1.554312e-15 -1.033066e+00 -0.000000e+00 1.000000e+00
1.000000e+00 5.110000e+02 -7.005863e-14 5.110202e+02 -4.110601e-14 5.110000e+02 5.110202e+02 301 9.546927e-01 -5.342948e-16 9.560238e-01 -0.000000e+00 1.000000e+00
1.000000e+00 5.110000e+02 -1.361347e-14 5.109571e+02 -7.465729e-14 5.110000e+02 5.109571e+02 302 -7.777183e-01 -1.387779e-15 -7.774260e-01 -0.000000e+00 1.000000e+00
1.000000e+00 5.110000e+02 5.684342e-14 5.109442e+02 8.526513e-14 5.110000e+02 5.109442e+02 303 5.211778e-01 -8.881784e-16 5.217859e-01 -0.000000e+00 1.000000e+00
1.000000e+00 5.110000e+02 -6.394885e-14 5.110161e+02 -2.131628e-14 5.110000e+02 5.110161e+02 304 -2.107942e-01 -2.220446e-15 -2.101151e-01 -0.000000e+00 1.000000e+00
1.000000e+00 5.110000e+02 2.131628e-14 5.109740e+02 5.684342e-14 5.110000e+02 5.109740e+02 305 -1.221584e-01 -1.332268e-15 -1.225672e-01 -0.000000e+00 1.000000e+00
1.000000e+00 5.110000e+02 4.973799e-14 5.109939e+02 9.947598e-14 5.110000e+02 5.109939e+02 306 4.440007e-01 -6.661338e-16 4.447437e-01 -0.000000e+00 1.000000e+00
1.000000e+00 5.110000e+02 -1.207923e-13 5.110313e+02 -2.842171e-14 5.110000e+02 5.110313e+02 307 -7.220492e-01 -1.776357e-15 -7.213953e-01 -0.000000e+00 1.000000e+00
1.000000e+00 5.110000e+02 -9.237056e-14 5.110240e+02 3.552714e-14 5.110000e+02 5.110240e+02 308 9.279290e-01 -6.661338e-16 9.280085e-01 -0.000000e+00 1.000000e+00
1.000000e+00 5.110000e+02 -4.973799e-14 5.110092e+02 2.842171e-14 5.110000e+02 5.110092e+02 309 -1.040464e+00 -1.110223e-15 -1.040070e+00 -0.000000e+00 1.000000e+00
1.000000e+00 5.110000e+02 0.000000e+00 5.110086e+02 2.842171e-14 5.110000e+02 5.110086e+02 310 1.047853e+00 -1.026956e-15 1.047074e+00 -0.000000e+00 1.000000e+00
1.000000e+00 5.110000e+02 1.705303e-13 5.110105e+02 1.421085e-14 5.110000e+02 5.110105e+02 311 -9.488976e-01 -8.881784e-16 -9.490200e-01 -0.000000e+00 1.000000e+00
1.000000e+00 5.110000e+02 7.815970e-14 5.109939e+02 -1.421085e-14 5.110000e+02 5.109939e+02 312 7.531759e-01 8.881784e-16 7.529125e-01 0.000000e+00 1.000000e+00
1.000000e+00 5.110000e+02 -2.842171e-14 5.109992e+02 -2.842171e-14 5.110000e+02 5.109992e+02 313 -4.801143e-01 -8.881784e-16 -4.797629e-01 -0.000000e+00 1.000000e+00
1.000000e+00 5.110000e+02 -9.947598e-14 5.109905e+02 -9.947598e-14 5.110000e+02 5.109905e+02 314 1.570647e-01 -4.440892e-16 1.575863e-01 -0.000000e+00 1.000000e+00
1.000000e+00 5.110000e+02 -7.105427e-15 5.109958e+02 -3.552714e-14 5.110000e+02 5.109958e+02 315 1.834293e-01 -1.554312e-15 1.820998e-01 -0.000000e+00 1.000000e+00
1.000000e+00 5.110000e+02 2.842171e-14 5.109903e+02 5.684342e-14 5.110000e+02 5.109903e+02 316 -5.069057e-01 -7.771561e-16 -5.077782e-01 -0.000000e+00 1.000000e+00
1.000000e+00 5.110000e+02 9.237056e-14 5.110204e+02 1.421085e-14 5.110000e+02 5.110204e+02 317 7.804644e-01 -2.220446e-16 7.809279e-01 -0.000000e+00 1.000000e+00
1.000000e+00 5.110000e+02 -4.263256e-14 5.110048e+02 -7.815970e-14 5.110000e+02 5.110048e+02 318 -9.761081e-01 -7.771561e-16 -9.770353e-01 -0.000000e+00 1.000000e+00
1.000000e+00 5.110000e+02 9.237056e-14 5.110169e+02 0.000000e+00 5.110000e+02 5.110169e+02 319 1.073601e+00 -5.967449e-16 1.075089e+00 -0.000000e+00 1.000000e+00
1.000000e+00 5.110000e+02 3.552714e-14 5.109647e+02 5.684342e-14 5.110000e+02 5.109647e+02 320 -1.062557e+00 -2.442491e-15 -1.061081e+00 -0.000000e+00 1.000000e+00
1.000000e+00 5.110000e+02 8.526513e-14 5.110358e+02 2.131628e-14 5.110000e+02 5.110358e+02 321 9.435410e-01 -3.885781e-16 9.420162e-01 -0.000000e+00 1.000000e+00
1.000000e+00 5.110000e+02 -2.131628e-14 5.110005e+02 -7.815970e-14 5.110000e+02 5.110005e+02 322 -7.280686e-01 -1.332268e-15 -7.283991e-01 -0.000000e+00 1.000000e+00
1.000000e+00 5.110000e+02 1.421085e-14 5.109530e+02 -7.815970e-14 5.110000e+02 5.109530e+02 323 4.374952e-01 0.000000e+00 4.377399e-01 0.000000e+00 1.000000e+00
1.000000e+00 5.110000e+02 1.776357e-13 5.109998e+02 9.237056e-14 5.110000e+02 5.109998e+02 324 -1.009047e-01 -1.110223e-15 -1.015556e-01 -0.000000e+00 1.000000e+00
1.000000e+00 5.110000e+02 4.263256e-14 5.109733e+02 0.000000e+00 5.110000e+02 5.109733e+02 325 -2.477945e-01 -1.221245e-15 -2.486362e-01 -0.000000e+00 1.000000e+00
1.000000e+00 5.110000e+02 1.278977e-13 5.109956e+02 -7.105427e-15 5.110000e+02 5.109956e+02 326 5.732796e-01 -1.110223e-15 5.743147e-01 -0.000000e+00 1.000000e+00
1.000000e+00 5.110000e+02 6.394885e-14 5.109965e+02 1.421085e-14 5.110000e+02 5.109965e+02 327 -8.423832e-01 -3.330669e-16 -8.439624e-01 -0.000000e+00 1.000000e+00
1.000000e+00 5.110000e+02 1.421085e-13 5.109942e+02 -3.552714e-14 5.110000e+02 5.109942e+02 328 1.027467e+00 -5.551115e-16 1.026062e+00 -0.000000e+00 1.000000e+00
1.000000e+00 5.110000e+02 5.684342e-14 5.109765e+02 -4.263256e-14 5.110000e+02 5.109765e+02 329 -1.109252e+00 -4.163336e-16 -1.110108e+00 -0.000000e+00 1.000000e+00
1.000000e+00 5.110000e+02 1.350031e-13 5.109823e+02 1.136868e-13 5.110000e+02 5.109823e+02 330 1.078823e+00 6.661338e-16 1.078591e+00 0.000000e+00 1.000000e+00
1.000000e+00 5.110000e+02 7.105427e-14 5.109782e+02 -6.394885e-14 5.110000e+02 5.109782e+02 331 -9.385926e-01 0.000000e+00 -9.385142e-01 0.000000e+00 1.000000e+00
1.000000e+00 5.110000e+02 1.421085e-14 5.110212e+02 -8.526513e-14 5.110000e+02 5.110212e+02 332 7.021234e-01 2.220446e-16 7.003838e-01 0.000000e+00 1.000000e+00
1.000000e+00 5.110000e+02 1.136868e-13 5.109876e+02 2.842171e-14 5.110000e+02 5.109876e+02 333 -3.928233e-01 -1.110223e-15 -3.922149e-01 -0.000000e+00 1.000000e+00
1.000000e+00 5.110000e+02 6.394885e-14 5.110196e+02 0.000000e+00 5.110000e+02 5.110196e+02 334 4.163448e-02 -8.881784e-16 4.202303e-02 -0.000000e+00 1.000000e+00
1.000000e+00 5.110000e+02 8.526513e-14 5.110005e+02 -2.842171e-14 5.110000e+02 5.110005e+02 335 3.160553e-01 -8.881784e-16 3.151727e-01 -0.000000e+00 1.000000e+00
1.000000e+00 5.110000e+02 -6.394885e-14 5.110097e+02 -2.842171e-14 5.110000e+02 5.110097e+02 336 -6.439703e-01 1.332268e-15 -6.443531e-01 0.000000e+00 1.000000e+00
1.000000e+00 5.110000e+02 -1.278977e-13 5.110153e+02 -1.492140e-13 5.110000e+02 5.110153e+02 337 9.086175e-01 -9.436896e-16 9.069970e-01 -0.000000e+00 1.000000e+00
1.000000e+00 5.110000e+02 -6.394885e-14 5.109872e+02 -7.815970e-14 5.110000e+02 5.109872e+02 338 -1.082699e+00 3.885781e-16 -1.082093e+00 0.000000e+00 1.000000e+00
1.000000e+00 5.110000e+02 1.065814e-13 5.109702e+02 9.237056e-14 5.110000e+02 5.109702e+02 339 1.147921e+00 9.992007e-16 1.148629e+00 0.000000e+00 1.000000e+00
1.000000e+00 5.110000e+02 -2.842171e-14 5.110237e+02 -1.278977e-13 5.110000e+02 5.110237e+02 340 -1.096908e+00 -1.110223e-16 -1.096101e+00 -0.000000e+00 1.000000e+00
1.000000e+00 5.110000e+02 -7.105427e-15 5.109683e+02 2.842171e-14 5.110000e+02 5.109683e+02 341 9.340260e-01 5.551115e-16 9.350123e-01 0.000000e+00 1.000000e+00
1.000000e+00 5.110000e+02 2.131628e-14 5.109554e+02 -5.684342e-14 5.110000e+02 5.109554e+02 342 -6.750230e-01 -1.110223e-15 -6.758703e-01 -0.000000e+00 1.000000e+00
1.000000e+00 5.110000e+02 -1.278977e-13 5.109902e+02 -1.207923e-13 5.110000e+02 5.109902e+02 343 3.455115e-01 2.220446e-16 3.466900e-01 0.000000e+00 1.000000e+00
1.000000e+00 5.110000e+02 -4.973799e-14 5.110145e+02 -2.842171e-14 5.110000e+02 5.110145e+02 344 2.155539e-02 2.220446e-16 2.101151e-02 0.000000e+00 1.000000e+00
1.000000e+00 5.110000e+02 -1.421085e-14 5.109873e+02 1.421085e-14 5.110000e+02 5.109873e+02 345 -3.891714e-01 -2.220446e-16 -3.887130e-01 -0.000000e+00 1.000000e+00
1.000000e+00 5.110000e+02 9.947598e-14 5.110269e+02 2.131628e-14 5.110000e+02 5.110269e+02 346 7.199986e-01 1.165734e-15 7.213953e-01 0.000000e+00 1.000000e+00
1.000000e+00 5.110000e+02 7.105427e-15 5.110068e+02 -2.842171e-14 5.110000e+02 5.110068e+02 347 -9.801497e-01 1.526557e-16 -9.805373e-01 0.000000e+00 1.000000e+00
1.000000e+00 5.110000e+02 -2.131628e-14 5.110041e+02 -7.815970e-14 5.110000e+02 5.110041e+02 348 1.142650e+00 7.771561e-16 1.141626e+00 0.000000e+00 1.000000e+00
1.000000e+00 5.110000e+02 7.105427e-14 5.109976e+02 -7.105427e-15 5.110000e+02 5.109976e+02 349 -1.190226e+00 0.000000e+00 -1.190652e+00 0.000000e+00 1.000000e+00
1.000000e+00 5.110000e+02 7.105427e-14 5.110262e+02 4.973799e-14 5.110000e+02 5.110262e+02 350 1.117130e+00 8.881784e-16 1.117112e+00 0.000000e+00 1.000000e+00
1.000000e+00 5.110000e+02 1.492140e-13 5.110492e+02 -4.263256e-14 5.110000e+02 5.110492e+02 351 -9.298177e-01 2.220446e-16 -9.315104e-01 0.000000e+00 1.000000e+00
1.000000e+00 5.110000e+02 1.065814e-13 5.109909e+02 1.492140e-13 5.110000e+02 5.109909e+02 352 6.463896e-01 1.776357e-15 6.478550e-01 0.000000e+00 1.000000e+00
1.000000e+00 5.110000e+02 0.000000e+00 5.110673e+02 -4.263256e-14 5.110000e+02 5.110673e+02 353 -2.948499e-01 -6.661338e-16 -2.941612e-01 -0.000000e+00 1.000000e+00
1.000000e+00 5.110000e+02 4.263256e-14 5.109954e+02 7.105427e-15 5.110000e+02 5.109954e+02 354 -8.965011e-02 1.110223e-15 -9.104989e-02 0.000000e+00 1.000000e+00
1.000000e+00 5.110000e+02 6.703497e-14 5.109839e+02 4.050579e-14 5.110000e+02 5.109839e+02 355 4.683170e-01 2.220446e-16 4.692571e-01 0.000000e+00 1.000000e+00
1.000000e+00 5.110000e+02 1.528321e-13 5.110442e+02 -7.507883e-15 5.110000e+02 5.110442e+02 356 -8.026183e-01 -1.665335e-16 -8.019394e-01 -0.000000e+00 1.000000e+00
1.000000e+00 5.110000e+02 -2.263049e-14 5.110101e+02 2.000830e-14 5.110000e+02 5.110101e+02 357 1.058192e+00 8.881784e-16 1.057579e+00 0.000000e+00 1.000000e+00
1.000000e+00 5.110000e+02 2.731788e-14 5.110069e+02 2.085181e-14 5.110000e+02 5.110069e+02 358 -1.208367e+00 -8.881784e-16 -1.208162e+00 -0.000000e+00 1.000000e+00
1.000000e+00 5.110000e+02 4.626896e-15 5.110022e+02 -1.886338e-14 5.110000e+02 5.110022e+02 359 1.236936e+00 4.440892e-16 1.236177e+00 0.000000e+00 1.000000e+00
1.000000e+00 5.110000e+02 3.499298e-14 5.109945e+02 2.152271e-14 5.110000e+02 5.109945e+02 360 -1.139892e+00 8.881784e-16 -1.141626e+00 0.000000e+00 1.000000e+00
1.000000e+00 5.110000e+02 1.049631e-13 5.109964e+02 -3.849568e-14 5.110000e+02 5.109964e+02 361 9.259471e-01 0.000000e+00 9.245066e-01 0.000000e+00 1.000000e+00
1.000000e+00 5.110000e+02 -4.668744e-15 5.110179e+02 -1.621966e-14 5.110000e+02 5.110179e+02 362 -6.157611e-01 -1.776357e-15 -6.163377e-01 -0.000000e+00 1.000000e+00
1.000000e+00 5.110000e+02 1.930243e-13 5.109782e+02 -7.433290e-16 5.110000e+02 5.109782e+02 363 2.399606e-01 8.881784e-16 2.416324e-01 0.000000e+00 1.000000e+00
1.000000e+00 5.110000e+02 3.345095e-14 5.109711e+02 3.592612e-15 5.110000e+02 5.109711e+02 364 1.638748e-01 1.776357e-15 1.645902e-01 0.000000e+00 1.000000e+00
1.000000e+00 5.110000e+02 5.646024e-14 5.109854e+02 4.945697e-15 5.110000e+02 5.109854e+02 365 -5.549581e-01 -7.105427e-15 -5.533032e-01 -0.000000e+00 1.000000e+00
1.000000e+00 5.110000e+02 -1.384741e-14 5.110277e+02 -1.039208e-14 5.110000e+02 5.110277e+02 366 8.934011e-01 -8.881784e-16 8.929893e-01 -0.000000e+00 1.000000e+00
1.000000e+00 5.110000e+02 4.254062e-14 5.110442e+02 -9.972925e-15 5.110000e+02 5.110442e+02 367 -1.144269e+00 8.881784e-16 -1.145127e+00 0.000000e+00 1.000000e+00
1.000000e+00 5.110000e+02 2.034395e-14 5.109951e+02 -3.072195e-15 5.110000e+02 5.109951e+02 368 1.281172e+00 -8.881784e-16 1.281702e+00 -0.000000e+00 1.000000e+00
1.000000e+00 5.110000e+02 5.697627e-14 5.109972e+02 -1.174408e-15 5.110000e+02 5.109972e+02 369 -1.289029e+00 0.000000e+00 -1.288706e+00 0.000000e+00 1.000000e+00
1.000000e+00 5.110000e+02 1.318119e-13 5.110036e+02 -1.062388e-14 5.110000e+02 5.110036e+02 370 1.165713e+00 8.881784e-16 1.166139e+00 0.000000e+00 1.000000e+00
1.000000e+00 5.110000e+02 -5.878993e-14 5.109910e+02 -6.650583e-14 5.110000e+02 5.109910e+02 371 -9.223961e-01 4.440892e-16 -9.210046e-01 0.000000e+00 1.000000e+00
1.000000e+00 5.110000e+02 9.112434e-14 5.110261e+02 5.294289e-14 5.110000e+02 5.110261e+02 372 5.825588e-01 -8.881784e-16 5.813185e-01 -0.000000e+00 1.000000e+00
1.000000e+00 5.110000e+02 6.020806e-14 5.110220e+02 1.964054e-14 5.110000e+02 5.110220e+02 373 -1.797341e-01 -1.776357e-15 -1.785979e-01 -0.000000e+00 1.000000e+00
1.000000e+00 5.110000e+02 6.406676e-14 5.110120e+02 -5.011790e-14 5.110000e+02 5.110120e+02 374 -2.457857e-01 -7.494005e-16 -2.451343e-01 -0.000000e+00 1.000000e+00
1.000000e+00 5.110000e+02 -1.266800e-15 5.110350e+02 2.677025e-14 5.110000e+02 5.110350e+02 375 6.509645e-01 -2.220446e-16 6.513569e-01 -0.000000e+00 1.000000e+00
1.000000e+00 5.110000e+02 5.684342e-14 5.110048e+02 -1.421085e-14 5.110000e+02 5.110048e+02 376 -9.943582e-01 -1.554312e-15 -9.945449e-01 -0.000000e+00 1.000000e+00
1.000000e+00 5.110000e+02 8.526513e-14 5.109796e+02 1.421085e-14 5.110000e+02 5.109796e+02 377 1.240338e+00 -2.886580e-15 1.239679e+00 -0.000000e+00 1.000000e+00
1.000000e+00 5.110000e+02 8.526513e-14 5.110011e+02 -1.421085e-14 5.110000e+02 5.110011e+02 378 -1.362768e+00 -1.554312e-15 -1.362246e+00 -0.000000e+00 1.000000e+00
1.000000e+00 5.110000e+02 7.105427e-14 5.110367e+02 -5.684342e-14 5.110000e+02 5.110367e+02 379 1.347770e+00 -1.998401e-15 1.348239e+00 -0.000000e+00 1.000000e+00
1.000000e+00 5.110000e+02 1.421085e-13 5.110241e+02 5.684342e-14 5.110000e+02 5.110241e+02 380 -1.195265e+00 -3.108624e-15 -1.194154e+00 -0.000000e+00 1.000000e+00
1.000000e+00 5.110000e+02 2.842171e-14 5.110328e+02 -4.263256e-14 5.110000e+02 5.110328e+02 381 9.191486e-01 -1.554312e-15 9.175027e-01 -0.000000e+00 1.000000e+00
1.000000e+00 5.110000e+02 8.526513e-14 5.109778e+02 -5.684342e-14 5.110000e+02 5.109778e+02 382 -5.460397e-01 0.000000e+00 -5.462993e-01 0.000000e+00 1.000000e+00
1.000000e+00 5.110000e+02 1.563194e-13 5.110161e+02 1.421085e-14 5.110000e+02 5.110161e+02 383 1.127349e-01 -2.109424e-15 1.120614e-01 -0.000000e+00 1.000000e+00
1.000000e+00 5.110000e+02 1.847411e-13 5.110021e+02 5.684342e-14 5.110000e+02 5.110021e+02 384 3.374047e-01 -1.942890e-15 3.361842e-01 -0.000000e+00 1.000000e+00
1.000000e+00 5.110000e+02 -2.842171e-14 5.110104e+02 -2.842171e-14 5.110000e+02 5.110104e+02 385 -7.587729e-01 -1.887379e-15 -7.599164e-01 -0.000000e+00 1.000000e+00
1.000000e+00 5.110000e+02 1.421085e-14 5.109912e+02 -4.263256e-14 5.110000e+02 5.109912e+02 386 1.108119e+00 -1.776357e-15 1.106606e+00 -0.000000e+00 1.000000e+00
1.000000e+00 5.110000e+02 8.526513e-14 5.110019e+02 7.105427e-14 5.110000e+02 5.110019e+02 387 -1.348966e+00 -1.776357e-15 -1.348239e+00 -0.000000e+00 1.000000e+00
1.000000e+00 5.110000e+02 5.684342e-14 5.109760e+02 1.421085e-14 5.110000e+02 5.109760e+02 388 1.455399e+00 -1.554312e-15 1.456798e+00 -0.000000e+00 1.000000e+00
1.000000e+00 5.110000e+02 -1.421085e-14 5.109831e+02 -7.105427e-14 5.110000e+02 5.109831e+02 389 -1.414830e+00 -1.776357e-15 -1.414775e+00 -0.000000e+00 1.000000e+00
1.000000e+00 5.110000e+02 9.947598e-14 5.110082e+02 0.000000e+00 5.110000e+02 5.110082e+02 390 1.229447e+00 -1.554312e-15 1.229174e+00 -0.000000e+00 1.000000e+00
1.000000e+00 5.110000e+02 1.705303e-13 5.109929e+02 -2.842171e-14 5.110000e+02 5.109929e+02 391 -9.161904e-01 -2.442491e-15 -9.175027e-01 -0.000000e+00 1.000000e+00
1.000000e+00 5.110000e+02 8.526513e-14 5.110252e+02 -4.263256e-14 5.110000e+02 5.110252e+02 392 5.052255e-01 -8.326673e-16 5.042763e-01 -0.000000e+00 1.000000e+00
1.000000e+00 5.110000e+02 5.684342e-14 5.109861e+02 -5.684342e-14 5.110000e+02 5.109861e+02 393 -3.706121e-02 -2.498002e-15 -3.852111e-02 -0.000000e+00 1.000000e+00
1.000000e+00 5.110000e+02 7.105427e-14 5.109946e+02 -8.526513e-14 5.110000e+02 5.109946e+02 394 -4.414205e-01 -9.992007e-16 -4.412418e-01 -0.000000e+00 1.000000e+00
1.000000e+00 5.110000e+02 1.421085e-14 5.109919e+02 -8.526513e-14 5.110000e+02 5.109919e+02 395 8.816352e-01 -2.331468e-15 8.824835e-01 -0.000000e+00 1.000000e+00
1.000000e+00 5.110000e+02 -7.105427e-14 5.109870e+02 -1.421085e-14 5.110000e+02 5.109870e+02 396 -1.238203e+00 -1.887379e-15 -1.239679e+00 -0.000000e+00 1.000000e+00
1.000000e+00 5.110000e+02 9.947598e-14 5.109789e+02 -2.842171e-14 5.110000e+02 5.109789e+02 397 1.473601e+00 -1.998401e-15 1.474308e+00 -0.000000e+00 1.000000e+00
1.000000e+00 5.110000e+02 1.847411e-13 5.109949e+02 -1.421085e-14 5.110000e+02 5.109949e+02 398 -1.562084e+00 -1.887379e-15 -1.561856e+00 -0.000000e+00 1.000000e+00
1.000000e+00 5.110000e+02 1.705303e-13 5.110034e+02 -2.842171e-14 5.110000e+02 5.110034e+02 399 1.492467e+00 4.440892e-16 1.491817e+00 0.000000e+00 1.000000e+00
1.000000e+00 5.110000e+02 9.947598e-14 5.109629e+02 -1.563194e-13 5.110000e+02 5.109629e+02 400 -1.269477e+00 -9.992007e-16 -1.271197e+00 -0.000000e+00 1.000000e+00
1.000000e+00 5.110000e+02 1.421085e-13 5.109949e+02 -4.263256e-14 5.110000e+02 5.109949e+02 401 9.135092e-01 -1.026956e-15 9.140008e-01 -0.000000e+00 1.000000e+00
1.000000e+00 5.110000e+02 5.684342e-14 5.109995e+02 -5.684342e-14 5.110000e+02 5.109995e+02 402 -4.587926e-01 -1.082467e-15 -4.587514e-01 -0.000000e+00 1.000000e+00
1.000000e+00 5.110000e+02 5.684342e-14 5.110444e+02 -4.263256e-14 5.110000e+02 5.110444e+02 403 -4.987366e-02 -8.326673e-16 -4.902686e-02 -0.000000e+00 1.000000e+00
1.000000e+00 5.110000e+02 1.136868e-13 5.109872e+02 -7.105427e-14 5.110000e+02 5.109872e+02 404 5.615041e-01 4.440892e-16 5.603070e-01 0.000000e+00 1.000000e+00
1.000000e+00 5.110000e+02 5.684342e-14 5.109882e+02 -8.526513e-14 5.110000e+02 5.109882e+02 405 -1.024006e+00 -2.109424e-15 -1.022560e+00 -0.000000e+00 1.000000e+00
1.000000e+00 5.110000e+02 1.136868e-13 5.109879e+02 -1.421085e-14 5.110000e+02 5.109879e+02 406 1.389448e+00 -1.665335e-15 1.390262e+00 -0.000000e+00 1.000000e+00
1.000000e+00 5.110000e+02 1.563194e-13 5.110586e+02 2.842171e-14 5.110000e+02 5.110586e+02 407 -1.618997e+00 -1.887379e-15 -1.617886e+00 -0.000000e+00 1.000000e+00
1.000000e+00 5.110000e+02 1.989520e-13 5.110010e+02 2.842171e-14 5.110000e+02 5.110010e+02 408 1.687001e+00 -1.332268e-15 1.687925e+00 -0.000000e+00 1.000000e+00
1.000000e+00 5.110000e+02 1.563194e-13 5.109995e+02 -4.263256e-14 5.110000e+02 5.109995e+02 409 -1.583818e+00 5.551115e-16 -1.582867e+00 0.000000e+00 1.000000e+00
1.000000e+00 5.110000e+02 9.947598e-14 5.109924e+02 -5.684342e-14 5.110000e+02 5.109924e+02 410 1.317056e+00 -2.303713e-15 1.316721e+00 -0.000000e+00 1.000000e+00
1.000000e+00 5.110000e+02 1.421085e-13 5.109837e+02 -1.421085e-14 5.110000e+02 5.109837e+02 411 -9.110939e-01 1.387779e-16 -9.104989e-01 0.000000e+00 1.000000e+00
1.000000e+00 5.110000e+02 1.136868e-13 5.109806e+02 -4.263256e-14 5.110000e+02 5.109806e+02 412 4.048962e-01 -4.440892e-16 4.062226e-01 -0.000000e+00 1.000000e+00
1.000000e+00 5.110000e+02 1.421085e-13 5.110026e+02 4.263256e-14 5.110000e+02 5.110026e+02 413 1.516932e-01 -6.661338e-16 1.505825e-01 -0.000000e+00 1.000000e+00
1.000000e+00 5.110000e+02 1.421085e-13 5.109921e+02 -1.421085e-14 5.110000e+02 5.109921e+02 414 -7.028175e-01 -4.440892e-16 -7.038857e-01 -0.000000e+00 1.000000e+00
1.000000e+00 5.110000e+02 8.526513e-14 5.109979e+02 -5.684342e-14 5.110000e+02 5.109979e+02 415 1.192170e+00 -4.440892e-16 1.190652e+00 -0.000000e+00 1.000000e+00
1.000000e+00 5.110000e+02 2.842171e-14 5.109638e+02 2.842171e-14 5.110000e+02 5.109638e+02 416 -1.568704e+00 -8.881784e-16 -1.568860e+00 -0.000000e+00 1.000000e+00
1.000000e+00 5.110000e+02 5.684342e-14 5.109647e+02 -5.684342e-14 5.110000e+02 5.109647e+02 417 1.791906e+00 2.220446e-16 1.792982e+00 0.000000e+00 1.000000e+00
1.000000e+00 5.110000e+02 1.278977e-13 5.109978e+02 -2.842171e-14 5.110000e+02 5.109978e+02 418 -1.836110e+00 2.220446e-16 -1.835005e+00 0.000000e+00 1.000000e+00
1.000000e+00 5.110000e+02 1.421085e-14 5.109597e+02 1.421085e-14 5.110000e+02 5.109597e+02 419 1.693374e+00 9.436896e-16 1.694929e+00 0.000000e+00 1.000000e+00
1.000000e+00 5.110000e+02 7.105427e-14 5.109650e+02 1.421085e-14 5.110000e+02 5.109650e+02 420 -1.374630e+00 3.469447e-16 -1.376254e+00 0.000000e+00 1.000000e+00
1.000000e+00 5.110000e+02 9.947598e-14 5.110129e+02 -5.684342e-14 5.110000e+02 5.110129e+02 421 9.089351e-01 -1.110223e-16 9.104989e-01 -0.000000e+00 1.000000e+00
1.000000e+00 5.110000e+02 -4.263256e-14 5.109997e+02 -1.421085e-14 5.110000e+02 5.109997e+02 422 -3.408755e-01 0.000000e+00 -3.396861e-01 0.000000e+00 1.000000e+00
1.000000e+00 5.110000e+02 1.421085e-14 5.110166e+02 -8.526513e-14 5.110000e+02 5.110166e+02 423 -2.736490e-01 -1.332268e-15 -2.731497e-01 -0.000000e+00 1.000000e+00
1.000000e+00 5.110000e+02 -8.526513e-14 5.110238e+02 4.263256e-14 5.110000e+02 5.110238e+02 424 8.728730e-01 -1.554312e-15 8.719778e-01 -0.000000e+00 1.000000e+00
1.000000e+00 5.110000e+02 4.263256e-14 5.109850e+02 -5.684342e-14 5.110000e+02 5.109850e+02 425 -1.395314e+00 4.440892e-16 -1.393764e+00 0.000000e+00 1.000000e+00
1.000000e+00 5.110000e+02 -7.105427e-14 5.109529e+02 1.421085e-14 5.110000e+02 5.109529e+02 426 1.786020e+00 -1.998401e-15 1.785979e+00 -0.000000e+00 1.000000e+00
1.000000e+00 5.110000e+02 7.105427e-14 5.109717e+02 4.263256e-14 5.110000e+02 5.109717e+02 427 -2.002281e+00 6.661338e-16 -2.003098e+00 0.000000e+00 1.000000e+00
1.000000e+00 5.110000e+02 9.471751e-15 5.110162e+02 -9.508019e-14 5.110000e+02 5.110162e+02 428 2.018226e+00 0.000000e+00 2.017105e+00 0.000000e+00 1.000000e+00
1.000000e+00 5.110000e+02 6.273407e-14 5.109913e+02 -5.846018e-15 5.110000e+02 5.109913e+02 429 -1.827808e+00 -7.494005e-16 -1.828002e+00 -0.000000e+00 1.000000e+00
1.000000e+00 5.110000e+02 5.081048e-15 5.109619e+02 1.892583e-14 5.110000e+02 5.109619e+02 430 1.445855e+00 -6.661338e-16 1.446292e+00 -0.000000e+00 1.000000e+00
1.000000e+00 5.110000e+02 9.213436e-15 5.110273e+02 -1.705233e-14 5.110000e+02 5.110273e+02 431 -9.070242e-01 -1.110223e-15 -9.069970e-01 -0.000000e+00 1.000000e+00
1.000000e+00 5.110000e+02 6.052412e-14 5.109637e+02 7.370840e-15 5.110000e+02 5.109637e+02 432 2.627355e-01 -3.552714e-15 2.626439e-01 -0.000000e+00 1.000000e+00
1.000000e+00 5.110000e+02 4.152298e-15 5.109966e+02 -3.199871e-14 5.110000e+02 5.109966e+02 433 4.236670e-01 -4.440892e-15 4.237322e-01 -0.000000e+00 1.000000e+00
1.000000e+00 5.110000e+02 5.732459e-14 5.110137e+02 -2.490196e-14 5.110000e+02 5.110137e+02 434 -1.083063e+00 1.776357e-15 -1.082093e+00 0.000000e+00 1.000000e+00
1.000000e+00 5.110000e+02 5.382435e-14 5.110082e+02 4.772224e-15 5.110000e+02 5.110082e+02 435 1.647432e+00 -2.664535e-15 1.645902e+00 -0.000000e+00 1.000000e+00
1.000000e+00 5.110000e+02 -1.230270e-14 5.110246e+02 -1.074488e-14 5.110000e+02 5.110246e+02 436 -2.056783e+00 -3.552714e-15 -2.055626e+00 -0.000000e+00 1.000000e+00
1.000000e+00 5.110000e+02 -3.122663e-14 5.110155e+02 4.812990e-15 5.110000e+02 5.110155e+02 437 2.265430e+00 1.776357e-15 2.265741e+00 0.000000e+00 1.000000e+00
1.000000e+00 5.110000e+02 -1.138536e-14 5.109890e+02 7.690463e-15 5.110000e+02 5.109890e+02 438 -2.246980e+00 7.105427e-15 -2.248232e+00 0.000000e+00 1.000000e+00
1.000000e+00 5.110000e+02 -1.059695e-15 5.110173e+02 1.909931e-15 5.110000e+02 5.110173e+02 439 1.997490e+00 -2.664535e-15 1.996094e+00 -0.000000e+00 1.000000e+00
1.000000e+00 5.110000e+02 3.944157e-14 5.109963e+02 -1.247266e-14 5.110000e+02 5.109963e+02 440 -1.536439e+00 2.664535e-15 -1.537342e+00 0.000000e+00 1.000000e+00
1.000000e+00 5.110000e+02 7.534805e-14 5.110118e+02 -2.192604e-14 5.110000e+02 5.110118e+02 441 9.053542e-01 -1.776357e-15 9.069970e-01 -0.000000e+00 1.000000e+00
1.000000e+00 5.110000e+02 6.833010e-14 5.109717e+02 -3.787248e-14 5.110000e+02 5.109717e+02 442 -1.641787e-01 1.776357e-15 -1.645902e-01 0.000000e+00 1.000000e+00
1.000000e+00 5.110000e+02 2.975811e-14 5.109761e+02 -3.744834e-14 5.110000e+02 5.109761e+02 443 -6.143152e-01 -2.664535e-15 -6.128358e-01 -0.000000e+00 1.000000e+00
1.000000e+00 5.110000e+02 7.052870e-15 5.109795e+02 1.590394e-14 5.110000e+02 5.109795e+02 444 1.351556e+00 4.440892e-16 1.351741e+00 0.000000e+00 1.000000e+00
1.000000e+00 5.110000e+02 2.531893e-15 5.110346e+02 2.152130e-14 5.110000e+02 5.110346e+02 445 -1.970974e+00 -1.776357e-15 -1.971580e+00 -0.000000e+00 1.000000e+00
1.000000e+00 5.110000e+02 9.179774e-14 5.109732e+02 1.809664e-14 5.110000e+02 5.109732e+02 446 2.405821e+00 1.221245e-15 2.405818e+00 0.000000e+00 1.000000e+00
1.000000e+00 5.110000e+02 1.774004e-14 5.109476e+02 3.343246e-14 5.110000e+02 5.109476e+02 447 -2.606205e+00 -1.568190e-15 -2.605428e+00 -0.000000e+00 1.000000e+00
1.000000e+00 5.110000e+02 -2.683048e-14 5.109952e+02 -8.940765e-14 5.110000e+02 5.109952e+02 448 2.544637e+00 -3.885781e-16 2.545895e+00 -0.000000e+00 1.000000e+00
1.000000e+00 5.110000e+02 5.684342e-14 5.109993e+02 2.842171e-14 5.110000e+02 5.109993e+02 449 -2.219469e+00 -1.776357e-15 -2.220217e+00 -0.000000e+00 1.000000e+00
1.000000e+00 5.110000e+02 -1.421085e-14 5.109790e+02 -7.105427e-15 5.110000e+02 5.109790e+02 450 1.655835e+00 -2.442491e-15 1.656408e+00 -0.000000e+00 1.000000e+00
1.000000e+00 5.110000e+02 -7.460699e-14 5.109778e+02 -3.552714e-14 5.110000e+02 5.109778e+02 451 -9.039187e-01 -1.776357e-15 -9.034951e-01 -0.000000e+00 1.000000e+00
1.000000e+00 5.110000e+02 5.684342e-14 5.110144e+02 1.065814e-14 5.110000e+02 5.110144e+02 452 3.465234e-02 -3.552714e-15 3.501919e-02 -0.000000e+00 1.000000e+00
1.000000e+00 5.110000e+02 -2.486900e-14 5.110083e+02 -1.776357e-14 5.110000e+02 5.110083e+02 453 8.668090e-01 -3.330669e-15 8.684759e-01 -0.000000e+00 1.000000e+00
1.000000e+00 5.110000e+02 -4.263256e-14 5.109695e+02 -1.065814e-14 5.110000e+02 5.109695e+02 454 -1.709245e+00 -2.442491e-15 -1.708936e+00 -0.000000e+00 1.000000e+00
1.000000e+00 5.110000e+02 -1.776357e-14 5.110015e+02 -8.171241e-14 5.110000e+02 5.110015e+02 455 2.404397e+00 4.996004e-16 2.405818e+00 0.000000e+00 1.000000e+00
1.000000e+00 5.110000e+02 3.197442e-14 5.110022e+02 -5.684342e-14 5.110000e+02 5.110022e+02 456 -2.875989e+00 -5.689893e-15 -2.875075e+00 -0.000000e+00 1.000000e+00
1.000000e+00 5.110000e+02 -3.552714e-14 5.110189e+02 -1.421085e-14 5.110000e+02 5.110189e+02 457 3.067843e+00 -3.580469e-15 3.067681e+00 -0.000000e+00 1.000000e+00
1.000000e+00 5.110000e+02 -7.460699e-14 5.110132e+02 -6.039613e-14 5.110000e+02 5.110132e+02 458 -2.950250e+00 -5.606626e-15 -2.948616e+00 -0.000000e+00 1.000000e+00
1.000000e+00 5.110000e+02 -6.750156e-14 5.110014e+02 -5.684342e-14 5.110000e+02 5.110014e+02 459 2.523899e+00 -2.997602e-15 2.524883e+00 -0.000000e+00 1.000000e+00
1.000000e+00 5.110000e+02 3.907985e-14 5.110128e+02 1.421085e-14 5.110000e+02 5.110128e+02 460 -1.820905e+00 -3.219647e-15 -1.820998e+00 -0.000000e+00 1.000000e+00
1.000000e+00 5.110000e+02 -7.105427e-14 5.109894e+02 6.394885e-14 5.110000e+02 5.109894e+02 461 9.027126e-01 -5.884182e-15 9.034951e-01 -0.000000e+00 1.000000e+00
1.000000e+00 5.110000e+02 -1.421085e-14 5.110233e+02 7.105427e-14 5.110000e+02 5.110233e+02 462 1.449962e-01 -5.440093e-15 1.435787e-01 -0.000000e+00 1.000000e+00
1.000000e+00 5.110000e+02 -4.263256e-14 5.109718e+02 3.552714e-15 5.110000e+02 5.109718e+02 463 -1.220020e+00 -5.662137e-15 -1.218668e+00 -0.000000e+00 1.000000e+00
1.000000e+00 5.110000e+02 1.065814e-14 5.109652e+02 7.105427e-15 5.110000e+02 5.109652e+02 464 2.213288e+00 -4.440892e-15 2.213213e+00 -0.000000e+00 1.000000e+00
1.000000e+00 5.110000e+02 -1.243450e-13 5.110199e+02 -1.065814e-13 5.110000e+02 5.110199e+02 465 -3.019567e+00 -4.926615e-15 -3.018654e+00 -0.000000e+00 1.000000e+00
1.000000e+00 5.110000e+02 3.907985e-14 5.110160e+02 4.973799e-14 5.110000e+02 5.110160e+02 466 3.548207e+00 -5.065393e-15 3.547444e+00 -0.000000e+00 1.000000e+00
1.000000e+00 5.110000e+02 -2.842171e-14 5.109749e+02 -1.776357e-14 5.110000e+02 5.109749e+02 467 -3.732859e+00 -4.274359e-15 -3.733045e+00 -0.000000e+00 1.000000e+00
1.000000e+00 5.110000e+02 1.101341e-13 5.109721e+02 4.263256e-14 5.110000e+02 5.109721e+02 468 3.539172e+00 -7.216450e-15 3.540440e+00 -0.000000e+00 1.000000e+00
1.000000e+00 5.110000e+02 -5.684342e-14 5.109875e+02 -4.263256e-14 5.110000e+02 5.109875e+02 469 -2.969634e+00 -7.160939e-15 -2.969627e+00 -0.000000e+00 1.000000e+00
1.000000e+00 5.110000e+02 -6.394885e-14 5.109806e+02 -9.237056e-14 5.110000e+02 5.109806e+02 470 2.064955e+00 -7.160939e-15 2.066132e+00 -0.000000e+00 1.000000e+00
1.000000e+00 5.110000e+02 -1.207923e-13 5.110108e+02 1.776357e-14 5.110000e+02 5.110108e+02 471 -9.017315e-01 -2.886580e-15 -8.999931e-01 -0.000000e+00 1.000000e+00
1.000000e+00 5.110000e+02 -1.705303e-13 5.110477e+02 1.065814e-14 5.110000e+02 5.110477e+02 472 -4.135462e-01 4.440892e-16 -4.132264e-01 0.000000e+00 1.000000e+00
1.000000e+00 5.110000e+02 -5.684342e-14 5.110086e+02 1.065814e-14 5.110000e+02 5.110086e+02 473 1.753711e+00 -2.747802e-15 1.754461e+00 -0.000000e+00 1.000000e+00
1.000000e+00 5.110000e+02 1.776357e-14 5.110047e+02 1.065814e-14 5.110000e+02 5.110047e+02 474 -2.982598e+00 -4.496403e-15 -2.983635e+00 -0.000000e+00 1.000000e+00
1.000000e+00 5.110000e+02 7.460699e-14 5.109975e+02 9.592327e-14 5.110000e+02 5.109975e+02 475 3.968164e+00 -3.497203e-15 3.967674e+00 -0.000000e+00 1.000000e+00
1.000000e+00 5.110000e+02 -1.634248e-13 5.110144e+02 -1.776357e-14 5.110000e+02 5.110144e+02 476 -4.595833e+00 -4.080070e-15 -4.594517e+00 -0.000000e+00 1.000000e+00
1.000000e+00 5.110000e+02 -1.350031e-13 5.110286e+02 2.842171e-14 5.110000e+02 5.110286e+02 477 4.780804e+00 3.774758e-15 4.780119e+00 0.000000e+00 1.000000e+00
1.000000e+00 5.110000e+02 -1.705303e-13 5.109815e+02 -1.776357e-14 5.110000e+02 5.109815e+02 478 -4.478068e+00 -9.325873e-15 -4.478954e+00 -0.000000e+00 1.000000e+00
1.000000e+00 5.110000e+02 -4.263256e-14 5.110109e+02 2.842171e-14 5.110000e+02 5.110109e+02 479 3.689076e+00 -8.493206e-15 3.687521e+00 -0.000000e+00 1.000000e+00
1.000000e+00 5.110000e+02 -1.918465e-13 5.109396e+02 -4.263256e-14 5.110000e+02 5.109396e+02 480 -2.464263e+00 -6.716849e-15 -2.465351e+00 -0.000000e+00 1.000000e+00
1.000000e+00 5.110000e+02 -1.563194e-13 5.110368e+02 -1.776357e-14 5.110000e+02 5.110368e+02 481 9.009720e-01 -8.493206e-15 8.999931e-01 -0.000000e+00 1.000000e+00
1.000000e+00 5.110000e+02 -8.881784e-14 5.110045e+02 -4.973799e-14 5.110000e+02 5.110045e+02 482 8.632450e-01 -3.858025e-15 8.649739e-01 -0.000000e+00 1.000000e+00
1.000000e+00 5.110000e+02 -1.030287e-13 5.110079e+02 3.552714e-14 5.110000e+02 5.110079e+02 483 -2.661558e+00 -1.051936e-14 -2.661458e+00 -0.000000e+00 1.000000e+00
1.000000e+00 5.110000e+02 -9.237056e-14 5.110072e+02 1.065814e-14 5.110000e+02 5.110072e+02 484 4.312216e+00 -6.265821e-15 4.310862e+00 -0.000000e+00 1.000000e+00
1.000000e+00 5.110000e+02 -1.740830e-13 5.109955e+02 -3.552714e-15 5.110000e+02 5.109955e+02 485 -5.635169e+00 -7.299716e-15 -5.634587e+00 -0.000000e+00 1.000000e+00
1.000000e+00 5.110000e+02 -2.096101e-13 5.110220e+02 -9.947598e-14 5.110000e+02 5.110220e+02 486 6.469547e+00 -3.996803e-15 6.468044e+00 -0.000000e+00 1.000000e+00
1.000000e+00 5.110000e+02 -1.065814e-13 5.110073e+02 2.131628e-14 5.110000e+02 5.110073e+02 487 -6.690440e+00 -7.382983e-15 -6.692167e+00 -0.000000e+00 1.000000e+00
1.000000e+00 5.110000e+02 -9.947598e-14 5.109990e+02 2.842171e-14 5.110000e+02 5.109990e+02 488 6.223411e+00 -3.386180e-15 6.222910e+00 -0.000000e+00 1.000000e+00
1.000000e+00 5.110000e+02 -5.684342e-14 5.109848e+02 -5.684342e-14 5.110000e+02 5.109848e+02 489 -5.055333e+00 -8.104628e-15 -5.056771e+00 -0.000000e+00 1.000000e+00
1.000000e+00 5.110000e+02 -5.329071e-14 5.109980e+02 2.131628e-14 5.110000e+02 5.109980e+02 490 3.240385e+00 -6.161738e-15 3.239275e+00 -0.000000e+00 1.000000e+00
1.000000e+00 5.110000e+02 -3.552714e-14 5.109636e+02 8.881784e-14 5.110000e+02 5.109636e+02 491 -9.004314e-01 6.661338e-16 -8.999931e-01 0.000000e+00 1.000000e+00
1.000000e+00 5.110000e+02 -1.989520e-13 5.110043e+02 -9.237056e-14 5.110000e+02 5.110043e+02 492 -1.780517e+00 -2.678413e-15 -1.778975e+00 -0.000000e+00 1.000000e+00
1.000000e+00 5.110000e+02 -7.460699e-14 5.110146e+02 -7.105427e-15 5.110000e+02 5.110146e+02 493 4.567583e+00 -3.920475e-16 4.566502e+00 -0.000000e+00 1.000000e+00
1.000000e+00 5.110000e+02 -1.030287e-13 5.109791e+02 0.000000e+00 5.110000e+02 5.109791e+02 494 -7.191330e+00 -1.007527e-14 -7.192941e+00 -0.000000e+00 1.000000e+00
1.000000e+00 5.110000e+02 -1.421085e-14 5.109884e+02 -2.842171e-14 5.110000e+02 5.109884e+02 495 9.367945e+00 2.109424e-15 9.367633e+00 0.000000e+00 1.000000e+00
1.000000e+00 5.110000e+02 1.776357e-14 5.110225e+02 -2.131628e-14 5.110000e+02 5.110225e+02 496 -1.082176e+01 -7.993606e-15 -1.082093e+01 -0.000000e+00 1.000000e+00
1.000000e+00 5.110000e+02 -6.039613e-14 5.109929e+02 -3.552714e-15 5.110000e+02 5.109929e+02 497 1.130833e+01 -3.830269e-15 1.130770e+01 -0.000000e+00 1.000000e+00
1.000000e+00 5.110000e+02 -2.842171e-14 5.109672e+02 5.684342e-14 5.110000e+02 5.109672e+02 498 -1.063614e+01 -5.440093e-15 -1.063533e+01 -0.000000e+00 1.000000e+00
1.000000e+00 5.110000e+02 -8.526513e-14 5.110208e+02 -1.421085e-14 5.110000e+02 5.110208e+02 499 8.685151e+00 -8.132384e-15 8.684759e+00 -0.000000e+00 1.000000e+00
1.000000e+00 5.110000e+02 -8.526513e-14 5.110170e+02 -7.815970e-14 5.110000e+02 5.110170e+02 500 -5.420508e+00 -7.716050e-15 -5.420970e+00 -0.000000e+00 1.000000e+00
1.000000e+00 5.110000e+02 1.472747e-14 5.110708e+02 3.046998e-14 5.110000e+02 5.110708e+02 501 9.001078e-01 3.080869e-15 8.999931e-01 0.000000e+00 1.000000e+00
1.000000e+00 5.110000e+02 7.044622e-14 5.110041e+02 -4.530144e-14 5.110000e+02 5.110041e+02 502 4.724732e+00 5.419276e-15 4.724088e+00 0.000000e+00 1.000000e+00
1.000000e+00 5.110000e+02 2.181649e-14 5.110028e+02 -2.403026e-15 5.110000e+02 5.110028e+02 503 -1.121581e+01 1.665335e-15 -1.121665e+01 0.000000e+00 1.000000e+00
1.000000e+00 5.110000e+02 -8.414846e-14 5.110094e+02 -3.286434e-15 5.110000e+02 5.110094e+02 504 1.826148e+01 1.998401e-15 1.826251e+01 0.000000e+00 1.000000e+00
1.000000e+00 5.110000e+02 -9.204547e-14 5.109933e+02 -1.892583e-14 5.110000e+02 5.109933e+02 505 -2.549607e+01 3.219647e-15 -2.549747e+01 0.000000e+00 1.000000e+00
1.000000e+00 5.110000e+02 -1.297483e-13 5.109682e+02 -2.862727e-15 5.110000e+02 5.109682e+02 506 3.252394e+01 1.126876e-14 3.252232e+01 0.000000e+00 1.000000e+00
1.000000e+00 5.110000e+02 -4.799472e-14 5.109745e+02 1.933523e-14 5.110000e+02 5.109745e+02 507 -3.894639e+01 9.992007e-16 -3.894484e+01 0.000000e+00 1.000000e+00
1.000000e+00 5.110000e+02 -4.551415e-14 5.109518e+02 4.882162e-15 5.110000e+02 5.109518e+02 508 4.438937e+01 1.665335e-14 4.439032e+01 0.000000e+00 1.000000e+00
1.000000e+00 5.110000e+02 1.273556e-14 5.109978e+02 8.439430e-16 5.110000e+02 5.109978e+02 509 -4.852990e+01 -4.918288e-14 -4.852959e+01 -0.000000e+00 1.000000e+00
1.000000e+00 5.110000e+02 1.392363e-14 5.109975e+02 -4.732326e-15 5.110000e+02 5.109975e+02 510 5.111908e+01 1.351697e-14 5.111751e+01 0.000000e+00 1.000000e+00
