1.000000e+00 2.550000e+02 -1.727785e-13 2.550000e+02 -1.726307e-13 2.550000e+02 2.550000e+02 0 2.290000e+02 0.000000e+00 2.290000e+02 0.000000e+00 1.000000e+00
1.000000e+00 2.550000e+02 -1.735223e-13 2.550000e+02 -1.695740e-13 2.550000e+02 2.550000e+02 1 2.555830e+01 -6.189493e-15 2.555830e+01 -6.182229e-15 1.000000e+00
1.000000e+00 2.550000e+02 -1.347189e-13 2.550000e+02 -1.347222e-13 2.550000e+02 2.550000e+02 2 -2.426012e+01 -1.609823e-14 -2.426012e+01 -1.608869e-14 1.000000e+00
1.000000e+00 2.550000e+02 -1.736513e-13 2.550000e+02 -1.718798e-13 2.550000e+02 2.550000e+02 3 2.218423e+01 1.443290e-15 2.218423e+01 1.440037e-15 1.000000e+00
1.000000e+00 2.550000e+02 -1.760406e-13 2.550000e+02 -1.799665e-13 2.550000e+02 2.550000e+02 4 -1.945559e+01 -3.608225e-15 -1.945559e+01 -3.600093e-15 1.000000e+00
1.000000e+00 2.550000e+02 -1.558278e-13 2.550000e+02 -1.549664e-13 2.550000e+02 2.550000e+02 5 1.623637e+01 8.937295e-15 1.623637e+01 8.938163e-15 1.000000e+00
1.000000e+00 2.550000e+02 -2.135029e-13 2.550000e+02 -2.180523e-13 2.550000e+02 2.550000e+02 6 -1.271437e+01 1.185163e-14 -1.271437e+01 1.184307e-14 1.000000e+00
1.000000e+00 2.550000e+02 -1.980663e-13 2.550000e+02 -1.968650e-13 2.550000e+02 2.550000e+02 7 9.089758e+00 1.154632e-14 9.089758e+00 1.154513e-14 1.000000e+00
1.000000e+00 2.550000e+02 -1.870029e-13 2.550000e+02 -1.833183e-13 2.550000e+02 2.550000e+02 8 -5.561159e+00 6.911138e-15 -5.561159e+00 6.902248e-15 1.000000e+00
1.000000e+00 2.550000e+02 -2.135171e-13 2.550000e+02 -2.106184e-13 2.550000e+02 2.550000e+02 9 2.312125e+00 1.031120e-14 2.312125e+00 1.030372e-14 1.000000e+00
1.000000e+00 2.550000e+02 -1.900712e-13 2.550000e+02 -1.887792e-13 2.550000e+02 2.550000e+02 10 5.009501e-01 1.079692e-14 5.009501e-01 1.080028e-14 1.000000e+00
1.000000e+00 2.550000e+02 -1.773672e-13 2.550000e+02 -1.773672e-13 2.550000e+02 2.550000e+02 11 -2.758605e+00 9.103829e-15 -2.758605e+00 9.111960e-15 1.000000e+00
1.000000e+00 2.550000e+02 -1.882715e-13 2.550000e+02 -1.882715e-13 2.550000e+02 2.550000e+02 12 4.385069e+00 8.715251e-15 4.385069e+00 8.714709e-15 1.000000e+00
1.000000e+00 2.550000e+02 -1.845881e-13 2.550000e+02 -1.841666e-13 2.550000e+02 2.550000e+02 13 -5.351557e+00 5.162537e-15 -5.351557e+00 5.164272e-15 1.000000e+00
1.000000e+00 2.550000e+02 -1.837631e-13 2.550000e+02 -1.837631e-13 2.550000e+02 2.550000e+02 14 5.675949e+00 5.717649e-15 5.675949e+00 5.710493e-15 1.000000e+00
1.000000e+00 2.550000e+02 3.157362e-15 2.550000e+02 2.558089e-15 2.550000e+02 2.550000e+02 15 -5.418976e+00 -2.664535e-15 -5.418976e+00 -2.656621e-15 1.000000e+00
1.000000e+00 2.550000e+02 3.176133e-14 2.550000e+02 3.222127e-14 2.550000e+02 2.550000e+02 16 4.677329e+00 3.830269e-15 4.677329e+00 3.823547e-15 1.000000e+00
1.000000e+00 2.550000e+02 1.318356e-14 2.550000e+02 1.060851e-14 2.550000e+02 2.550000e+02 17 -3.574329e+00 -5.329071e-15 -3.574329e+00 -5.338069e-15 1.000000e+00
1.000000e+00 2.550000e+02 1.754618e-14 2.550000e+02 1.471960e-14 2.550000e+02 2.550000e+02 18 2.248984e+00 -5.217070e-16 2.248984e+00 -5.213928e-16 1.000000e+00
1.000000e+00 2.550000e+02 4.455137e-14 2.550000e+02 4.678944e-14 2.550000e+02 2.550000e+02 19 -8.443521e-01 -1.117708e-15 -8.443521e-01 -1.117270e-15 1.000000e+00
1.000000e+00 2.550000e+02 7.878547e-15 2.550000e+02 6.036463e-15 2.550000e+02 2.550000e+02 20 -5.038187e-01 -3.084911e-17 -5.038187e-01 -2.482823e-17 1.000000e+00
1.000000e+00 2.550000e+02 -9.159881e-15 2.550000e+02 -1.289893e-14 2.550000e+02 2.550000e+02 21 1.677282e+00 1.825533e-15 1.677282e+00 1.837289e-15 1.000000e+00
1.000000e+00 2.550000e+02 -2.114251e-14 2.550000e+02 -1.694733e-14 2.550000e+02 2.550000e+02 22 -2.583538e+00 -1.764698e-15 -2.583538e+00 -1.762804e-15 1.000000e+00
1.000000e+00 2.550000e+02 -1.449996e-14 2.550000e+02 -1.283342e-14 2.550000e+02 2.550000e+02 23 3.161533e+00 4.615113e-15 3.161533e+00 4.618051e-15 1.000000e+00
1.000000e+00 2.550000e+02 3.313892e-15 2.550000e+02 4.129611e-15 2.550000e+02 2.550000e+02 24 -3.384473e+00 1.872185e-15 -3.384473e+00 1.862117e-15 1.000000e+00
1.000000e+00 2.550000e+02 -1.880833e-14 2.550000e+02 -2.112003e-14 2.550000e+02 2.550000e+02 25 3.259630e+00 3.069033e-15 3.259630e+00 3.078700e-15 1.000000e+00
1.000000e+00 2.550000e+02 -2.280512e-14 2.550000e+02 -2.038321e-14 2.550000e+02 2.550000e+02 26 -2.825309e+00 1.931765e-15 -2.825309e+00 1.936602e-15 1.000000e+00
1.000000e+00 2.550000e+02 -3.872962e-15 2.550000e+02 -1.677930e-15 2.550000e+02 2.550000e+02 27 2.145360e+00 3.347277e-15 2.145360e+00 3.351811e-15 1.000000e+00
1.000000e+00 2.550000e+02 7.408625e-15 2.550000e+02 6.886566e-15 2.550000e+02 2.550000e+02 28 -1.301804e+00 3.516506e-15 -1.301804e+00 3.525609e-15 1.000000e+00
1.000000e+00 2.550000e+02 -5.579531e-15 2.550000e+02 -6.623647e-15 2.550000e+02 2.550000e+02 29 3.863169e-01 2.630481e-15 3.863169e-01 2.631792e-15 1.000000e+00
1.000000e+00 2.550000e+02 -2.117167e-15 2.550000e+02 -2.117167e-15 2.550000e+02 2.550000e+02 30 5.086609e-01 4.018297e-15 5.086609e-01 4.022173e-15 1.000000e+00
1.000000e+00 2.550000e+02 5.155269e-15 2.550000e+02 5.155269e-15 2.550000e+02 2.550000e+02 31 -1.298387e+00 1.889969e-15 -1.298387e+00 1.886945e-15 1.000000e+00
1.000000e+00 2.550000e+02 -3.768268e-14 2.550000e+02 -2.199208e-14 2.550000e+02 2.550000e+02 32 1.913132e+00 -1.841900e-16 1.913132e+00 -1.737976e-16 1.000000e+00
1.000000e+00 2.550000e+02 4.787534e-15 2.550000e+02 5.009579e-15 2.550000e+02 2.550000e+02 33 -2.303755e+00 5.689923e-16 -2.303755e+00 5.710493e-16 1.000000e+00
1.000000e+00 2.550000e+02 3.615972e-14 2.550000e+02 3.616662e-14 2.550000e+02 2.550000e+02 34 2.445125e+00 -4.773959e-15 2.445125e+00 -4.767020e-15 1.000000e+00
1.000000e+00 2.550000e+02 -1.446232e-14 2.550000e+02 -4.199586e-14 2.550000e+02 2.550000e+02 35 -2.337179e+00 -5.151761e-16 -2.337179e+00 -5.213928e-16 1.000000e+00
1.000000e+00 2.550000e+02 5.335349e-14 2.550000e+02 3.914263e-14 2.550000e+02 2.550000e+02 36 2.003632e+00 -1.204556e-15 2.003632e+00 -1.216583e-15 1.000000e+00
1.000000e+00 2.550000e+02 -6.637881e-17 2.550000e+02 -6.637881e-17 2.550000e+02 2.550000e+02 37 -1.488552e+00 -9.822294e-16 -1.488552e+00 -9.931292e-16 1.000000e+00
1.000000e+00 2.550000e+02 -6.986792e-16 2.550000e+02 -6.986792e-16 2.550000e+02 2.550000e+02 38 8.512151e-01 1.610709e-15 8.512151e-01 1.613835e-15 1.000000e+00
1.000000e+00 2.550000e+02 2.587149e-14 2.550000e+02 2.587149e-14 2.550000e+02 2.550000e+02 39 -1.597834e-01 -4.340132e-16 -1.597834e-01 -4.220799e-16 1.000000e+00
1.000000e+00 2.550000e+02 4.065454e-15 2.550000e+02 3.855783e-15 2.550000e+02 2.550000e+02 40 -5.155718e-01 7.608341e-17 -5.155718e-01 7.448469e-17 1.000000e+00
1.000000e+00 2.550000e+02 -3.039897e-14 2.550000e+02 -2.935486e-14 2.550000e+02 2.550000e+02 41 1.109432e+00 1.567001e-15 1.109432e+00 1.564178e-15 1.000000e+00
1.000000e+00 2.550000e+02 -2.651659e-15 2.550000e+02 -2.873704e-15 2.550000e+02 2.550000e+02 42 -1.567158e+00 1.884393e-16 -1.567158e+00 1.986258e-16 1.000000e+00
1.000000e+00 2.550000e+02 -7.420665e-15 2.550000e+02 4.679321e-15 2.550000e+02 2.550000e+02 43 1.849660e+00 2.194934e-15 1.849660e+00 2.184884e-15 1.000000e+00
1.000000e+00 2.550000e+02 -1.926840e-15 2.550000e+02 1.312872e-14 2.550000e+02 2.550000e+02 44 -1.936491e+00 5.086037e-16 -1.936491e+00 4.965646e-16 1.000000e+00
1.000000e+00 2.550000e+02 1.411678e-14 2.550000e+02 1.496149e-14 2.550000e+02 2.550000e+02 45 1.827065e+00 2.588638e-15 1.827065e+00 2.582136e-15 1.000000e+00
1.000000e+00 2.550000e+02 1.042818e-15 2.550000e+02 2.732233e-15 2.550000e+02 2.550000e+02 46 -1.539925e+00 1.081587e-15 -1.539925e+00 1.092442e-15 1.000000e+00
1.000000e+00 2.550000e+02 4.760970e-14 2.550000e+02 4.760970e-14 2.550000e+02 2.550000e+02 47 1.110229e+00 2.405050e-15 1.110229e+00 2.408338e-15 1.000000e+00
1.000000e+00 2.550000e+02 4.238382e-14 2.550000e+02 4.238382e-14 2.550000e+02 2.550000e+02 48 -5.857308e-01 1.385294e-16 -5.857308e-01 1.489694e-16 1.000000e+00
1.000000e+00 2.550000e+02 7.257501e-15 2.550000e+02 1.206400e-14 2.550000e+02 2.550000e+02 49 2.170197e-02 2.211282e-16 2.170197e-02 2.234541e-16 1.000000e+00
1.000000e+00 2.550000e+02 3.396753e-14 2.550000e+02 3.418957e-14 2.550000e+02 2.550000e+02 50 5.246909e-01 1.093025e-15 5.246909e-01 1.092442e-15 1.000000e+00
1.000000e+00 2.550000e+02 4.470095e-14 2.550000e+02 4.470785e-14 2.550000e+02 2.550000e+02 51 -1.000000e+00 -4.218847e-15 -1.000000e+00 -4.220799e-15 1.000000e+00
1.000000e+00 2.550000e+02 2.567523e-14 2.550000e+02 2.656341e-14 2.550000e+02 2.550000e+02 52 1.359565e+00 -7.428797e-16 1.359565e+00 -7.448469e-16 1.000000e+00
1.000000e+00 2.550000e+02 3.595210e-14 2.550000e+02 2.174124e-14 2.550000e+02 2.550000e+02 53 -1.571572e+00 4.663482e-16 -1.571572e+00 4.717364e-16 1.000000e+00
1.000000e+00 2.550000e+02 -7.519571e-15 2.550000e+02 -7.519571e-15 2.550000e+02 2.550000e+02 54 1.619738e+00 -4.132401e-16 1.619738e+00 -4.220799e-16 1.000000e+00
1.000000e+00 2.550000e+02 5.768583e-15 2.550000e+02 5.768583e-15 2.550000e+02 2.550000e+02 55 -1.504416e+00 4.882483e-17 -1.504416e+00 4.965646e-17 1.000000e+00
1.000000e+00 2.550000e+02 -1.206782e-15 2.550000e+02 -3.517835e-15 2.550000e+02 2.550000e+02 56 1.242049e+00 -8.053420e-16 1.242049e+00 -7.945034e-16 1.000000e+00
1.000000e+00 2.550000e+02 -8.319645e-15 2.550000e+02 -9.391091e-15 2.550000e+02 2.550000e+02 57 -8.630829e-01 5.451409e-16 -8.630829e-01 5.462211e-16 1.000000e+00
1.000000e+00 2.550000e+02 8.764673e-15 2.550000e+02 8.698732e-15 2.550000e+02 2.550000e+02 58 4.085756e-01 -3.700523e-16 4.085756e-01 -3.724234e-16 1.000000e+00
1.000000e+00 2.550000e+02 -1.071284e-14 2.550000e+02 -1.099530e-14 2.550000e+02 2.550000e+02 59 7.412635e-02 7.047446e-16 7.412635e-02 6.951904e-16 1.000000e+00
1.000000e+00 2.550000e+02 4.353432e-14 2.550000e+02 4.526967e-14 2.550000e+02 2.550000e+02 60 -5.362090e-01 -2.195081e-16 -5.362090e-01 -2.234541e-16 1.000000e+00
1.000000e+00 2.550000e+02 5.636051e-14 2.550000e+02 4.835151e-14 2.550000e+02 2.550000e+02 61 9.322231e-01 8.891859e-16 9.322231e-01 8.938163e-16 1.000000e+00
1.000000e+00 2.550000e+02 3.349928e-14 2.550000e+02 3.265457e-14 2.550000e+02 2.550000e+02 62 -1.224462e+00 1.221158e-15 -1.224462e+00 1.216583e-15 1.000000e+00
1.000000e+00 2.550000e+02 3.914222e-14 2.550000e+02 3.745281e-14 2.550000e+02 2.550000e+02 63 1.386469e+00 9.264605e-16 1.386469e+00 9.186445e-16 1.000000e+00
1.000000e+00 2.550000e+02 1.174799e-14 2.550000e+02 1.174252e-14 2.550000e+02 2.550000e+02 64 -1.405360e+00 1.361545e-15 -1.405360e+00 1.365553e-15 1.000000e+00
1.000000e+00 2.550000e+02 1.267653e-14 2.550000e+02 1.267653e-14 2.550000e+02 2.550000e+02 65 1.282756e+00 4.477963e-16 1.282756e+00 4.469081e-16 1.000000e+00
1.000000e+00 2.550000e+02 1.062269e-14 2.550000e+02 1.334096e-14 2.550000e+02 2.550000e+02 66 -1.034275e+00 2.822314e-16 -1.034275e+00 2.731105e-16 1.000000e+00
1.000000e+00 2.550000e+02 -6.853813e-15 2.550000e+02 2.772904e-15 2.550000e+02 2.550000e+02 67 6.876623e-01 1.792872e-17 6.876623e-01 2.482823e-17 1.000000e+00
1.000000e+00 2.550000e+02 3.368617e-14 2.550000e+02 3.456972e-14 2.550000e+02 2.550000e+02 68 -2.797728e-01 -3.885781e-15 -2.797728e-01 -3.898032e-15 1.000000e+00
1.000000e+00 2.550000e+02 2.323146e-14 2.550000e+02 2.465692e-14 2.550000e+02 2.550000e+02 69 -1.472754e-01 1.699394e-16 -1.472754e-01 1.737976e-16 1.000000e+00
1.000000e+00 2.550000e+02 2.316336e-14 2.550000e+02 2.184031e-14 2.550000e+02 2.550000e+02 70 5.503788e-01 -8.502527e-16 5.503788e-01 -8.441598e-16 1.000000e+00
1.000000e+00 2.550000e+02 3.042655e-14 2.550000e+02 3.168604e-14 2.550000e+02 2.550000e+02 71 -8.897342e-01 -6.414718e-16 -8.897342e-01 -6.455340e-16 1.000000e+00
1.000000e+00 2.550000e+02 3.663600e-14 2.550000e+02 3.672001e-14 2.550000e+02 2.550000e+02 72 1.132710e+00 8.239861e-16 1.132710e+00 8.193316e-16 1.000000e+00
1.000000e+00 2.550000e+02 6.995467e-15 2.550000e+02 8.610912e-15 2.550000e+02 2.550000e+02 73 -1.256931e+00 -1.603373e-15 -1.256931e+00 -1.613835e-15 1.000000e+00
1.000000e+00 2.550000e+02 1.325786e-14 2.550000e+02 1.996059e-14 2.550000e+02 2.550000e+02 74 1.252296e+00 1.036423e-15 1.252296e+00 1.042786e-15 1.000000e+00
1.000000e+00 2.550000e+02 3.978343e-14 2.550000e+02 3.594064e-14 2.550000e+02 2.550000e+02 75 -1.121734e+00 -4.045979e-16 -1.121734e+00 -3.972517e-16 1.000000e+00
1.000000e+00 2.550000e+02 3.415624e-14 2.550000e+02 3.453937e-14 2.550000e+02 2.550000e+02 76 8.806781e-01 -7.643605e-17 8.806781e-01 -7.448469e-17 1.000000e+00
1.000000e+00 2.550000e+02 5.690232e-14 2.550000e+02 5.948480e-14 2.550000e+02 2.550000e+02 77 -5.552937e-01 -2.712105e-16 -5.552937e-01 -2.731105e-16 1.000000e+00
1.000000e+00 2.550000e+02 2.856774e-14 2.550000e+02 2.590659e-14 2.550000e+02 2.550000e+02 78 1.796931e-01 -1.109086e-15 1.796931e-01 -1.117270e-15 1.000000e+00
1.000000e+00 2.550000e+02 3.366821e-14 2.550000e+02 3.419027e-14 2.550000e+02 2.550000e+02 79 2.075948e-01 1.187721e-15 2.075948e-01 1.191755e-15 1.000000e+00
1.000000e+00 2.550000e+02 5.994483e-14 2.550000e+02 6.098895e-14 2.550000e+02 2.550000e+02 80 -5.675290e-01 -9.470365e-16 -5.675290e-01 -9.434727e-16 1.000000e+00
1.000000e+00 2.550000e+02 3.993675e-14 2.550000e+02 3.993675e-14 2.550000e+02 2.550000e+02 81 8.644478e-01 3.962656e-15 8.644478e-01 3.972517e-15 1.000000e+00
1.000000e+00 2.550000e+02 4.022510e-14 2.550000e+02 3.945296e-14 2.550000e+02 2.550000e+02 82 -1.069561e+00 -4.974297e-15 -1.069561e+00 -4.965646e-15 1.000000e+00
1.000000e+00 2.550000e+02 8.317331e-14 2.550000e+02 7.550020e-14 2.550000e+02 2.550000e+02 83 1.163707e+00 1.602904e-15 1.163707e+00 1.613835e-15 1.000000e+00
1.000000e+00 2.550000e+02 5.268983e-14 2.550000e+02 6.731592e-14 2.550000e+02 2.550000e+02 84 -1.139114e+00 -3.012213e-15 -1.139114e+00 -3.004216e-15 1.000000e+00
1.000000e+00 2.550000e+02 8.540323e-14 2.550000e+02 8.849500e-14 2.550000e+02 2.550000e+02 85 1.000000e+00 0.000000e+00 1.000000e+00 0.000000e+00 1.000000e+00
1.000000e+00 2.550000e+02 7.854731e-14 2.550000e+02 8.403806e-14 2.550000e+02 2.550000e+02 86 -7.619829e-01 5.551115e-17 -7.619829e-01 4.965646e-17 1.000000e+00
1.000000e+00 2.550000e+02 8.691200e-14 2.550000e+02 8.702719e-14 2.550000e+02 2.550000e+02 87 4.503583e-01 -1.026956e-15 4.503583e-01 -1.017957e-15 1.000000e+00
1.000000e+00 2.550000e+02 9.445667e-14 2.550000e+02 9.345730e-14 2.550000e+02 2.550000e+02 88 -9.744540e-02 -8.881784e-16 -9.744540e-02 -8.938163e-16 1.000000e+00
1.000000e+00 2.550000e+02 8.061917e-14 2.550000e+02 8.201738e-14 2.550000e+02 2.550000e+02 89 -2.607313e-01 -2.775558e-16 -2.607313e-01 -2.731105e-16 1.000000e+00
1.000000e+00 2.550000e+02 4.662547e-14 2.550000e+02 4.638241e-14 2.550000e+02 2.550000e+02 90 5.880851e-01 -5.551115e-16 5.880851e-01 -5.462211e-16 1.000000e+00
1.000000e+00 2.550000e+02 4.195465e-14 2.550000e+02 4.295163e-14 2.550000e+02 2.550000e+02 91 -8.520697e-01 -1.471046e-15 -8.520697e-01 -1.464866e-15 1.000000e+00
1.000000e+00 2.550000e+02 5.145206e-14 2.550000e+02 4.795588e-14 2.550000e+02 2.550000e+02 92 1.026887e+00 -4.243047e-16 1.026887e+00 -4.220799e-16 1.000000e+00
1.000000e+00 2.550000e+02 3.454425e-14 2.550000e+02 3.180251e-14 2.550000e+02 2.550000e+02 93 -1.095981e+00 -6.721121e-16 -1.095981e+00 -6.703622e-16 1.000000e+00
1.000000e+00 2.550000e+02 1.813112e-14 2.550000e+02 1.671278e-14 2.550000e+02 2.550000e+02 94 1.053590e+00 3.533496e-16 1.053590e+00 3.475952e-16 1.000000e+00
1.000000e+00 2.550000e+02 4.049715e-14 2.550000e+02 3.956971e-14 2.550000e+02 2.550000e+02 95 -9.051986e-01 -3.672300e-17 -9.051986e-01 -2.482823e-17 1.000000e+00
1.000000e+00 2.550000e+02 1.853313e-14 2.550000e+02 1.853313e-14 2.550000e+02 2.550000e+02 96 6.668681e-01 6.304072e-16 6.668681e-01 6.207057e-16 1.000000e+00
1.000000e+00 2.550000e+02 4.329805e-14 2.550000e+02 4.329805e-14 2.550000e+02 2.550000e+02 97 -3.635214e-01 -7.971043e-18 -3.635214e-01 -0.000000e+00 1.000000e+00
1.000000e+00 2.550000e+02 2.295213e-14 2.550000e+02 2.262028e-14 2.550000e+02 2.550000e+02 98 2.635924e-02 1.102252e-15 2.635924e-02 1.092442e-15 1.000000e+00
1.000000e+00 2.550000e+02 3.119529e-14 2.550000e+02 3.119529e-14 2.550000e+02 2.550000e+02 99 3.103231e-01 1.327996e-16 3.103231e-01 1.241411e-16 1.000000e+00
1.000000e+00 2.550000e+02 7.497161e-14 2.550000e+02 6.874161e-14 2.550000e+02 2.550000e+02 100 -6.125973e-01 2.815413e-16 -6.125973e-01 2.731105e-16 1.000000e+00
1.000000e+00 2.550000e+02 6.944144e-14 2.550000e+02 6.240852e-14 2.550000e+02 2.550000e+02 101 8.502958e-01 9.099557e-16 8.502958e-01 9.186445e-16 1.000000e+00
1.000000e+00 2.550000e+02 4.861267e-14 2.550000e+02 5.205021e-14 2.550000e+02 2.550000e+02 102 -1.000000e+00 1.606906e-15 -1.000000e+00 1.613835e-15 1.000000e+00
1.000000e+00 2.550000e+02 4.426744e-14 2.550000e+02 5.392523e-14 2.550000e+02 2.550000e+02 103 1.047329e+00 2.564455e-16 1.047329e+00 2.482823e-16 1.000000e+00
1.000000e+00 2.550000e+02 6.327205e-14 2.550000e+02 6.250782e-14 2.550000e+02 2.550000e+02 104 -9.883096e-01 -5.981538e-16 -9.883096e-01 -5.958775e-16 1.000000e+00
1.000000e+00 2.550000e+02 7.088583e-14 2.550000e+02 7.168133e-14 2.550000e+02 2.550000e+02 105 8.296901e-01 3.854845e-16 8.296901e-01 3.972517e-16 1.000000e+00
1.000000e+00 2.550000e+02 1.494873e-14 2.550000e+02 1.739117e-14 2.550000e+02 2.550000e+02 106 -5.881883e-01 -6.913287e-16 -5.881883e-01 -6.951904e-16 1.000000e+00
1.000000e+00 2.550000e+02 8.253658e-15 2.550000e+02 4.391136e-15 2.550000e+02 2.550000e+02 107 2.887427e-01 -2.916593e-16 2.887427e-01 -2.979388e-16 1.000000e+00
1.000000e+00 2.550000e+02 5.205382e-15 2.550000e+02 9.796152e-15 2.550000e+02 2.550000e+02 108 3.804409e-02 -9.182103e-16 3.804409e-02 -9.186445e-16 1.000000e+00
1.000000e+00 2.550000e+02 -2.336514e-14 2.550000e+02 -2.326441e-14 2.550000e+02 2.550000e+02 109 -3.590110e-01 -6.575582e-16 -3.590110e-01 -6.455340e-16 1.000000e+00
1.000000e+00 2.550000e+02 -2.571222e-14 2.550000e+02 -2.338177e-14 2.550000e+02 2.550000e+02 110 6.417821e-01 -6.581854e-16 6.417821e-01 -6.703622e-16 1.000000e+00
1.000000e+00 2.550000e+02 1.171443e-14 2.550000e+02 7.813460e-15 2.550000e+02 2.550000e+02 111 -8.580107e-01 -1.071815e-15 -8.580107e-01 -1.067614e-15 1.000000e+00
1.000000e+00 2.550000e+02 3.213354e-15 2.550000e+02 3.397259e-15 2.550000e+02 2.550000e+02 112 9.862027e-01 -4.790788e-16 9.862027e-01 -4.717364e-16 1.000000e+00
1.000000e+00 2.550000e+02 -6.590084e-14 2.550000e+02 -6.642290e-14 2.550000e+02 2.550000e+02 113 -1.013839e+00 2.585256e-16 -1.013839e+00 2.482823e-16 1.000000e+00
1.000000e+00 2.550000e+02 -1.920114e-14 2.550000e+02 -2.024526e-14 2.550000e+02 2.550000e+02 114 9.385895e-01 4.836048e-16 9.385895e-01 4.717364e-16 1.000000e+00
0.000000e+00 2.842171e-14 4.036314e-15 2.842171e-14 4.036314e-15 2.870689e-14 2.870689e-14 115 -7.684997e-01 6.499087e-16 -7.684997e-01 6.455340e-16 0.000000e+00
0.000000e+00 4.263256e-14 1.130875e-14 4.263256e-14 1.130875e-14 4.410695e-14 4.410695e-14 116 5.211395e-01 -1.144107e-16 5.211395e-01 -1.241411e-16 0.000000e+00
0.000000e+00 0.000000e+00 1.395921e-14 0.000000e+00 8.333524e-15 1.395921e-14 8.333524e-15 117 -2.217996e-01 -1.970714e-16 -2.217996e-01 -1.986258e-16 0.000000e+00
0.000000e+00 1.421085e-14 -5.344963e-14 1.421085e-14 -6.553455e-14 5.530652e-14 6.705763e-14 118 -9.907810e-02 1.188803e-17 -9.907810e-02 0.000000e+00 0.000000e+00
0.000000e+00 5.684342e-14 -1.229472e-13 5.684342e-14 -1.229403e-13 1.354518e-13 1.354455e-13 119 4.089771e-01 5.601650e-16 4.089771e-01 5.710493e-16 0.000000e+00
0.000000e+00 -4.263256e-14 8.640741e-14 -5.684342e-14 8.919948e-14 9.635235e-14 1.057720e-13 120 -6.765818e-01 2.084616e-16 -6.765818e-01 1.986258e-16 0.000000e+00
0.000000e+00 2.842171e-14 -9.344645e-14 1.421085e-14 -8.018754e-14 9.767309e-14 8.143703e-14 121 8.749234e-01 -9.002413e-16 8.749234e-01 -8.938163e-16 0.000000e+00
0.000000e+00 1.136868e-13 -8.291747e-14 1.136868e-13 -8.291747e-14 1.407125e-13 1.407125e-13 122 -9.840809e-01 -7.485310e-16 -9.840809e-01 -7.448469e-16 0.000000e+00
0.000000e+00 5.684342e-14 2.061760e-14 5.684342e-14 2.061760e-14 6.046701e-14 6.046701e-14 123 9.931706e-01 2.796514e-16 9.931706e-01 2.731105e-16 0.000000e+00
0.000000e+00 2.842171e-14 -1.676107e-14 2.842171e-14 -1.676107e-14 3.299586e-14 3.299586e-14 124 -9.014246e-01 -1.327173e-15 -9.014246e-01 -1.315896e-15 0.000000e+00
0.000000e+00 0.000000e+00 6.515846e-14 0.000000e+00 5.879531e-14 6.515846e-14 5.879531e-14 125 7.182526e-01 -1.108510e-15 7.182526e-01 -1.117270e-15 0.000000e+00
0.000000e+00 -8.526513e-14 7.948008e-14 -8.526513e-14 8.667767e-14 1.165643e-13 1.215860e-13 126 -4.622828e-01 -1.122373e-15 -4.622828e-01 -1.117270e-15 0.000000e+00
0.000000e+00 -2.842171e-14 -4.572602e-14 -2.842171e-14 -4.594807e-14 5.383923e-14 5.402794e-14 127 1.594788e-01 -9.128879e-16 1.594788e-01 -9.186445e-16 0.000000e+00
0.000000e+00 -7.105427e-14 2.004910e-14 -7.105427e-14 1.083280e-14 7.382869e-14 7.187530e-14 128 1.594788e-01 -6.927140e-16 1.594788e-01 -6.951904e-16 0.000000e+00
0.000000e+00 -8.526513e-14 1.938944e-14 -9.947598e-14 2.543568e-14 8.744194e-14 1.026764e-13 129 -4.622828e-01 -8.871461e-16 -4.622828e-01 -8.938163e-16 0.000000e+00
0.000000e+00 -2.842171e-14 -3.796690e-14 -2.842171e-14 -3.712219e-14 4.742657e-14 4.675308e-14 130 7.182526e-01 1.173238e-16 7.182526e-01 1.241411e-16 0.000000e+00
0.000000e+00 -7.105427e-14 1.334978e-14 -7.105427e-14 1.503919e-14 7.229749e-14 7.262842e-14 131 -9.014246e-01 -5.669524e-16 -9.014246e-01 -5.710493e-16 0.000000e+00
0.000000e+00 0.000000e+00 1.728409e-14 0.000000e+00 1.728409e-14 1.728409e-14 1.728409e-14 132 9.931706e-01 9.229287e-16 9.931706e-01 9.186445e-16 0.000000e+00
0.000000e+00 -5.684342e-14 -4.617894e-14 -5.684342e-14 -4.617894e-14 7.323708e-14 7.323708e-14 133 -9.840809e-01 -1.020302e-15 -9.840809e-01 -1.017957e-15 0.000000e+00
0.000000e+00 -9.947598e-14 -2.636574e-14 -9.947598e-14 -2.155924e-14 1.029108e-13 1.017854e-13 134 8.749234e-01 8.709290e-16 8.749234e-01 8.689880e-16 0.000000e+00
0.000000e+00 2.842171e-14 -3.657660e-14 8.526513e-14 -3.635456e-14 4.632107e-14 9.269194e-14 135 -6.765818e-01 -5.292506e-17 -6.765818e-01 -4.965646e-17 0.000000e+00
0.000000e+00 0.000000e+00 -7.748506e-14 0.000000e+00 -7.747816e-14 7.748506e-14 7.747816e-14 136 4.089771e-01 -6.788721e-16 4.089771e-01 -6.703622e-16 0.000000e+00
0.000000e+00 7.105427e-14 -2.025497e-14 4.263256e-14 -1.936679e-14 7.388487e-14 4.682529e-14 137 -9.907810e-02 1.249909e-17 -9.907810e-02 2.482823e-17 0.000000e+00
0.000000e+00 0.000000e+00 -8.953155e-14 0.000000e+00 -7.627265e-14 8.953155e-14 7.627265e-14 138 -2.217996e-01 -5.001866e-16 -2.217996e-01 -4.965646e-16 0.000000e+00
0.000000e+00 2.842171e-14 -5.674742e-14 2.842171e-14 -5.674742e-14 6.346702e-14 6.346702e-14 139 5.211395e-01 -5.282479e-16 5.211395e-01 -5.213928e-16 0.000000e+00
0.000000e+00 4.263256e-14 -3.848978e-16 4.263256e-14 -3.848978e-16 4.263430e-14 4.263430e-14 140 -7.684997e-01 -7.288653e-16 -7.684997e-01 -7.200187e-16 0.000000e+00
1.000000e+00 2.550000e+02 9.240704e-15 2.550000e+02 3.175695e-15 2.550000e+02 2.550000e+02 141 9.385895e-01 -6.933233e-16 9.385895e-01 -6.951904e-16 1.000000e+00
1.000000e+00 2.550000e+02 1.657483e-15 2.550000e+02 -3.301951e-15 2.550000e+02 2.550000e+02 142 -1.013839e+00 -1.534277e-15 -1.013839e+00 -1.539350e-15 1.000000e+00
1.000000e+00 2.550000e+02 2.878402e-14 2.550000e+02 2.627429e-14 2.550000e+02 2.550000e+02 143 9.862027e-01 -1.406972e-15 9.862027e-01 -1.415209e-15 1.000000e+00
1.000000e+00 2.550000e+02 -1.631686e-14 2.550000e+02 -1.760998e-14 2.550000e+02 2.550000e+02 144 -8.580107e-01 -1.106414e-15 -8.580107e-01 -1.117270e-15 1.000000e+00
1.000000e+00 2.550000e+02 2.165250e-14 2.550000e+02 1.842502e-14 2.550000e+02 2.550000e+02 145 6.417821e-01 -8.787388e-16 6.417821e-01 -8.689880e-16 1.000000e+00
1.000000e+00 2.550000e+02 5.757275e-14 2.550000e+02 6.085282e-14 2.550000e+02 2.550000e+02 146 -3.590110e-01 -9.665952e-16 -3.590110e-01 -9.683010e-16 1.000000e+00
1.000000e+00 2.550000e+02 6.154087e-14 2.550000e+02 6.069617e-14 2.550000e+02 2.550000e+02 147 3.804409e-02 -4.234667e-16 3.804409e-02 -4.220799e-16 1.000000e+00
1.000000e+00 2.550000e+02 7.520725e-14 2.550000e+02 7.351783e-14 2.550000e+02 2.550000e+02 148 2.887427e-01 -4.108606e-16 2.887427e-01 -4.220799e-16 1.000000e+00
1.000000e+00 2.550000e+02 8.154558e-14 2.550000e+02 8.077915e-14 2.550000e+02 2.550000e+02 149 -5.881883e-01 2.800021e-16 -5.881883e-01 2.731105e-16 1.000000e+00
1.000000e+00 2.550000e+02 -7.564976e-15 2.550000e+02 -7.564976e-15 2.550000e+02 2.550000e+02 150 8.296901e-01 -3.135608e-16 8.296901e-01 -3.227670e-16 1.000000e+00
1.000000e+00 2.550000e+02 -6.182770e-15 2.550000e+02 -3.464502e-15 2.550000e+02 2.550000e+02 151 -9.883096e-01 8.740973e-18 -9.883096e-01 0.000000e+00 1.000000e+00
1.000000e+00 2.550000e+02 1.161380e-14 2.550000e+02 1.302036e-14 2.550000e+02 2.550000e+02 152 1.047329e+00 3.698553e-16 1.047329e+00 3.724234e-16 1.000000e+00
1.000000e+00 2.550000e+02 1.518075e-15 2.550000e+02 -1.802044e-15 2.550000e+02 2.550000e+02 153 -1.000000e+00 -1.710739e-15 -1.000000e+00 -1.713148e-15 1.000000e+00
1.000000e+00 2.550000e+02 5.597515e-15 2.550000e+02 -4.143819e-16 2.550000e+02 2.550000e+02 154 8.502958e-01 3.553325e-16 8.502958e-01 3.475952e-16 1.000000e+00
1.000000e+00 2.550000e+02 1.312659e-15 2.550000e+02 1.902377e-15 2.550000e+02 2.550000e+02 155 -6.125973e-01 4.589679e-17 -6.125973e-01 4.965646e-17 1.000000e+00
1.000000e+00 2.550000e+02 -7.806927e-15 2.550000e+02 -7.265780e-15 2.550000e+02 2.550000e+02 156 3.103231e-01 -2.706855e-16 3.103231e-01 -2.731105e-16 1.000000e+00
1.000000e+00 2.550000e+02 1.167504e-14 2.550000e+02 1.493868e-14 2.550000e+02 2.550000e+02 157 2.635924e-02 -3.776177e-16 2.635924e-02 -3.724234e-16 1.000000e+00
1.000000e+00 2.550000e+02 1.181435e-14 2.550000e+02 9.096014e-15 2.550000e+02 2.550000e+02 158 -3.635214e-01 -1.091816e-15 -3.635214e-01 -1.092442e-15 1.000000e+00
1.000000e+00 2.550000e+02 -3.251038e-14 2.550000e+02 -3.104889e-14 2.550000e+02 2.550000e+02 159 6.668681e-01 -8.175088e-16 6.668681e-01 -8.193316e-16 1.000000e+00
1.000000e+00 2.550000e+02 1.803454e-14 2.550000e+02 1.790903e-14 2.550000e+02 2.550000e+02 160 -9.051986e-01 -1.519483e-15 -9.051986e-01 -1.514522e-15 1.000000e+00
1.000000e+00 2.550000e+02 2.932639e-14 2.550000e+02 3.088436e-14 2.550000e+02 2.550000e+02 161 1.053590e+00 -1.226514e-15 1.053590e+00 -1.216583e-15 1.000000e+00
1.000000e+00 2.550000e+02 2.267999e-14 2.550000e+02 1.982360e-14 2.550000e+02 2.550000e+02 162 -1.095981e+00 -1.489824e-15 -1.095981e+00 -1.489694e-15 1.000000e+00
1.000000e+00 2.550000e+02 4.633602e-14 2.550000e+02 4.986906e-14 2.550000e+02 2.550000e+02 163 1.026887e+00 -1.541505e-15 1.026887e+00 -1.539350e-15 1.000000e+00
1.000000e+00 2.550000e+02 5.339198e-14 2.550000e+02 5.391404e-14 2.550000e+02 2.550000e+02 164 -8.520697e-01 -9.063330e-16 -8.520697e-01 -9.186445e-16 1.000000e+00
1.000000e+00 2.550000e+02 -9.171420e-15 2.550000e+02 -8.127303e-15 2.550000e+02 2.550000e+02 165 5.880851e-01 -1.510119e-15 5.880851e-01 -1.514522e-15 1.000000e+00
1.000000e+00 2.550000e+02 -1.316450e-14 2.550000e+02 -1.316450e-14 2.550000e+02 2.550000e+02 166 -2.607313e-01 1.642285e-15 -2.607313e-01 1.638663e-15 1.000000e+00
1.000000e+00 2.550000e+02 1.422145e-14 2.550000e+02 1.322208e-14 2.550000e+02 2.550000e+02 167 -9.744540e-02 -6.155687e-15 -9.744540e-02 -6.157401e-15 1.000000e+00
1.000000e+00 2.550000e+02 -5.158489e-15 2.550000e+02 -5.843700e-16 2.550000e+02 2.550000e+02 168 4.503583e-01 1.768579e-15 4.503583e-01 1.762804e-15 1.000000e+00
1.000000e+00 2.550000e+02 1.510932e-14 2.550000e+02 4.825837e-15 2.550000e+02 2.550000e+02 169 -7.619829e-01 -2.036926e-15 -7.619829e-01 -2.035915e-15 1.000000e+00
1.000000e+00 2.550000e+02 3.617538e-14 2.550000e+02 3.311367e-14 2.550000e+02 2.550000e+02 170 1.000000e+00 0.000000e+00 1.000000e+00 0.000000e+00 1.000000e+00
1.000000e+00 2.550000e+02 4.380816e-15 2.550000e+02 -2.393738e-15 2.550000e+02 2.550000e+02 171 -1.139114e+00 5.551115e-17 -1.139114e+00 4.965646e-17 1.000000e+00
1.000000e+00 2.550000e+02 -1.547105e-16 2.550000e+02 -2.666724e-16 2.550000e+02 2.550000e+02 172 1.163707e+00 -1.026956e-15 1.163707e+00 -1.017957e-15 1.000000e+00
1.000000e+00 2.550000e+02 1.791037e-14 2.550000e+02 1.713823e-14 2.550000e+02 2.550000e+02 173 -1.069561e+00 -8.881784e-16 -1.069561e+00 -8.938163e-16 1.000000e+00
1.000000e+00 2.550000e+02 2.162708e-15 2.550000e+02 4.690354e-15 2.550000e+02 2.550000e+02 174 8.644478e-01 -2.775558e-16 8.644478e-01 -2.731105e-16 1.000000e+00
1.000000e+00 2.550000e+02 1.594359e-14 2.550000e+02 1.532530e-14 2.550000e+02 2.550000e+02 175 -5.675290e-01 -5.551115e-16 -5.675290e-01 -5.462211e-16 1.000000e+00
1.000000e+00 2.550000e+02 2.766334e-14 2.550000e+02 2.322214e-14 2.550000e+02 2.550000e+02 176 2.075948e-01 -1.471046e-15 2.075948e-01 -1.464866e-15 1.000000e+00
1.000000e+00 2.550000e+02 8.058441e-15 2.550000e+02 1.035324e-14 2.550000e+02 2.550000e+02 177 1.796931e-01 -1.962675e-15 1.796931e-01 -1.961430e-15 1.000000e+00
1.000000e+00 2.550000e+02 2.289562e-14 2.550000e+02 2.128660e-14 2.550000e+02 2.550000e+02 178 -5.552937e-01 -1.825890e-15 -5.552937e-01 -1.837289e-15 1.000000e+00
1.000000e+00 2.550000e+02 4.583892e-14 2.550000e+02 4.369242e-14 2.550000e+02 2.550000e+02 179 8.806781e-01 -1.088872e-15 8.806781e-01 -1.092442e-15 1.000000e+00
1.000000e+00 2.550000e+02 3.601295e-16 2.550000e+02 -4.462889e-18 2.550000e+02 2.550000e+02 180 -1.121734e+00 -1.767389e-15 -1.121734e+00 -1.762804e-15 1.000000e+00
1.000000e+00 2.550000e+02 1.494912e-14 2.550000e+02 1.494912e-14 2.550000e+02 2.550000e+02 181 1.252296e+00 -9.079630e-16 1.252296e+00 -9.186445e-16 1.000000e+00
1.000000e+00 2.550000e+02 1.174671e-14 2.550000e+02 1.174671e-14 2.550000e+02 2.550000e+02 182 -1.256931e+00 -1.546341e-15 -1.256931e+00 -1.539350e-15 1.000000e+00
1.000000e+00 2.550000e+02 4.428341e-15 2.550000e+02 4.338687e-15 2.550000e+02 2.550000e+02 183 1.132710e+00 -4.361182e-16 1.132710e+00 -4.469081e-16 1.000000e+00
1.000000e+00 2.550000e+02 8.682949e-15 2.550000e+02 8.682949e-15 2.550000e+02 2.550000e+02 184 -8.897342e-01 -1.020978e-15 -8.897342e-01 -1.017957e-15 1.000000e+00
1.000000e+00 2.550000e+02 -2.189717e-15 2.550000e+02 -3.354047e-15 2.550000e+02 2.550000e+02 185 5.503788e-01 1.050726e-15 5.503788e-01 1.042786e-15 1.000000e+00
1.000000e+00 2.550000e+02 -5.279498e-15 2.550000e+02 1.959618e-15 2.550000e+02 2.550000e+02 186 -1.472754e-01 -2.438219e-16 -1.472754e-01 -2.482823e-16 1.000000e+00
1.000000e+00 2.550000e+02 1.042592e-14 2.550000e+02 9.832163e-15 2.550000e+02 2.550000e+02 187 -2.797728e-01 3.722165e-15 -2.797728e-01 3.724234e-15 1.000000e+00
1.000000e+00 2.550000e+02 -1.543845e-14 2.550000e+02 -1.960513e-14 2.550000e+02 2.550000e+02 188 6.876623e-01 4.487418e-16 6.876623e-01 4.469081e-16 1.000000e+00
1.000000e+00 2.550000e+02 4.472382e-15 2.550000e+02 2.998546e-15 2.550000e+02 2.550000e+02 189 -1.034275e+00 -4.298945e-16 -1.034275e+00 -4.220799e-16 1.000000e+00
1.000000e+00 2.550000e+02 -1.582366e-14 2.550000e+02 -1.477707e-14 2.550000e+02 2.550000e+02 190 1.282756e+00 3.854845e-16 1.282756e+00 3.972517e-16 1.000000e+00
1.000000e+00 2.550000e+02 -4.394554e-14 2.550000e+02 -4.264893e-14 2.550000e+02 2.550000e+02 191 -1.405360e+00 -1.652810e-15 -1.405360e+00 -1.663491e-15 1.000000e+00
1.000000e+00 2.550000e+02 1.552508e-14 2.550000e+02 1.519243e-14 2.550000e+02 2.550000e+02 192 1.386469e+00 9.293319e-17 1.386469e+00 9.931292e-17 1.000000e+00
1.000000e+00 2.550000e+02 -8.978533e-15 2.550000e+02 -3.948693e-15 2.550000e+02 2.550000e+02 193 -1.224462e+00 -2.841173e-15 -1.224462e+00 -2.830418e-15 1.000000e+00
1.000000e+00 2.550000e+02 -2.178466e-14 2.550000e+02 -1.763287e-14 2.550000e+02 2.550000e+02 194 9.322231e-01 -1.426743e-15 9.322231e-01 -1.415209e-15 1.000000e+00
1.000000e+00 2.550000e+02 2.944746e-14 2.550000e+02 2.876258e-14 2.550000e+02 2.550000e+02 195 -5.362090e-01 -2.196556e-15 -5.362090e-01 -2.184884e-15 1.000000e+00
1.000000e+00 2.550000e+02 2.348333e-14 2.550000e+02 2.079418e-14 2.550000e+02 2.550000e+02 196 7.412635e-02 -2.225593e-15 7.412635e-02 -2.234541e-15 1.000000e+00
1.000000e+00 2.550000e+02 1.568166e-14 2.550000e+02 1.173654e-14 2.550000e+02 2.550000e+02 197 4.085756e-01 -2.402042e-15 4.085756e-01 -2.408338e-15 1.000000e+00
1.000000e+00 2.550000e+02 2.940587e-14 2.550000e+02 2.888381e-14 2.550000e+02 2.550000e+02 198 -8.630829e-01 -1.448104e-15 -8.630829e-01 -1.440037e-15 1.000000e+00
1.000000e+00 2.550000e+02 2.920786e-14 2.550000e+02 2.816375e-14 2.550000e+02 2.550000e+02 199 1.242049e+00 -7.182469e-16 1.242049e+00 -7.200187e-16 1.000000e+00
1.000000e+00 2.550000e+02 -8.270648e-15 2.550000e+02 -8.270648e-15 2.550000e+02 2.550000e+02 200 -1.504416e+00 -1.273054e-15 -1.504416e+00 -1.266240e-15 1.000000e+00
1.000000e+00 2.550000e+02 -9.982112e-16 2.550000e+02 -9.982112e-16 2.550000e+02 2.550000e+02 201 1.619738e+00 -1.268188e-15 1.619738e+00 -1.266240e-15 1.000000e+00
1.000000e+00 2.550000e+02 3.857313e-14 2.550000e+02 3.294745e-14 2.550000e+02 2.550000e+02 202 -1.571572e+00 -4.775130e-18 -1.571572e+00 -0.000000e+00 1.000000e+00
1.000000e+00 2.550000e+02 2.039214e-14 2.550000e+02 3.292114e-14 2.550000e+02 2.550000e+02 203 1.359565e+00 -3.727045e-16 1.359565e+00 -3.724234e-16 1.000000e+00
1.000000e+00 2.550000e+02 2.473636e-14 2.550000e+02 2.474326e-14 2.550000e+02 2.550000e+02 204 -1.000000e+00 4.213794e-15 -1.000000e+00 4.220799e-15 1.000000e+00
1.000000e+00 2.550000e+02 1.256564e-14 2.550000e+02 3.997163e-14 2.550000e+02 2.550000e+02 205 5.246909e-01 5.930542e-16 5.246909e-01 5.958775e-16 1.000000e+00
1.000000e+00 2.550000e+02 2.962317e-14 2.550000e+02 3.057511e-14 2.550000e+02 2.550000e+02 206 2.170197e-02 -1.092538e-15 2.170197e-02 -1.092442e-15 1.000000e+00
1.000000e+00 2.550000e+02 4.015215e-14 2.550000e+02 4.015215e-14 2.550000e+02 2.550000e+02 207 -5.857308e-01 -5.081606e-16 -5.857308e-01 -4.965646e-16 1.000000e+00
1.000000e+00 2.550000e+02 2.061760e-14 2.550000e+02 2.061760e-14 2.550000e+02 2.550000e+02 208 1.110229e+00 -8.260521e-16 1.110229e+00 -8.193316e-16 1.000000e+00
1.000000e+00 2.550000e+02 -1.676107e-14 2.550000e+02 -1.676107e-14 2.550000e+02 2.550000e+02 209 -1.539925e+00 -2.288655e-15 -1.539925e+00 -2.284197e-15 1.000000e+00
1.000000e+00 2.550000e+02 2.823758e-14 2.550000e+02 3.418139e-14 2.550000e+02 2.550000e+02 210 1.827065e+00 -2.069992e-15 1.827065e+00 -2.060743e-15 1.000000e+00
1.000000e+00 2.550000e+02 3.025223e-14 2.550000e+02 2.514287e-14 2.550000e+02 2.550000e+02 211 -1.936491e+00 -3.237631e-15 -1.936491e+00 -3.227670e-15 1.000000e+00
1.000000e+00 2.550000e+02 4.042271e-14 2.550000e+02 4.020066e-14 2.550000e+02 2.550000e+02 212 1.849660e+00 -1.874369e-15 1.849660e+00 -1.862117e-15 1.000000e+00
1.000000e+00 2.550000e+02 7.742137e-15 2.550000e+02 -1.474160e-15 2.550000e+02 2.550000e+02 213 -1.567158e+00 -3.577158e-15 -1.567158e+00 -3.575265e-15 1.000000e+00
1.000000e+00 2.550000e+02 1.938944e-14 2.550000e+02 8.217618e-16 2.550000e+02 2.550000e+02 214 1.109432e+00 -2.425516e-15 1.109432e+00 -2.433167e-15 1.000000e+00
1.000000e+00 2.550000e+02 2.356791e-14 2.550000e+02 2.441261e-14 2.550000e+02 2.550000e+02 215 -5.155718e-01 -2.767120e-15 -5.155718e-01 -2.755934e-15 1.000000e+00
1.000000e+00 2.550000e+02 -1.126414e-14 2.550000e+02 -9.574728e-15 2.550000e+02 2.550000e+02 216 -1.597834e-01 -2.682211e-15 -1.597834e-01 -2.681449e-15 1.000000e+00
1.000000e+00 2.550000e+02 -7.329829e-15 2.550000e+02 -7.329829e-15 2.550000e+02 2.550000e+02 217 8.512151e-01 -8.798488e-16 8.512151e-01 -8.689880e-16 1.000000e+00
1.000000e+00 2.550000e+02 3.048900e-15 2.550000e+02 3.048900e-15 2.550000e+02 2.550000e+02 218 -1.488552e+00 -2.366376e-15 -1.488552e+00 -2.358682e-15 1.000000e+00
1.000000e+00 2.550000e+02 -1.751820e-15 2.550000e+02 3.054681e-15 2.550000e+02 2.550000e+02 219 2.003632e+00 1.736262e-15 2.003632e+00 1.737976e-15 1.000000e+00
1.000000e+00 2.550000e+02 6.187909e-14 2.550000e+02 6.210113e-14 2.550000e+02 2.550000e+02 220 -2.337179e+00 -1.591295e-15 -2.337179e+00 -1.589007e-15 1.000000e+00
1.000000e+00 2.550000e+02 -3.643294e-15 2.550000e+02 -3.636396e-15 2.550000e+02 2.550000e+02 221 2.445125e+00 4.897720e-15 2.445125e+00 4.891161e-15 1.000000e+00
1.000000e+00 2.550000e+02 2.897287e-14 2.550000e+02 2.986105e-14 2.550000e+02 2.550000e+02 222 -2.303755e+00 1.166277e-15 -2.303755e+00 1.166927e-15 1.000000e+00
1.000000e+00 2.550000e+02 3.353806e-14 2.550000e+02 3.449000e-14 2.550000e+02 2.550000e+02 223 1.913132e+00 -2.230853e-15 1.913132e+00 -2.234541e-15 1.000000e+00
1.000000e+00 2.550000e+02 4.170827e-14 2.550000e+02 4.170827e-14 2.550000e+02 2.550000e+02 224 -1.298387e+00 -1.297433e-15 -1.298387e+00 -1.291068e-15 1.000000e+00
1.000000e+00 2.550000e+02 1.192206e-14 2.550000e+02 1.192206e-14 2.550000e+02 2.550000e+02 225 5.086609e-01 -2.171087e-15 5.086609e-01 -2.160056e-15 1.000000e+00
1.000000e+00 2.550000e+02 6.981321e-15 2.550000e+02 1.535738e-14 2.550000e+02 2.550000e+02 226 3.863169e-01 -5.010271e-16 3.863169e-01 -4.965646e-16 1.000000e+00
1.000000e+00 2.550000e+02 -2.588944e-14 2.550000e+02 -2.048757e-14 2.550000e+02 2.550000e+02 227 -1.301804e+00 -5.452314e-15 -1.301804e+00 -5.462211e-15 1.000000e+00
1.000000e+00 2.550000e+02 -1.185562e-14 2.550000e+02 -1.241230e-14 2.550000e+02 2.550000e+02 228 2.145360e+00 -3.329935e-15 2.145360e+00 -3.326983e-15 1.000000e+00
1.000000e+00 2.550000e+02 -5.352508e-15 2.550000e+02 -4.443063e-15 2.550000e+02 2.550000e+02 229 -2.825309e+00 -5.144636e-15 -2.825309e+00 -5.139444e-15 1.000000e+00
1.000000e+00 2.550000e+02 -1.616811e-14 2.550000e+02 -9.675639e-15 2.550000e+02 2.550000e+02 230 3.259630e+00 -2.224813e-15 3.259630e+00 -2.234541e-15 1.000000e+00
1.000000e+00 2.550000e+02 -4.216837e-14 2.550000e+02 -3.997356e-14 2.550000e+02 2.550000e+02 231 -3.384473e+00 -5.581706e-15 -3.384473e+00 -5.586352e-15 1.000000e+00
1.000000e+00 2.550000e+02 -4.941243e-15 2.550000e+02 -5.785951e-15 2.550000e+02 2.550000e+02 232 3.161533e+00 -4.461688e-15 3.161533e+00 -4.469081e-15 1.000000e+00
1.000000e+00 2.550000e+02 -2.562570e-14 2.550000e+02 -2.731512e-14 2.550000e+02 2.550000e+02 233 -2.583538e+00 -4.064490e-15 -2.583538e+00 -4.071830e-15 1.000000e+00
1.000000e+00 2.550000e+02 -3.720851e-14 2.550000e+02 -3.643660e-14 2.550000e+02 2.550000e+02 234 1.677282e+00 -2.219849e-15 1.677282e+00 -2.209712e-15 1.000000e+00
1.000000e+00 2.550000e+02 -2.373786e-14 2.550000e+02 -2.373786e-14 2.550000e+02 2.550000e+02 235 -5.038187e-01 -2.621116e-15 -5.038187e-01 -2.631792e-15 1.000000e+00
1.000000e+00 2.550000e+02 -4.465896e-14 2.550000e+02 -4.194069e-14 2.550000e+02 2.550000e+02 236 -8.443521e-01 -8.806293e-16 -8.443521e-01 -8.689880e-16 1.000000e+00
1.000000e+00 2.550000e+02 -5.220561e-14 2.550000e+02 -6.257275e-14 2.550000e+02 2.550000e+02 237 2.248984e+00 1.331337e-15 2.248984e+00 1.340724e-15 1.000000e+00
1.000000e+00 2.550000e+02 -3.485157e-14 2.550000e+02 -3.214625e-14 2.550000e+02 2.550000e+02 238 -3.574329e+00 5.596519e-15 -3.574329e+00 5.586352e-15 1.000000e+00
1.000000e+00 2.550000e+02 -6.354577e-14 2.550000e+02 -5.629479e-14 2.550000e+02 2.550000e+02 239 4.677329e+00 1.316814e-15 4.677329e+00 1.315896e-15 1.000000e+00
1.000000e+00 2.550000e+02 -1.833096e-14 2.550000e+02 -1.759764e-14 2.550000e+02 2.550000e+02 240 -5.418976e+00 1.584267e-15 -5.418976e+00 1.589007e-15 1.000000e+00
1.000000e+00 2.550000e+02 2.779170e-14 2.550000e+02 2.599107e-14 2.550000e+02 2.550000e+02 241 5.675949e+00 1.652277e-15 5.675949e+00 1.663491e-15 1.000000e+00
1.000000e+00 2.550000e+02 1.193943e-14 2.550000e+02 8.591780e-15 2.550000e+02 2.550000e+02 242 -5.351557e+00 -7.300283e-15 -5.351557e+00 -7.299500e-15 1.000000e+00
1.000000e+00 2.550000e+02 -2.165295e-15 2.550000e+02 -1.062401e-15 2.550000e+02 2.550000e+02 243 4.385069e+00 1.215739e-15 4.385069e+00 1.216583e-15 1.000000e+00
1.000000e+00 2.550000e+02 -1.672613e-14 2.550000e+02 -1.360319e-14 2.550000e+02 2.550000e+02 244 -2.758605e+00 -1.043232e-14 -2.758605e+00 -1.042786e-14 1.000000e+00
1.000000e+00 2.550000e+02 1.754737e-14 2.550000e+02 1.644742e-14 2.550000e+02 2.550000e+02 245 5.009501e-01 -9.115186e-15 5.009501e-01 -9.111960e-15 1.000000e+00
1.000000e+00 2.550000e+02 6.582588e-15 2.550000e+02 3.975356e-15 2.550000e+02 2.550000e+02 246 2.312125e+00 -8.918365e-15 2.312125e+00 -8.913334e-15 1.000000e+00
1.000000e+00 2.550000e+02 1.316284e-14 2.550000e+02 1.627268e-14 2.550000e+02 2.550000e+02 247 -5.561159e+00 -1.437367e-14 -5.561159e+00 -1.437555e-14 1.000000e+00
1.000000e+00 2.550000e+02 3.060728e-14 2.550000e+02 3.130158e-14 2.550000e+02 2.550000e+02 248 9.089758e+00 -1.000254e-14 9.089758e+00 -1.000578e-14 1.000000e+00
1.000000e+00 2.550000e+02 -3.905652e-15 2.550000e+02 -3.383593e-15 2.550000e+02 2.550000e+02 249 -1.271437e+01 -1.936677e-14 -1.271437e+01 -1.936602e-14 1.000000e+00
1.000000e+00 2.550000e+02 1.281929e-14 2.550000e+02 1.386341e-14 2.550000e+02 2.550000e+02 250 1.623637e+01 -3.048489e-15 1.623637e+01 -3.053872e-15 1.000000e+00
1.000000e+00 2.550000e+02 9.815121e-15 2.550000e+02 9.815121e-15 2.550000e+02 2.550000e+02 251 -1.945559e+01 -2.835593e-14 -1.945559e+01 -2.835384e-14 1.000000e+00
1.000000e+00 2.550000e+02 8.633750e-17 2.550000e+02 1.857843e-15 2.550000e+02 2.550000e+02 252 2.218423e+01 1.536164e-15 2.218423e+01 1.539350e-15 1.000000e+00
1.000000e+00 2.550000e+02 1.884079e-14 2.550000e+02 1.624253e-14 2.550000e+02 2.550000e+02 253 -2.426012e+01 -3.053719e-14 -2.426012e+01 -3.053872e-14 1.000000e+00
1.000000e+00 2.550000e+02 2.591794e-14 2.550000e+02 2.224147e-14 2.550000e+02 2.550000e+02 254 2.555830e+01 -6.652036e-15 2.555830e+01 -6.653966e-15 1.000000e+00
