00 0.000000 0.999987 -0.000113 0.000000
01 21.533203 0.999988 -0.000107 -0.306796
02 43.066406 0.999990 -0.000091 -0.613592
03 64.599609 0.999993 -0.000064 -0.920388
04 86.132812 0.999996 -0.000033 -1.227185
05 107.666016 1.000000 0.000004 -1.533981
06 129.199219 1.000004 0.000038 -1.840777
07 150.732422 1.000008 0.000069 -2.147573
08 172.265625 1.000011 0.000094 -2.454369
09 193.798828 1.000013 0.000109 -2.761165
10 215.332031 1.000013 0.000112 -3.067962
11 236.865234 1.000012 0.000106 2.908428
12 258.398438 1.000010 0.000086 2.601631
13 279.931641 1.000007 0.000059 2.294835
14 301.464844 1.000003 0.000025 1.988039
15 322.998047 0.999999 -0.000012 1.681243
16 344.531250 0.999995 -0.000048 1.374447
17 366.064453 0.999991 -0.000078 1.067651
18 387.597656 0.999988 -0.000101 0.760854
19 409.130859 0.999987 -0.000113 0.454058
20 430.664062 0.999987 -0.000115 0.147262
21 452.197266 0.999988 -0.000105 -0.159534
22 473.730469 0.999990 -0.000084 -0.466330
23 495.263672 0.999994 -0.000054 -0.773126
24 516.796875 0.999998 -0.000019 -1.079922
25 538.330078 1.000002 0.000018 -1.386719
26 559.863281 1.000006 0.000054 -1.693515
27 581.396484 1.000010 0.000085 -2.000311
28 602.929688 1.000012 0.000106 -2.307107
29 624.462891 1.000014 0.000118 -2.613903
30 645.996094 1.000014 0.000118 -2.920699
31 667.529297 1.000012 0.000104 3.055690
32 689.062500 1.000009 0.000081 2.748894
33 710.595703 1.000006 0.000049 2.442097
34 732.128906 1.000001 0.000012 2.135301
35 753.662109 0.999997 -0.000027 1.828505
36 775.195312 0.999993 -0.000064 1.521709
37 796.728516 0.999989 -0.000093 1.214913
38 818.261719 0.999987 -0.000115 0.908117
39 839.794922 0.999986 -0.000125 0.601320
40 861.328125 0.999986 -0.000122 0.294524
41 882.861328 0.999988 -0.000108 -0.012272
42 904.394531 0.999991 -0.000082 -0.319068
43 925.927734 0.999995 -0.000047 -0.625864
44 947.460938 0.999999 -0.000008 -0.932660
45 968.994141 1.000004 0.000034 -1.239456
46 990.527344 1.000008 0.000070 -1.546253
47 1012.060547 1.000012 0.000101 -1.853049
48 1033.593750 1.000014 0.000123 -2.159845
49 1055.126953 1.000015 0.000131 -2.466641
50 1076.660156 1.000015 0.000127 -2.773437
51 1098.193359 1.000013 0.000110 -3.080233
52 1119.726562 1.000009 0.000081 2.896156
53 1141.259766 1.000005 0.000045 2.589360
54 1162.792969 1.000000 0.000002 2.282563
55 1184.326172 0.999995 -0.000040 1.975767
56 1205.859375 0.999991 -0.000080 1.668971
57 1227.392578 0.999987 -0.000112 1.362175
58 1248.925781 0.999985 -0.000133 1.055379
59 1270.458984 0.999984 -0.000140 0.748583
60 1291.992188 0.999984 -0.000135 0.441786
61 1313.525391 0.999987 -0.000115 0.134990
62 1335.058594 0.999990 -0.000084 -0.171806
63 1356.591797 0.999995 -0.000043 -0.478602
64 1378.125000 1.000000 0.000002 -0.785398
65 1399.658203 1.000005 0.000047 -1.092194
66 1421.191406 1.000010 0.000088 -1.398990
67 1442.724609 1.000014 0.000120 -1.705787
68 1464.257812 1.000016 0.000141 -2.012583
69 1485.791016 1.000017 0.000150 -2.319379
70 1507.324219 1.000016 0.000141 -2.626175
71 1528.857422 1.000014 0.000119 -2.932971
72 1550.390625 1.000010 0.000085 3.043418
73 1571.923828 1.000005 0.000042 2.736622
74 1593.457031 0.999999 -0.000005 2.429826
75 1614.990234 0.999994 -0.000053 2.123029
76 1636.523438 0.999989 -0.000097 1.816233
77 1658.056641 0.999985 -0.000131 1.509437
78 1679.589844 0.999982 -0.000153 1.202641
79 1701.123047 0.999982 -0.000160 0.895845
80 1722.656250 0.999983 -0.000151 0.589049
81 1744.189453 0.999985 -0.000127 0.282252
82 1765.722656 0.999990 -0.000091 -0.024544
83 1787.255859 0.999995 -0.000044 -0.331340
84 1808.789062 1.000001 0.000007 -0.638136
85 1830.322266 1.000007 0.000057 -0.944932
86 1851.855469 1.000012 0.000104 -1.251728
87 1873.388672 1.000016 0.000140 -1.558524
88 1894.921875 1.000019 0.000164 -1.865321
89 1916.455078 1.000020 0.000171 -2.172117
90 1937.988281 1.000018 0.000160 -2.478913
91 1959.521484 1.000016 0.000135 -2.785709
92 1981.054688 1.000011 0.000095 -3.092505
93 2002.587891 1.000005 0.000047 2.883884
94 2024.121094 0.999999 -0.000010 2.577088
95 2045.654297 0.999993 -0.000064 2.270292
96 2067.187500 0.999987 -0.000114 1.963495
97 2088.720703 0.999983 -0.000152 1.656699
98 2110.253906 0.999980 -0.000177 1.349903
99 2131.787109 0.999979 -0.000183 1.043107
100 2153.320312 0.999980 -0.000174 0.736311
101 2174.853516 0.999983 -0.000145 0.429515
102 2196.386719 0.999988 -0.000103 0.122718
103 2217.919922 0.999994 -0.000050 -0.184078
104 2239.453125 1.000001 0.000009 -0.490874
105 2260.986328 1.000008 0.000067 -0.797670
106 2282.519531 1.000014 0.000121 -1.104466
107 2304.052734 1.000019 0.000163 -1.411262
108 2325.585938 1.000022 0.000187 -1.718058
109 2347.119141 1.000023 0.000197 -2.024855
110 2368.652344 1.000021 0.000185 -2.331651
111 2390.185547 1.000018 0.000155 -2.638447
112 2411.718750 1.000013 0.000110 -2.945243
113 2433.251953 1.000006 0.000053 3.031146
114 2454.785156 0.999999 -0.000009 2.724350
115 2476.318359 0.999992 -0.000072 2.417554
116 2497.851562 0.999985 -0.000129 2.110758
117 2519.384766 0.999980 -0.000172 1.803961
118 2540.917969 0.999977 -0.000202 1.497165
119 2562.451172 0.999976 -0.000211 1.190369
120 2583.984375 0.999977 -0.000200 0.883573
121 2605.517578 0.999981 -0.000169 0.576777
122 2627.050781 0.999986 -0.000121 0.269981
123 2648.583984 0.999993 -0.000059 -0.036816
124 2670.117188 1.000001 0.000006 -0.343612
125 2691.650391 1.000008 0.000074 -0.650408
126 2713.183594 1.000016 0.000135 -0.957204
127 2734.716797 1.000021 0.000184 -1.264000
128 2756.250000 1.000025 0.000214 -1.570796
129 2777.783203 1.000026 0.000225 -1.877593
130 2799.316406 1.000025 0.000214 -2.184389
131 2820.849609 1.000021 0.000182 -2.491185
132 2842.382812 1.000015 0.000129 -2.797981
133 2863.916016 1.000008 0.000068 -3.104777
134 2885.449219 0.999999 -0.000005 2.871612
135 2906.982422 0.999991 -0.000078 2.564816
136 2928.515625 0.999983 -0.000143 2.258020
137 2950.048828 0.999977 -0.000196 1.951223
138 2971.582031 0.999974 -0.000230 1.644427
139 2993.115234 0.999972 -0.000242 1.337631
140 3014.648438 0.999973 -0.000231 1.030835
141 3036.181641 0.999977 -0.000198 0.724039
142 3057.714844 0.999983 -0.000144 0.417243
143 3079.248047 0.999991 -0.000077 0.110447
144 3100.781250 1.000000 0.000000 -0.196350
145 3122.314453 1.000009 0.000077 -0.503146
146 3143.847656 1.000017 0.000149 -0.809942
147 3165.380859 1.000024 0.000207 -1.116738
148 3186.914062 1.000028 0.000244 -1.423534
149 3208.447266 1.000030 0.000259 -1.730330
150 3229.980469 1.000029 0.000248 -2.037127
151 3251.513672 1.000024 0.000213 -2.343923
152 3273.046875 1.000018 0.000157 -2.650719
153 3294.580078 1.000010 0.000086 -2.957515
154 3316.113281 1.000001 0.000005 3.018874
155 3337.646484 0.999991 -0.000078 2.712078
156 3359.179688 0.999982 -0.000156 2.405282
157 3380.712891 0.999975 -0.000218 2.098486
158 3402.246094 0.999970 -0.000260 1.791690
159 3423.779297 0.999968 -0.000278 1.484893
160 3445.312500 0.999969 -0.000269 1.178097
161 3466.845703 0.999973 -0.000234 0.871301
162 3488.378906 0.999980 -0.000175 0.564505
163 3509.912109 0.999989 -0.000098 0.257709
164 3531.445312 0.999998 -0.000013 -0.049087
165 3552.978516 1.000009 0.000077 -0.355884
166 3574.511719 1.000018 0.000159 -0.662680
167 3596.044922 1.000026 0.000227 -0.969476
168 3617.578125 1.000032 0.000275 -1.276272
169 3639.111328 1.000034 0.000295 -1.583068
170 3660.644531 1.000033 0.000288 -1.889864
171 3682.177734 1.000029 0.000253 -2.196660
172 3703.710938 1.000022 0.000192 -2.503457
173 3725.244141 1.000013 0.000113 -2.810253
174 3746.777344 1.000002 0.000019 -3.117049
175 3768.310547 0.999991 -0.000076 2.859340
176 3789.843750 0.999981 -0.000164 2.552544
177 3811.376953 0.999972 -0.000240 2.245748
178 3832.910156 0.999966 -0.000291 1.938952
179 3854.443359 0.999964 -0.000317 1.632156
180 3875.976562 0.999964 -0.000312 1.325359
181 3897.509766 0.999968 -0.000276 1.018563
182 3919.042969 0.999976 -0.000213 0.711767
183 3940.576172 0.999985 -0.000129 0.404971
184 3962.109375 0.999996 -0.000031 0.098175
185 3983.642578 1.000008 0.000070 -0.208621
186 4005.175781 1.000019 0.000168 -0.515417
187 4026.708984 1.000029 0.000251 -0.822214
188 4048.242188 1.000035 0.000307 -1.129010
189 4069.775391 1.000039 0.000337 -1.435806
190 4091.308594 1.000038 0.000334 -1.742602
191 4112.841797 1.000034 0.000299 -2.049398
192 4134.375000 1.000027 0.000233 -2.356194
193 4155.908203 1.000017 0.000145 -2.662991
194 4177.441406 1.000005 0.000042 -2.969787
195 4198.974609 0.999992 -0.000068 3.006602
196 4220.507812 0.999980 -0.000171 2.699806
197 4242.041016 0.999970 -0.000260 2.393010
198 4263.574219 0.999962 -0.000326 2.086214
199 4285.107422 0.999958 -0.000361 1.779418
200 4306.640625 0.999959 -0.000360 1.472622
201 4328.173828 0.999962 -0.000326 1.165825
202 4349.707031 0.999970 -0.000259 0.859029
203 4371.240234 0.999981 -0.000166 0.552233
204 4392.773438 0.999993 -0.000057 0.245437
205 4414.306641 1.000007 0.000061 -0.061359
206 4435.839844 1.000020 0.000173 -0.368155
207 4457.373047 1.000031 0.000270 -0.674951
208 4478.906250 1.000039 0.000343 -0.981748
209 4500.439453 1.000044 0.000383 -1.288544
210 4521.972656 1.000044 0.000386 -1.595340
211 4543.505859 1.000041 0.000354 -1.902136
212 4565.039062 1.000033 0.000284 -2.208932
213 4586.572266 1.000022 0.000188 -2.515728
214 4608.105469 1.000008 0.000071 -2.822525
215 4629.638672 0.999994 -0.000054 -3.129321
216 4651.171875 0.999980 -0.000174 2.847068
217 4672.705078 0.999968 -0.000281 2.540272
218 4694.238281 0.999958 -0.000361 2.233476
219 4715.771484 0.999953 -0.000408 1.926680
220 4737.304688 0.999952 -0.000417 1.619884
221 4758.837891 0.999956 -0.000384 1.313088
222 4780.371094 0.999964 -0.000314 1.006291
223 4801.904297 0.999976 -0.000213 0.699495
224 4823.437500 0.999990 -0.000090 0.392699
225 4844.970703 1.000005 0.000043 0.085903
226 4866.503906 1.000020 0.000174 -0.220893
227 4888.037109 1.000033 0.000291 -0.527689
228 4909.570312 1.000044 0.000379 -0.834486
229 4931.103516 1.000050 0.000435 -1.141282
230 4952.636719 1.000051 0.000447 -1.448078
231 4974.169922 1.000048 0.000415 -1.754874
232 4995.703125 1.000040 0.000346 -2.061670
233 5017.236328 1.000028 0.000240 -2.368466
234 5038.769531 1.000013 0.000110 -2.675262
235 5060.302734 0.999996 -0.000033 -2.982059
236 5081.835938 0.999980 -0.000175 2.994330
237 5103.369141 0.999965 -0.000301 2.687534
238 5124.902344 0.999954 -0.000401 2.380738
239 5146.435547 0.999947 -0.000463 2.073942
240 5167.968750 0.999945 -0.000481 1.767146
241 5189.501953 0.999948 -0.000453 1.460350
242 5211.035156 0.999956 -0.000381 1.153554
243 5232.568359 0.999969 -0.000271 0.846757
244 5254.101562 0.999985 -0.000133 0.539961
245 5275.634766 1.000002 0.000020 0.233165
246 5297.167969 1.000020 0.000172 -0.073631
247 5318.701172 1.000036 0.000311 -0.380427
248 5340.234375 1.000048 0.000421 -0.687223
249 5361.767578 1.000057 0.000491 -0.994019
250 5383.300781 1.000059 0.000516 -1.300816
251 5404.833984 1.000057 0.000491 -1.607612
252 5426.367188 1.000048 0.000417 -1.914408
253 5447.900391 1.000035 0.000303 -2.221204
254 5469.433594 1.000018 0.000158 -2.528000
255 5490.966797 0.999999 -0.000005 -2.834797
256 5512.500000 0.999980 -0.000171 3.141593
257 5534.033203 0.999963 -0.000321 2.834796
258 5555.566406 0.999949 -0.000443 2.528000
259 5577.099609 0.999940 -0.000524 2.221204
260 5598.632812 0.999936 -0.000557 1.914408
261 5620.166016 0.999939 -0.000533 1.607612
262 5641.699219 0.999947 -0.000461 1.300816
263 5663.232422 0.999961 -0.000342 0.994020
264 5684.765625 0.999978 -0.000187 0.687223
265 5706.298828 0.999999 -0.000013 0.380427
266 5727.832031 1.000019 0.000166 0.073631
267 5749.365234 1.000038 0.000331 -0.233165
268 5770.898438 1.000054 0.000466 -0.539961
269 5792.431641 1.000064 0.000559 -0.846757
270 5813.964844 1.000069 0.000597 -1.153554
271 5835.498047 1.000067 0.000579 -1.460350
272 5857.031250 1.000058 0.000505 -1.767146
273 5878.564453 1.000044 0.000381 -2.073942
274 5900.097656 1.000025 0.000217 -2.380738
275 5921.630859 1.000004 0.000032 -2.687534
276 5943.164062 0.999981 -0.000162 -2.994330
277 5964.697266 0.999961 -0.000341 2.982059
278 5986.230469 0.999943 -0.000491 2.675262
279 6007.763672 0.999931 -0.000596 2.368466
280 6029.296875 0.999926 -0.000644 2.061670
281 6050.830078 0.999927 -0.000632 1.754874
282 6072.363281 0.999936 -0.000557 1.448078
283 6093.896484 0.999951 -0.000426 1.141282
284 6115.429688 0.999971 -0.000255 0.834486
285 6136.962891 0.999994 -0.000053 0.527689
286 6158.496094 1.000018 0.000155 0.220893
287 6180.029297 1.000041 0.000352 -0.085903
288 6201.562500 1.000060 0.000519 -0.392699
289 6223.095703 1.000073 0.000637 -0.699495
290 6244.628906 1.000080 0.000695 -1.006291
291 6266.162109 1.000079 0.000687 -1.313088
292 6287.695312 1.000070 0.000611 -1.619884
293 6309.228516 1.000055 0.000477 -1.926680
294 6330.761719 1.000034 0.000291 -2.233476
295 6352.294922 1.000009 0.000076 -2.540272
296 6373.828125 0.999983 -0.000150 -2.847068
297 6395.361328 0.999958 -0.000366 3.129321
298 6416.894531 0.999937 -0.000549 2.822525
299 6438.427734 0.999921 -0.000683 2.515729
300 6459.960938 0.999913 -0.000752 2.208932
301 6481.494141 0.999914 -0.000749 1.902136
302 6503.027344 0.999922 -0.000675 1.595340
303 6524.560547 0.999939 -0.000533 1.288544
304 6546.093750 0.999961 -0.000335 0.981748
305 6567.626953 0.999988 -0.000105 0.674952
306 6589.160156 1.000016 0.000142 0.368155
307 6610.693359 1.000044 0.000379 0.061359
308 6632.226562 1.000067 0.000582 -0.245437
309 6653.759766 1.000085 0.000734 -0.552233
310 6675.292969 1.000094 0.000815 -0.859029
311 6696.826172 1.000094 0.000818 -1.165825
312 6718.359375 1.000086 0.000743 -1.472622
313 6739.892578 1.000068 0.000592 -1.779418
314 6761.425781 1.000044 0.000382 -2.086214
315 6782.958984 1.000015 0.000132 -2.393010
316 6804.492188 0.999984 -0.000137 -2.699806
317 6826.025391 0.999954 -0.000398 -3.006602
318 6847.558594 0.999928 -0.000624 2.969787
319 6869.091797 0.999909 -0.000792 2.662991
320 6890.625000 0.999898 -0.000888 2.356194
321 6912.158203 0.999897 -0.000898 2.049398
322 6933.691406 0.999906 -0.000821 1.742602
323 6955.224609 0.999924 -0.000662 1.435806
324 6976.757812 0.999950 -0.000436 1.129010
325 6998.291016 0.999981 -0.000162 0.822214
326 7019.824219 1.000015 0.000131 0.515418
327 7041.357422 1.000048 0.000418 0.208621
328 7062.890625 1.000077 0.000669 -0.098175
329 7084.423828 1.000099 0.000859 -0.404971
330 7105.957031 1.000112 0.000970 -0.711767
331 7127.490234 1.000114 0.000988 -1.018563
332 7149.023438 1.000105 0.000909 -1.325359
333 7170.556641 1.000085 0.000739 -1.632155
334 7192.089844 1.000057 0.000493 -1.938952
335 7213.623047 1.000023 0.000196 -2.245748
336 7235.156250 0.999985 -0.000129 -2.552544
337 7256.689453 0.999949 -0.000447 -2.859340
338 7278.222656 0.999916 -0.000728 3.117049
339 7299.755859 0.999892 -0.000941 2.810253
340 7321.289062 0.999877 -0.001069 2.503457
341 7342.822266 0.999874 -0.001092 2.196661
342 7364.355469 0.999884 -0.001010 1.889864
343 7385.888672 0.999905 -0.000827 1.583068
344 7407.421875 0.999936 -0.000558 1.276272
345 7428.955078 0.999974 -0.000228 0.969476
346 7450.488281 1.000015 0.000130 0.662680
347 7472.021484 1.000056 0.000485 0.355883
348 7493.554688 1.000092 0.000798 0.049087
349 7515.087891 1.000120 0.001039 -0.257709
350 7536.621094 1.000136 0.001184 -0.564505
351 7558.154297 1.000140 0.001214 -0.871301
352 7579.687500 1.000130 0.001125 -1.178097
353 7601.220703 1.000106 0.000924 -1.484893
354 7622.753906 1.000072 0.000625 -1.791690
355 7644.287109 1.000030 0.000260 -2.098486
356 7665.820312 0.999984 -0.000142 -2.405282
357 7687.353516 0.999938 -0.000538 -2.712078
358 7708.886719 0.999898 -0.000890 -3.018874
359 7730.419922 0.999866 -0.001162 2.957515
360 7751.953125 0.999848 -0.001324 2.650719
361 7773.486328 0.999843 -0.001361 2.343923
362 7795.019531 0.999855 -0.001261 2.037127
363 7816.552734 0.999881 -0.001033 1.730330
364 7838.085938 0.999920 -0.000698 1.423534
365 7859.619141 0.999967 -0.000284 1.116738
366 7881.152344 1.000019 0.000167 0.809942
367 7902.685547 1.000071 0.000613 0.503146
368 7924.218750 1.000116 0.001010 0.196350
369 7945.751953 1.000152 0.001317 -0.110447
370 7967.285156 1.000172 0.001498 -0.417243
371 7988.818359 1.000177 0.001535 -0.724039
372 8010.351562 1.000163 0.001418 -1.030835
373 8031.884766 1.000133 0.001157 -1.337631
374 8053.417969 1.000089 0.000770 -1.644427
375 8074.951172 1.000034 0.000296 -1.951224
376 8096.484375 0.999975 -0.000221 -2.258020
377 8118.017578 0.999916 -0.000730 -2.564816
378 8139.550781 0.999864 -0.001178 -2.871612
379 8161.083984 0.999825 -0.001521 3.104777
380 8182.617188 0.999802 -0.001721 2.797981
381 8204.150391 0.999798 -0.001751 2.491185
382 8225.683594 0.999815 -0.001604 2.184389
383 8247.216797 0.999852 -0.001289 1.877592
384 8268.750000 0.999904 -0.000834 1.570796
385 8290.283203 0.999968 -0.000280 1.264000
386 8311.816406 1.000037 0.000320 0.957204
387 8333.349609 1.000104 0.000905 0.650408
388 8354.882812 1.000163 0.001416 0.343612
389 8376.416016 1.000207 0.001799 0.036816
390 8397.949219 1.000231 0.002008 -0.269981
391 8419.482422 1.000232 0.002017 -0.576777
392 8441.015625 1.000209 0.001817 -0.883573
393 8462.548828 1.000164 0.001423 -1.190369
394 8484.082031 1.000100 0.000868 -1.497165
395 8505.615234 1.000023 0.000202 -1.803961
396 8527.148438 0.999941 -0.000509 -2.110758
397 8548.681641 0.999863 -0.001190 -2.417554
398 8570.214844 0.999796 -0.001773 -2.724350
399 8591.748047 0.999748 -0.002191 -3.031146
400 8613.281250 0.999725 -0.002393 2.945243
401 8634.814453 0.999730 -0.002349 2.638447
402 8656.347656 0.999763 -0.002055 2.331651
403 8677.880859 0.999824 -0.001529 2.024855
404 8699.414062 0.999906 -0.000820 1.718058
405 8720.947266 1.000001 0.000008 1.411262
406 8742.480469 1.000100 0.000868 1.104466
407 8764.013672 1.000192 0.001670 0.797670
408 8785.546875 1.000268 0.002326 0.490874
409 8807.080078 1.000317 0.002756 0.184078
410 8828.613281 1.000334 0.002904 -0.122718
411 8850.146484 1.000315 0.002739 -0.429515
412 8871.679688 1.000260 0.002261 -0.736311
413 8893.212891 1.000174 0.001509 -1.043107
414 8914.746094 1.000063 0.000550 -1.349903
415 8936.279297 0.999940 -0.000519 -1.656699
416 8957.812500 0.999818 -0.001584 -1.963495
417 8979.345703 0.999709 -0.002525 -2.270292
418 9000.878906 0.999629 -0.003223 -2.577088
419 9022.412109 0.999587 -0.003585 -2.883884
420 9043.945312 0.999592 -0.003547 3.092505
421 9065.478516 0.999645 -0.003085 2.785709
422 9087.011719 0.999744 -0.002226 2.478913
423 9108.544922 0.999880 -0.001043 2.172117
424 9130.078125 1.000040 0.000345 1.865321
425 9151.611328 1.000205 0.001779 1.558525
426 9173.144531 1.000355 0.003087 1.251728
427 9194.677734 1.000471 0.004092 0.944932
428 9216.210938 1.000534 0.004637 0.638136
429 9237.744141 1.000531 0.004607 0.331340
430 9259.277344 1.000455 0.003949 0.024544
431 9280.810547 1.000310 0.002688 -0.282252
432 9302.343750 1.000108 0.000934 -0.589049
433 9323.876953 0.999872 -0.001116 -0.895845
434 9345.410156 0.999632 -0.003195 -1.202641
435 9366.943359 0.999427 -0.004983 -1.509437
436 9388.476562 0.999293 -0.006147 -1.816233
437 9410.009766 0.999265 -0.006390 -2.123029
438 9431.542969 0.999367 -0.005502 -2.429826
439 9453.076172 0.999606 -0.003427 -2.736622
440 9474.609375 0.999962 -0.000330 -3.043418
441 9496.142578 1.000385 0.003341 2.932971
442 9517.675781 1.000784 0.006806 2.626175
443 9539.208984 1.001025 0.008900 2.319379
444 9560.742188 1.000927 0.008044 2.012583
445 9582.275391 1.000258 0.002244 1.705787
446 9603.808594 0.998745 -0.010909 1.398990
447 9625.341797 0.996068 -0.034216 1.092194
448 9646.875000 0.991879 -0.070829 0.785398
449 9668.408203 0.985803 -0.124196 0.478602
450 9689.941406 0.977460 -0.198018 0.171806
451 9711.474609 0.966475 -0.296186 -0.134990
452 9733.007812 0.952497 -0.422724 -0.441786
453 9754.541016 0.935217 -0.581748 -0.748583
454 9776.074219 0.914384 -0.777425 -1.055379
455 9797.607422 0.889821 -1.013942 -1.362175
456 9819.140625 0.861441 -1.295491 -1.668971
457 9840.673828 0.829253 -1.626262 -1.975767
458 9862.207031 0.793373 -2.010448 -2.282563
459 9883.740234 0.754027 -2.452262 -2.589360
460 9905.273438 0.711544 -2.955965 -2.896156
461 9926.806641 0.666354 -3.525894 3.080233
462 9948.339844 0.618976 -4.166523 2.773437
463 9969.873047 0.569999 -4.882512 2.466641
464 9991.406250 0.520069 -5.678778 2.159845
465 10012.939453 0.469862 -6.560591 1.853049
466 10034.472656 0.420065 -7.533668 1.546253
467 10056.005859 0.371351 -8.604315 1.239456
468 10077.539062 0.324355 -9.779583 0.932660
469 10099.072266 0.279657 -11.067481 0.625864
470 10120.605469 0.237759 -12.477247 0.319068
471 10142.138672 0.199074 -14.019719 0.012272
472 10163.671875 0.163911 -15.707814 -0.294524
473 10185.205078 0.132476 -17.557251 -0.601320
474 10206.738281 0.104863 -19.587560 -0.908116
475 10228.271484 0.081063 -21.823587 -1.214914
476 10249.804688 0.060968 -24.297981 -1.521710
477 10271.337891 0.044386 -27.055140 -1.828506
478 10292.871094 0.031051 -30.158430 -2.135303
479 10314.404297 0.020644 -33.704139 -2.442096
480 10335.937500 0.012806 -37.852033 -2.748893
481 10357.470703 0.007157 -42.905289 -3.055690
482 10379.003906 0.003316 -49.587108 2.920706
483 10400.537109 0.000912 -60.796836 2.613843
484 10422.070312 0.000400 -67.954851 -0.834497
485 10443.603516 0.000931 -60.620410 -1.141293
486 10465.136719 0.000948 -60.466318 -1.448101
487 10486.669922 0.000670 -63.479645 -1.754966
488 10508.203125 0.000269 -71.412890 -2.061512
489 10529.736328 0.000132 -77.612598 0.773071
490 10551.269531 0.000451 -66.914905 0.466314
491 10572.802734 0.000647 -63.785780 0.159570
492 10594.335938 0.000707 -63.010989 -0.147342
493 10615.869141 0.000644 -63.820243 -0.454197
494 10637.402344 0.000485 -66.276787 -0.760783
495 10658.935547 0.000267 -71.454592 -1.067772
496 10680.468750 0.000029 -90.829623 -1.373680
497 10702.001953 0.000195 -74.188748 1.460303
498 10723.535156 0.000376 -68.505717 1.153696
499 10745.068359 0.000493 -66.143188 0.846777
500 10766.601562 0.000538 -65.385674 0.539973
501 10788.134766 0.000511 -65.831180 0.233286
502 10809.667969 0.000422 -67.503124 -0.073508
503 10831.201172 0.000285 -70.896426 -0.380186
504 10852.734375 0.000122 -78.276461 -0.687260
505 10874.267578 0.000047 -86.564671 2.148063
506 10895.800781 0.000201 -73.916146 1.841090
507 10917.333984 0.000324 -69.776770 1.533944
508 10938.867188 0.000404 -67.877008 1.227239
509 10960.400391 0.000433 -67.268404 0.920421
510 10981.933594 0.000412 -67.704396 0.613542
511 11003.466797 0.000345 -69.237554 0.306566
512 11025.000000 0.000243 -72.288649 0.000000
513 11046.533203 0.000118 -78.548674 -0.307417
514 11068.066406 0.000014 -96.795158 2.525296
515 11089.599609 0.000140 -77.059543 2.221117
516 11111.132812 0.000246 -72.185337 1.914501
517 11132.666016 0.000321 -69.872324 1.607569
518 11154.199219 0.000359 -68.905353 1.300657
519 11175.732422 0.000357 -68.950347 0.993982
520 11197.265625 0.000317 -69.974881 0.687230
521 11218.798828 0.000245 -72.211099 0.380427
522 11240.332031 0.000150 -76.484911 0.073997
523 11261.865234 0.000042 -87.534562 -0.232695
524 11283.398438 0.000067 -83.518241 2.601633
525 11304.931641 0.000165 -75.649462 2.295241
526 11326.464844 0.000243 -72.286319 1.988130
527 11347.998047 0.000294 -70.642553 1.681291
528 11369.531250 0.000312 -70.103152 1.374521
529 11391.064453 0.000299 -70.497387 1.067551
530 11412.597656 0.000255 -71.885682 0.760970
531 11434.130859 0.000186 -74.624954 0.453939
532 11455.664062 0.000100 -80.018195 0.146865
533 11477.197266 0.000006 -104.232423 -0.155877
534 11498.730469 0.000086 -81.346528 2.675260
535 11520.263672 0.000166 -75.579786 2.368610
536 11541.796875 0.000228 -72.839912 2.061640
537 11563.330078 0.000265 -71.524253 1.754862
538 11584.863281 0.000275 -71.214590 1.447901
539 11606.396484 0.000257 -71.815967 1.141350
540 11627.929688 0.000213 -73.430983 0.834482
541 11649.462891 0.000149 -76.523067 0.527729
542 11670.996094 0.000072 -82.869439 0.221328
543 11692.529297 0.000011 -99.407818 3.057108
544 11714.062500 0.000090 -80.872904 2.749001
545 11735.595703 0.000159 -75.956634 2.442231
546 11757.128906 0.000211 -73.518299 2.135125
547 11778.662109 0.000240 -72.383868 1.828471
548 11800.195312 0.000245 -72.203663 1.521410
549 11821.728516 0.000226 -72.917263 1.214784
550 11843.261719 0.000185 -74.670521 0.908416
551 11864.794922 0.000126 -77.992183 0.601910
552 11886.328125 0.000056 -85.022155 0.293709
553 11907.861328 0.000018 -94.929759 3.130579
554 11929.394531 0.000089 -81.039940 2.822710
555 11950.927734 0.000149 -76.508608 2.515508
556 11972.460938 0.000194 -74.232855 2.208989
557 11993.994141 0.000219 -73.184444 1.901744
558 12015.527344 0.000222 -73.067523 1.595266
559 12037.060547 0.000203 -73.840001 1.288483
560 12058.593750 0.000165 -75.656003 0.981616
561 12080.126953 0.000111 -79.087607 0.674469
562 12101.660156 0.000047 -86.511747 0.368589
563 12123.193359 0.000020 -94.003139 -3.080292
564 12144.726562 0.000084 -81.507145 2.897044
565 12166.259766 0.000139 -77.150431 2.589410
566 12187.792969 0.000179 -74.939893 2.282455
567 12209.326172 0.000201 -73.921317 1.975562
568 12230.859375 0.000204 -73.824204 1.668932
569 12252.392578 0.000186 -74.615308 1.362262
570 12273.925781 0.000150 -76.450890 1.055753
571 12295.458984 0.000101 -79.903478 0.748085
572 12316.992188 0.000043 -87.415793 0.441109
573 12338.525391 0.000019 -94.366255 -3.006416
574 12360.058594 0.000078 -82.157426 2.969975
575 12381.591797 0.000128 -77.832978 2.662782
576 12403.125000 0.000166 -75.621268 2.356194
577 12424.658203 0.000186 -74.602897 2.049480
578 12446.191406 0.000189 -74.493587 1.742625
579 12467.724609 0.000173 -75.263594 1.435942
580 12489.257812 0.000140 -77.073025 1.129131
581 12510.791016 0.000095 -80.489907 0.822418
582 12532.324219 0.000041 -87.843078 0.514632
583 12553.857422 0.000017 -95.589751 -2.929247
584 12575.390625 0.000071 -82.938065 3.043629
585 12596.923828 0.000118 -78.530032 2.736156
586 12618.457031 0.000153 -76.284235 2.429763
587 12639.990234 0.000173 -75.229005 2.123285
588 12661.523438 0.000176 -75.092361 1.816145
589 12683.056641 0.000162 -75.823545 1.509596
590 12704.589844 0.000132 -77.581610 1.202837
591 12726.123047 0.000090 -80.895761 0.896365
592 12747.656250 0.000040 -87.927043 0.590473
593 12769.189453 0.000013 -97.586901 -2.855541
594 12790.722656 0.000065 -83.807304 3.117366
595 12812.255859 0.000109 -79.253974 2.810674
596 12833.789062 0.000142 -76.927026 2.503782
597 12855.322266 0.000162 -75.822717 2.196315
598 12876.855469 0.000165 -75.634371 1.889696
599 12898.388672 0.000153 -76.308609 1.583084
600 12919.921875 0.000126 -77.985889 1.276329
601 12941.455078 0.000087 -81.172958 0.969264
602 12962.988281 0.000041 -87.794149 0.663095
603 12984.521484 0.000009 -100.732051 -2.794207
604 13006.054688 0.000058 -84.762012 -3.092684
605 13027.587891 0.000100 -79.986896 2.883262
606 13049.121094 0.000133 -77.554506 2.576795
607 13070.654297 0.000152 -76.380365 2.270238
608 13092.187500 0.000156 -76.124404 1.963665
609 13113.720703 0.000146 -76.728753 1.656714
610 13135.253906 0.000121 -78.321715 1.350189
611 13156.787109 0.000086 -81.348283 1.042972
612 13178.320312 0.000042 -87.533148 0.735715
613 13199.853516 0.000005 -105.923185 -2.722770
614 13221.386719 0.000051 -85.819366 -3.018249
615 13242.919922 0.000092 -80.732037 2.957280
616 13264.453125 0.000123 -78.173874 2.650399
617 13285.986328 0.000143 -76.907726 2.343795
618 13307.519531 0.000148 -76.579833 2.037321
619 13329.052734 0.000140 -77.103860 1.730171
620 13350.585938 0.000118 -78.593294 1.424150
621 13372.119141 0.000085 -81.462524 1.116612
622 13393.652344 0.000044 -87.165796 0.808963
623 13415.185547 0.000001 -122.528491 -2.731465
624 13436.718750 0.000045 -86.980723 -2.944262
625 13458.251953 0.000084 -81.503321 3.031214
626 13479.785156 0.000115 -78.787957 2.723750
627 13501.318359 0.000135 -77.417947 2.417598
628 13522.851562 0.000141 -76.999653 2.110565
629 13544.384766 0.000134 -77.441020 1.804092
630 13565.917969 0.000115 -78.818003 1.496565
631 13587.451172 0.000084 -81.500963 1.190257
632 13608.984375 0.000046 -86.766362 0.883376
633 13630.517578 0.000004 -108.944663 0.583373
634 13652.050781 0.000039 -88.266206 -2.872836
635 13673.583984 0.000077 -82.300653 3.105852
636 13695.117188 0.000107 -79.388837 2.797485
637 13716.650391 0.000127 -77.910697 2.490969
638 13738.183594 0.000135 -77.404111 2.184365
639 13759.716797 0.000130 -77.748327 1.877893
640 13781.250000 0.000112 -79.015862 1.570796
641 13802.783203 0.000084 -81.521321 1.264205
642 13824.316406 0.000048 -86.380014 0.957119
643 13845.849609 0.000008 -102.062715 0.654083
644 13867.382812 0.000033 -89.745328 -2.798569
645 13888.916016 0.000070 -83.136023 -3.105050
646 13910.449219 0.000100 -80.012101 2.872291
647 13931.982422 0.000120 -78.402617 2.564594
648 13953.515625 0.000129 -77.788175 2.258021
649 13975.048828 0.000125 -78.031863 1.951148
650 13996.582031 0.000110 -79.184380 1.643708
651 14018.115234 0.000084 -81.513390 1.338208
652 14039.648438 0.000050 -85.963708 1.030275
653 14061.181641 0.000012 -98.331849 0.726234
654 14082.714844 0.000027 -91.377356 -2.724882
655 14104.248047 0.000063 -83.996106 -3.030355
656 14125.781250 0.000093 -80.626411 2.945265
657 14147.314453 0.000114 -78.883759 2.639140
658 14168.847656 0.000124 -78.152734 2.330978
659 14190.380859 0.000122 -78.301064 2.024799
660 14211.914062 0.000108 -79.330174 1.718458
661 14233.447266 0.000084 -81.494780 1.411089
662 14254.980469 0.000053 -85.580438 1.105122
663 14276.513672 0.000016 -95.794429 0.800981
664 14298.046875 0.000021 -93.373317 -2.651840
665 14319.580078 0.000057 -84.922374 -2.958439
666 14341.113281 0.000086 -81.276340 3.018565
667 14362.646484 0.000108 -79.355311 2.711610
668 14384.179688 0.000119 -78.523345 2.404928
669 14405.712891 0.000118 -78.557948 2.098271
670 14427.246094 0.000106 -79.464186 1.791988
671 14448.779297 0.000085 -81.453397 1.484993
672 14470.312500 0.000055 -85.194883 1.177256
673 14491.845703 0.000020 -93.866285 0.870785
674 14513.378906 0.000016 -95.918766 -2.575292
675 14534.912109 0.000051 -85.903074 -2.882922
676 14556.445312 0.000080 -81.919520 3.093319
677 14577.978516 0.000102 -79.836665 2.785800
678 14599.511719 0.000114 -78.873456 2.478667
679 14621.044922 0.000115 -78.804083 2.171332
680 14642.578125 0.000105 -79.596262 1.865060
681 14664.111328 0.000085 -81.414365 1.558208
682 14685.644531 0.000057 -84.856184 1.252425
683 14707.177734 0.000024 -92.333630 0.942091
684 14728.710938 0.000011 -99.160205 -2.504044
685 14750.244141 0.000045 -86.962380 -2.809338
686 14771.777344 0.000074 -82.591974 -3.117479
687 14793.310547 0.000096 -80.328572 2.859297
688 14814.843750 0.000109 -79.240311 2.552075
689 14836.376953 0.000112 -79.044403 2.245913
690 14857.910156 0.000103 -79.711729 1.939150
691 14879.443359 0.000085 -81.368132 1.632432
692 14900.976562 0.000059 -84.512809 1.325453
693 14922.509766 0.000028 -91.055150 1.018514
694 14944.042969 0.000006 -104.437446 -2.426501
695 14965.576172 0.000039 -88.172759 -2.737403
696 14987.109375 0.000068 -83.302946 -3.043410
697 15008.642578 0.000091 -80.816872 2.932912
698 15030.175781 0.000105 -79.590567 2.625920
699 15051.708984 0.000109 -79.283492 2.320094
700 15073.242188 0.000102 -79.819734 2.012511
701 15094.775391 0.000086 -81.320308 1.705910
702 15116.308594 0.000062 -84.215138 1.399160
703 15137.841797 0.000032 -90.019837 1.092786
704 15159.375000 0.000001 -118.256738 -2.356194
705 15180.908203 0.000034 -89.456868 -2.663691
706 15202.441406 0.000063 -84.032602 -2.969351
707 15223.974609 0.000086 -81.332667 3.006636
708 15245.507812 0.000100 -79.957520 2.699698
709 15267.041016 0.000106 -79.524357 2.393111
710 15288.574219 0.000101 -79.940894 2.086491
711 15310.107422 0.000086 -81.289402 1.779125
712 15331.640625 0.000064 -83.933661 1.472142
713 15353.173828 0.000035 -89.075035 1.164013
714 15374.707031 0.000003 -109.483463 0.841942
715 15396.240234 0.000028 -90.918155 -2.587879
716 15417.773438 0.000057 -84.832928 -2.896362
717 15439.306641 0.000081 -81.855020 3.079726
718 15460.839844 0.000096 -80.320367 2.773231
719 15482.373047 0.000103 -79.768755 2.465991
720 15503.906250 0.000099 -80.054171 2.159631
721 15525.439453 0.000086 -81.260923 1.853309
722 15546.972656 0.000065 -83.675737 1.546052
723 15568.505859 0.000038 -88.304659 1.240342
724 15590.039062 0.000008 -102.128459 0.939480
725 15611.572266 0.000023 -92.618514 -2.515419
726 15633.105469 0.000052 -85.647903 -2.822731
727 15654.638672 0.000076 -82.390338 -3.129157
728 15676.171875 0.000092 -80.701005 2.847072
729 15697.705078 0.000100 -80.007990 2.540104
730 15719.238281 0.000098 -80.187472 2.233362
731 15740.771484 0.000087 -81.236388 1.925586
732 15762.304688 0.000067 -83.433745 1.620241
733 15783.837891 0.000042 -87.608754 1.312453
734 15805.371094 0.000012 -98.306154 1.003879
735 15826.904297 0.000018 -94.710938 -2.444571
736 15848.437500 0.000047 -86.556024 -2.748313
737 15869.970703 0.000071 -82.973354 -3.055768
738 15891.503906 0.000088 -81.080507 2.920764
739 15913.037109 0.000097 -80.268565 2.614669
740 15934.570312 0.000097 -80.304997 2.306846
741 15956.103516 0.000087 -81.225182 1.999753
742 15977.636719 0.000069 -83.207974 1.692905
743 15999.169922 0.000045 -86.996188 1.386186
744 16020.703125 0.000016 -95.803020 1.080839
745 16042.236328 0.000014 -97.319981 -2.368578
746 16063.769531 0.000042 -87.523334 -2.677628
747 16085.302734 0.000066 -83.555374 -2.981940
748 16106.835938 0.000084 -81.486126 2.993944
749 16128.369141 0.000094 -80.514077 2.687419
750 16149.902344 0.000095 -80.439277 2.380137
751 16171.435547 0.000087 -81.214999 2.073850
752 16192.968750 0.000071 -83.022128 1.766930
753 16214.501953 0.000048 -86.440310 1.461262
754 16236.035156 0.000020 -93.856035 1.152497
755 16257.568359 0.000009 -101.046154 -2.299114
756 16279.101562 0.000037 -88.607466 -2.601035
757 16300.634766 0.000062 -84.195329 -2.908331
758 16322.167969 0.000080 -81.902882 3.068018
759 16343.701172 0.000091 -80.796144 2.761450
760 16365.234375 0.000093 -80.584342 2.454854
761 16386.767578 0.000087 -81.222674 2.147761
762 16408.300781 0.000072 -82.848166 1.840459
763 16429.833984 0.000050 -85.936166 1.534597
764 16451.367188 0.000024 -92.329452 1.227026
765 16472.900391 0.000004 -107.156810 -2.211580
766 16494.433594 0.000032 -89.803840 -2.529055
767 16515.966797 0.000057 -84.861635 -2.835347
768 16537.500000 0.000076 -82.340026 3.141593
769 16559.033203 0.000088 -81.072323 2.834504
770 16580.566406 0.000092 -80.730383 2.528503
771 16602.099609 0.000087 -81.233318 2.221717
772 16623.632812 0.000073 -82.690010 1.914257
773 16645.166016 0.000053 -85.495520 1.608573
774 16666.699219 0.000028 -91.105801 1.303230
775 16688.232422 0.000000 -140.972573 1.570796
776 16709.765625 0.000028 -91.157684 -2.454575
777 16731.298828 0.000053 -85.591821 -2.761771
778 16752.832031 0.000072 -82.796536 -3.066938
779 16774.365234 0.000085 -81.365041 2.908625
780 16795.898438 0.000090 -80.893415 2.601796
781 16817.431641 0.000086 -81.265656 2.294232
782 16838.964844 0.000075 -82.544607 1.987621
783 16860.498047 0.000056 -85.085642 1.681276
784 16882.031250 0.000031 -90.041398 1.375676
785 16903.564453 0.000004 -107.196425 1.076624
786 16925.097656 0.000023 -92.758748 -2.378169
787 16946.630859 0.000048 -86.342125 -2.687627
788 16968.164062 0.000069 -83.277644 -2.994809
789 16989.697266 0.000083 -81.661161 2.981694
790 17011.230469 0.000089 -81.050196 2.675388
791 17032.763672 0.000086 -81.290183 2.368419
792 17054.296875 0.000076 -82.421336 2.061924
793 17075.830078 0.000058 -84.731819 1.755418
794 17097.363281 0.000035 -89.176235 1.448993
795 17118.896484 0.000009 -101.321915 1.141297
796 17140.429688 0.000019 -94.644514 -2.306122
797 17161.962891 0.000044 -87.187766 -2.613567
798 17183.496094 0.000065 -83.778581 -2.920626
799 17205.029297 0.000080 -81.991921 3.055837
800 17226.562500 0.000087 -81.237566 2.749472
801 17248.095703 0.000086 -81.337683 2.442092
802 17269.628906 0.000077 -82.322438 2.134390
803 17291.162109 0.000060 -84.414255 1.828271
804 17312.695312 0.000038 -88.367618 1.522895
805 17334.228516 0.000013 -97.981182 1.216173
806 17355.761719 0.000014 -97.079238 -2.230906
807 17377.294922 0.000039 -88.115987 -2.539071
808 17398.828125 0.000061 -84.327957 -2.847223
809 17420.361328 0.000077 -82.325875 3.129785
810 17441.894531 0.000085 -81.432064 2.821620
811 17463.427734 0.000085 -81.402641 2.516376
812 17484.960938 0.000077 -82.225433 2.208907
813 17506.494141 0.000062 -84.113190 1.902232
814 17528.027344 0.000041 -87.670841 1.595395
815 17549.560547 0.000017 -95.632241 1.289526
816 17571.093750 0.000010 -100.231522 -2.157950
817 17592.626953 0.000035 -89.111552 -2.467117
818 17614.160156 0.000057 -84.892597 -2.772897
819 17635.693359 0.000073 -82.694220 -3.080517
820 17657.226562 0.000083 -81.642998 2.896265
821 17678.759766 0.000084 -81.479483 2.589174
822 17700.292969 0.000078 -82.163405 2.282325
823 17721.826172 0.000064 -83.870427 1.975933
824 17743.359375 0.000044 -87.061822 1.669144
825 17764.892578 0.000020 -93.796135 1.365460
826 17786.425781 0.000005 -105.280004 -2.085869
827 17807.958984 0.000031 -90.250364 -2.392555
828 17829.492188 0.000053 -85.536552 -2.700385
829 17851.025391 0.000070 -83.084940 -3.006745
830 17872.558594 0.000081 -81.862696 2.969948
831 17894.091797 0.000084 -81.562527 2.662947
832 17915.625000 0.000078 -82.109770 2.356194
833 17937.158203 0.000066 -83.606309 2.049787
834 17958.691406 0.000047 -86.511877 1.743048
835 17980.224609 0.000024 -92.372951 1.435073
836 18001.757812 0.000001 -117.414440 -2.004750
837 18023.291016 0.000026 -91.539684 -2.319587
838 18044.824219 0.000049 -86.178776 -2.626889
839 18066.357422 0.000067 -83.487478 -2.932692
840 18087.890625 0.000078 -82.103657 3.043331
841 18109.423828 0.000082 -81.676193 2.736820
842 18130.957031 0.000079 -82.067064 2.430588
843 18152.490234 0.000068 -83.411806 2.122798
844 18174.023438 0.000050 -86.044708 1.816065
845 18195.556641 0.000028 -91.155957 1.507437
846 18217.089844 0.000003 -110.817462 1.172023
847 18238.623047 0.000022 -93.056095 -2.245119
848 18260.156250 0.000045 -86.920126 -2.552857
849 18281.689453 0.000064 -83.917510 -2.859726
850 18303.222656 0.000076 -82.357833 3.117362
851 18324.755859 0.000082 -81.774723 2.809611
852 18346.289062 0.000079 -82.046037 2.503146
853 18367.822266 0.000069 -83.206981 2.197310
854 18389.355469 0.000053 -85.579174 1.890039
855 18410.888672 0.000031 -90.107153 1.582738
856 18432.421875 0.000007 -103.214750 1.279753
857 18453.955078 0.000018 -94.880602 -2.171636
858 18475.488281 0.000041 -87.696645 -2.477126
859 18497.021484 0.000060 -84.380008 -2.784959
860 18518.554688 0.000074 -82.640099 -3.092628
861 18540.087891 0.000080 -81.904536 2.884193
862 18561.621094 0.000079 -82.044727 2.576917
863 18583.154297 0.000070 -83.054859 2.270416
864 18604.687500 0.000055 -85.187091 1.963671
865 18626.220703 0.000035 -89.216809 1.655940
866 18647.753906 0.000011 -99.339327 1.346585
867 18669.287109 0.000014 -97.077585 -2.102089
868 18690.820312 0.000037 -88.585016 -2.404909
869 18712.353516 0.000057 -84.886057 -2.711870
870 18733.886719 0.000071 -82.942998 -3.018431
871 18755.419922 0.000079 -82.064805 2.957893
872 18776.953125 0.000079 -82.036785 2.650982
873 18798.486328 0.000072 -82.905342 2.344416
874 18820.019531 0.000057 -84.826225 2.036535
875 18841.552734 0.000038 -88.443728 1.731218
876 18863.085938 0.000015 -96.668569 1.422509
877 18884.619141 0.000010 -100.196179 -2.023538
878 18906.152344 0.000033 -89.549088 -2.329618
879 18927.685547 0.000054 -85.419862 -2.638384
880 18949.218750 0.000069 -83.241084 -2.945131
881 18970.751953 0.000077 -82.219728 3.031461
882 18992.285156 0.000079 -82.070546 2.725327
883 19013.818359 0.000073 -82.782386 2.418360
884 19035.351562 0.000060 -84.502521 2.110615
885 19056.884766 0.000041 -87.768250 1.803400
886 19078.417969 0.000018 -94.699754 1.497067
887 19099.951172 0.000006 -104.681735 -1.961264
888 19121.484375 0.000029 -90.636012 -2.258524
889 19143.017578 0.000050 -86.003015 -2.564644
890 19164.550781 0.000066 -83.594016 -2.871466
891 19186.083984 0.000076 -82.408941 3.104543
892 19207.617188 0.000078 -82.128836 2.798466
893 19229.150391 0.000073 -82.677707 2.490547
894 19250.683594 0.000062 -84.210901 2.183901
895 19272.216797 0.000044 -87.141571 1.876999
896 19293.750000 0.000022 -93.083539 1.570796
897 19315.283203 0.000002 -115.027420 -1.860643
898 19336.816406 0.000025 -91.902761 -2.186136
899 19358.349609 0.000047 -86.626641 -2.489911
900 19379.882812 0.000063 -83.944860 -2.797874
901 19401.416016 0.000074 -82.599112 -3.104853
902 19422.949219 0.000078 -82.177882 2.870605
903 19444.482422 0.000074 -82.594192 2.564510
904 19466.015625 0.000063 -83.949121 2.257418
905 19487.548828 0.000047 -86.616243 1.950414
906 19509.082031 0.000026 -91.820303 1.646554
907 19530.615234 0.000002 -113.247726 1.335784
908 19552.148438 0.000022 -93.331775 -2.111216
909 19573.681641 0.000043 -87.316678 -2.416904
910 19595.214844 0.000060 -84.365156 -2.723343
911 19616.748047 0.000072 -82.825089 -3.031055
912 19638.281250 0.000077 -82.250611 2.945712
913 19659.814453 0.000075 -82.531734 2.638155
914 19681.347656 0.000065 -83.715412 2.333243
915 19702.880859 0.000050 -86.102841 2.025564
916 19724.414062 0.000029 -90.693656 1.718323
917 19745.947266 0.000006 -104.218449 1.416398
918 19767.480469 0.000018 -95.126120 -2.038246
919 19789.013672 0.000039 -88.078467 -2.343375
920 19810.546875 0.000058 -84.793004 -2.651559
921 19832.080078 0.000070 -83.054430 -2.958092
922 19853.613281 0.000076 -82.336044 3.019221
923 19875.146484 0.000075 -82.485472 2.712552
924 19896.679688 0.000067 -83.507420 2.405129
925 19918.212891 0.000052 -85.654513 2.098377
926 19939.746094 0.000033 -89.761076 1.792424
927 19961.279297 0.000010 -100.034140 1.485046
928 19982.812500 0.000014 -97.329836 -1.966767
929 20004.345703 0.000036 -88.925074 -2.270119
930 20025.878906 0.000055 -85.236264 -2.576701
931 20047.412109 0.000068 -83.316138 -2.884013
932 20068.945312 0.000075 -82.448734 3.091915
933 20090.478516 0.000075 -82.460531 2.785369
934 20112.011719 0.000068 -83.329601 2.478939
935 20133.544922 0.000055 -85.248192 2.173168
936 20155.078125 0.000036 -88.910459 1.865597
937 20176.611328 0.000014 -97.221711 1.560651
938 20198.144531 0.000010 -100.325913 -1.888633
939 20219.677734 0.000032 -89.871137 -2.197954
940 20241.210938 0.000052 -85.762000 -2.503183
941 20262.744141 0.000066 -83.600319 -2.811283
942 20284.277344 0.000074 -82.584828 -3.116683
943 20305.810547 0.000076 -82.440095 2.858793
944 20327.343750 0.000070 -83.148187 2.552759
945 20348.876953 0.000057 -84.890047 2.245701
946 20370.410156 0.000039 -88.158691 1.940543
947 20391.943359 0.000017 -95.170326 1.632256
948 20413.476562 0.000006 -104.703241 -1.824470
949 20435.009766 0.000028 -90.907451 -2.122520
950 20456.542969 0.000048 -86.309874 -2.428154
951 20478.076172 0.000064 -83.895139 -2.735996
952 20499.609375 0.000073 -82.718251 -3.043526
953 20521.142578 0.000075 -82.445636 2.932734
954 20542.675781 0.000071 -83.011591 2.626080
955 20564.208984 0.000059 -84.544996 2.318490
956 20585.742188 0.000042 -87.514383 2.012598
957 20607.275391 0.000021 -93.535010 1.704634
958 20628.808594 0.000002 -114.555629 -1.730709
959 20650.341797 0.000025 -92.153230 -2.049566
960 20671.875000 0.000045 -86.884612 -2.356194
961 20693.408203 0.000061 -84.242015 -2.663392
962 20714.941406 0.000072 -82.896446 -2.970836
963 20736.474609 0.000075 -82.465913 3.006190
964 20758.007812 0.000072 -82.889385 2.699881
965 20779.541016 0.000061 -84.250517 2.392986
966 20801.074219 0.000045 -86.909745 2.085847
967 20822.607422 0.000025 -92.135961 1.778060
968 20844.140625 0.000002 -114.208415 1.465419
969 20865.673828 0.000021 -93.533627 -1.976803
970 20887.207031 0.000042 -87.568444 -2.282590
971 20908.740234 0.000059 -84.610581 -2.588311
972 20930.273438 0.000070 -83.065267 -2.896100
973 20951.806641 0.000075 -82.508865 3.080688
974 20973.339844 0.000073 -82.789532 2.773829
975 20994.873047 0.000063 -83.973335 2.466631
976 21016.406250 0.000048 -86.376872 2.160866
977 21037.939453 0.000028 -90.985771 1.852141
978 21059.472656 0.000006 -104.579809 1.549966
979 21081.005859 0.000017 -95.287006 -1.901585
980 21102.539062 0.000039 -88.281542 -2.208575
981 21124.072266 0.000056 -85.012048 -2.515606
982 21145.605469 0.000069 -83.281873 -2.823142
983 21167.138672 0.000074 -82.569426 -3.129073
984 21188.671875 0.000073 -82.697670 2.847488
985 21210.205078 0.000065 -83.738665 2.541005
986 21231.738281 0.000051 -85.877805 2.233999
987 21253.271484 0.000032 -89.982676 1.928246
988 21274.804688 0.000010 -100.401574 1.619781
989 21296.337891 0.000013 -97.475438 -1.827666
990 21317.871094 0.000035 -89.080353 -2.136225
991 21339.404297 0.000053 -85.437580 -2.442216
992 21360.937500 0.000067 -83.506298 -2.748449
993 21382.470703 0.000074 -82.646428 -3.055498
994 21404.003906 0.000074 -82.647045 2.920929
995 21425.537109 0.000067 -83.506988 2.613036
996 21447.070312 0.000053 -85.445953 2.308048
997 21468.603516 0.000035 -89.097425 2.001009
998 21490.136719 0.000013 -97.462160 1.694047
999 21511.669922 0.000010 -100.426971 -1.755760
1000 21533.203125 0.000032 -90.028665 -2.061087
1001 21554.736328 0.000051 -85.909500 -2.369094
1002 21576.269531 0.000065 -83.772800 -2.674035
1003 21597.802734 0.000073 -82.749482 -2.982227
1004 21619.335938 0.000074 -82.598270 2.994352
1005 21640.869141 0.000068 -83.320547 2.688103
1006 21662.402344 0.000056 -85.044594 2.381057
1007 21683.935547 0.000038 -88.324998 2.074423
1008 21705.468750 0.000017 -95.305906 1.766915
1009 21727.001953 0.000006 -104.976706 -1.683351
1010 21748.535156 0.000028 -91.042994 -1.988805
1011 21770.068359 0.000048 -86.430561 -2.294740
1012 21791.601562 0.000063 -84.030270 -2.601986
1013 21813.134766 0.000072 -82.858519 -2.908166
1014 21834.667969 0.000074 -82.571182 3.068351
1015 21856.201172 0.000070 -83.130876 2.760412
1016 21877.734375 0.000058 -84.671989 2.453781
1017 21899.267578 0.000042 -87.613846 2.147081
1018 21920.800781 0.000021 -93.624697 1.839369
1019 21942.333984 0.000002 -114.121686 -1.594466
1020 21963.867188 0.000024 -92.238487 -1.914723
1021 21985.400391 0.000045 -86.996484 -2.220433
1022 22006.933594 0.000061 -84.345883 -2.527686
1023 22028.466797 0.000071 -82.982752 -2.834723
1024 22050.000000 0.000074 -82.559673 -3.141593
