00 0.000000 255.000000 255.000000 509.000000 1.000000 255.000000 0.000000 255.000000 0.000000 51.141104 0.785398
01 43.108504 229.725319 229.725311 458.450637 1.000000 229.725319 0.000000 229.725319 0.000000 50.234477 0.785398
02 86.217009 162.814803 162.814789 324.629606 1.000000 162.814803 0.000000 162.814803 0.000000 47.244177 0.785398
03 129.325513 77.281553 77.281540 153.563106 1.000000 77.281553 -0.000000 77.281553 -0.000000 40.771816 0.785398
04 172.434018 0.750008 0.750000 0.500017 1.000000 0.750008 -0.000000 0.750008 -0.000000 0.511573 0.785393
05 215.542522 -45.519596 -45.519592 -92.039192 1.000000 -45.519596 -0.000000 -45.519596 -0.000000 36.174268 -2.356195
06 258.651026 -54.269724 -54.269714 -109.539448 1.000000 -54.269724 -0.000000 -54.269724 -0.000000 37.701451 -2.356195
07 301.759531 -33.422306 -33.422302 -67.844612 1.000000 -33.422306 -0.000000 -33.422306 -0.000000 33.491028 -2.356195
08 344.868035 -0.750033 -0.750031 -2.500066 1.000000 -0.750033 -0.000000 -0.750033 -0.000000 0.511893 -2.356196
09 387.976540 25.051389 25.051376 49.102779 1.000000 25.051389 0.000000 25.051389 0.000000 30.986934 0.785398
10 431.085044 32.559582 32.559570 64.119164 1.000000 32.559582 0.000000 32.559582 0.000000 33.263875 0.785398
11 474.193548 21.459991 21.459976 41.919982 1.000000 21.459991 0.000000 21.459991 0.000000 29.642888 0.785398
12 517.302053 0.750074 0.750061 0.500149 1.000000 0.750074 0.000000 0.750074 0.000000 0.512309 0.785389
13 560.410557 -17.178365 -17.178360 -35.356730 1.000000 -17.178365 -0.000000 -17.178365 -0.000000 27.709935 -2.356195
14 603.519062 -23.254431 -23.254425 -47.508861 1.000000 -23.254431 0.000000 -23.254431 0.000000 30.340413 -2.356195
15 646.627566 -15.877072 -15.877060 -32.754144 1.000000 -15.877072 0.000000 -15.877072 0.000000 27.025705 -2.356195
16 689.736070 -0.750132 -0.750122 -2.500264 1.000000 -0.750132 0.000000 -0.750132 0.000000 0.512997 -2.356201
17 732.844575 13.009798 13.009796 25.019595 1.000000 13.009798 0.000000 13.009798 0.000000 25.295710 0.785398
18 775.953079 18.084276 18.084274 35.168551 1.000000 18.084276 0.000000 18.084276 0.000000 28.156322 0.785398
19 819.061584 12.644464 12.644455 24.288927 1.000000 12.644464 0.000000 12.644464 0.000000 25.048305 0.785398
20 862.170088 0.750206 0.750198 0.500413 1.000000 0.750206 0.000000 0.750206 0.000000 0.513869 0.785393
21 905.278592 -10.428848 -10.428833 -21.857695 1.000000 -10.428848 0.000000 -10.428848 0.000000 23.375020 -2.356195
22 948.387097 -14.793664 -14.793655 -30.587328 1.000000 -14.793664 -0.000000 -14.793664 -0.000000 26.411812 -2.356195
23 991.495601 -10.535923 -10.535919 -22.071845 1.000000 -10.535923 0.000000 -10.535923 0.000000 23.463750 -2.356195
24 1034.604106 -0.750297 -0.750290 -2.500594 1.000000 -0.750297 0.000000 -0.750297 0.000000 0.514924 -2.356199
25 1077.712610 8.673453 8.673447 16.346906 1.000000 8.673453 0.000000 8.673453 0.000000 21.774137 0.785398
26 1120.821114 12.515114 12.515106 24.030227 1.000000 12.515114 0.000000 12.515114 0.000000 24.958993 0.785398
27 1163.929619 9.051869 9.051865 17.103737 1.000000 9.051869 0.000000 9.051869 0.000000 22.145063 0.785398
28 1207.038123 0.750405 0.750397 0.500809 1.000000 0.750405 0.000000 0.750405 0.000000 0.516164 0.785393
29 1250.146628 -7.401999 -7.401993 -15.803997 1.000000 -7.401999 -0.000000 -7.401999 -0.000000 20.397277 -2.356195
30 1293.255132 -10.843800 -10.843796 -22.687599 1.000000 -10.843800 -0.000000 -10.843800 -0.000000 23.713928 -2.356195
31 1336.363636 -7.950568 -7.950562 -16.901137 1.000000 -7.950568 -0.000000 -7.950568 -0.000000 21.018260 -2.356195
32 1379.472141 -0.750529 -0.750519 -2.501057 1.000000 -0.750529 0.000000 -0.750529 0.000000 0.517588 -2.356201
33 1422.580645 6.438502 6.438492 11.877005 1.000000 6.438502 -0.000000 6.438502 -0.000000 19.185990 0.785397
34 1465.689150 9.565403 9.565399 18.130805 1.000000 9.565403 -0.000000 9.565403 -0.000000 22.624363 0.785398
35 1508.797654 7.100796 7.100784 13.201592 1.000000 7.100796 0.000000 7.100796 0.000000 20.036434 0.785397
36 1551.906158 0.750669 0.750656 0.501338 1.000000 0.750669 -0.000000 0.750669 -0.000000 0.519196 0.785390
37 1595.014663 -5.683081 -5.683075 -12.366163 1.000000 -5.683081 0.000000 -5.683081 0.000000 18.101973 -2.356195
38 1638.123167 -8.555843 -8.555832 -18.111686 1.000000 -8.555843 -0.000000 -8.555843 -0.000000 21.655550 -2.356195
39 1681.231672 -6.425162 -6.425156 -13.850323 1.000000 -6.425162 -0.000000 -6.425162 -0.000000 19.167977 -2.356195
40 1724.340176 -0.750826 -0.750824 -2.501653 1.000000 -0.750826 -0.000000 -0.750826 -0.000000 0.521076 -2.356196
41 1767.448680 5.074832 5.074829 9.149664 1.000000 5.074832 0.000000 5.074832 0.000000 17.118731 0.785398
42 1810.557185 7.738310 7.738297 14.476620 1.000000 7.738310 0.000000 7.738310 0.000000 20.783215 0.785397
43 1853.665689 5.875071 5.875061 10.750143 1.000000 5.875071 0.000000 5.875071 0.000000 18.390555 0.785397
44 1896.774194 0.751000 0.750992 0.502000 1.000000 0.751000 0.000000 0.751000 0.000000 0.523052 0.785393
45 1939.882698 -4.574504 -4.574493 -10.149009 1.000000 -4.574504 0.000000 -4.574504 0.000000 16.217171 -2.356196
46 1982.991202 -7.062708 -7.062698 -15.125417 1.000000 -7.062708 -0.000000 -7.062708 -0.000000 19.989719 -2.356195
47 2026.099707 -5.418474 -5.418472 -11.836948 1.000000 -5.418474 -0.000000 -5.418474 -0.000000 17.687839 -2.356195
48 2069.208211 -0.751191 -0.751190 -2.502381 1.000000 -0.751191 0.000000 -0.751191 0.000000 0.525300 -2.356195
49 2112.316716 4.155666 4.155655 7.311332 1.000000 4.155666 0.000000 4.155666 0.000000 15.383101 0.785397
50 2155.425220 6.494975 6.494965 11.989949 1.000000 6.494975 0.000000 6.494975 0.000000 19.261842 0.785397
51 2198.533724 5.033374 5.033371 9.066747 1.000000 5.033374 0.000000 5.033374 0.000000 17.047481 0.785398
52 2241.642229 0.751398 0.751389 0.502795 1.000000 0.751398 0.000000 0.751398 0.000000 0.527645 0.785392
53 2284.750733 -3.799863 -3.799850 -8.599726 1.000000 -3.799863 0.000000 -3.799863 0.000000 14.605645 -2.356196
54 2327.859238 -6.011137 -6.011124 -13.022274 1.000000 -6.011137 -0.000000 -6.011137 -0.000000 18.589423 -2.356196
55 2370.967742 -4.704173 -4.704163 -10.408347 1.000000 -4.704173 0.000000 -4.704173 0.000000 16.459956 -2.356196
56 2414.076246 -0.751622 -0.751617 -2.503243 1.000000 -0.751622 0.000000 -0.751622 0.000000 0.530261 -2.356197
57 2457.184751 3.493822 3.493820 5.987644 1.000000 3.493822 0.000000 3.493822 0.000000 13.876313 0.785398
58 2500.293255 5.593838 5.593826 10.187676 1.000000 5.593838 0.000000 5.593838 0.000000 17.964489 0.785397
59 2543.401760 4.419505 4.419495 7.839011 1.000000 4.419505 0.000000 4.419505 0.000000 15.917763 0.785397
60 2586.510264 0.751862 0.751862 0.503725 1.000000 0.751862 0.000000 0.751862 0.000000 0.533062 0.785398
61 2629.618768 -3.227751 -3.227737 -7.455502 1.000000 -3.227751 -0.000000 -3.227751 -0.000000 13.188282 -2.356197
62 2672.727273 -5.230198 -5.230194 -11.460396 1.000000 -5.230198 0.000000 -5.230198 0.000000 17.380659 -2.356195
63 2715.835777 -4.170889 -4.170883 -9.341778 1.000000 -4.170889 -0.000000 -4.170889 -0.000000 15.414867 -2.356195
64 2758.944282 -0.752120 -0.752106 -2.504240 1.000000 -0.752120 0.000000 -0.752120 0.000000 0.535959 -2.356204
65 2802.052786 2.994268 2.994263 4.988537 1.000000 2.994268 -0.000000 2.994268 -0.000000 12.536106 0.785397
66 2845.161290 4.910460 4.910446 8.820920 1.000000 4.910460 0.000000 4.910460 0.000000 16.832731 0.785397
67 2888.269795 3.951870 3.951859 6.903739 1.000000 3.951870 0.000000 3.951870 0.000000 14.946340 0.785397
68 2931.378299 0.752394 0.752380 0.504788 1.000000 0.752394 -0.000000 0.752394 -0.000000 0.539128 0.785389
69 2974.486804 -2.787704 -2.787689 -6.575408 1.000000 -2.787704 0.000000 -2.787704 0.000000 11.915210 -2.356197
70 3017.595308 -4.627098 -4.627090 -10.254196 1.000000 -4.627098 -0.000000 -4.627098 -0.000000 16.316467 -2.356195
71 3060.703812 -3.757446 -3.757431 -8.514892 1.000000 -3.757446 -0.000000 -3.757446 -0.000000 14.508138 -2.356196
72 3103.812317 -0.752685 -0.752670 -2.505371 1.000000 -0.752685 -0.000000 -0.752685 -0.000000 0.542482 -2.356204
73 3146.920821 2.603630 2.603622 4.207261 1.000000 2.603630 0.000000 2.603630 0.000000 11.321873 0.785397
74 3190.029326 4.374212 4.374207 7.748424 1.000000 4.374212 0.000000 4.374212 0.000000 15.828291 0.785398
75 3233.137830 3.583685 3.583679 6.167369 1.000000 3.583685 0.000000 3.583685 0.000000 14.096889 0.785397
76 3276.246334 0.752993 0.752991 0.505987 1.000000 0.752993 0.000000 0.752993 0.000000 0.546108 0.785396
77 3319.354839 -2.438540 -2.438538 -5.877081 1.000000 -2.438540 0.000000 -2.438540 0.000000 10.752894 -2.356195
78 3362.463343 -4.147113 -4.147110 -9.294226 1.000000 -4.147113 -0.000000 -4.147113 -0.000000 15.365214 -2.356195
79 3405.571848 -3.427448 -3.427444 -7.854897 1.000000 -3.427448 -0.000000 -3.427448 -0.000000 13.709713 -2.356195
80 3448.680352 -0.753319 -0.753311 -2.506637 1.000000 -0.753319 -0.000000 -0.753319 -0.000000 0.549830 -2.356199
81 3491.788856 2.289619 2.289612 3.579238 1.000000 2.289619 0.000000 2.289619 0.000000 10.205551 0.785397
82 3534.897361 3.942027 3.942017 6.884053 1.000000 3.942027 0.000000 3.942027 0.000000 14.924680 0.785397
83 3578.005865 3.286205 3.286194 5.572409 1.000000 3.286205 0.000000 3.286205 0.000000 13.344178 0.785397
84 3621.114370 0.753661 0.753647 0.507321 1.000000 0.753661 -0.000000 0.753661 -0.000000 0.553737 0.785389
85 3664.222874 -2.154582 -2.154572 -5.309164 1.000000 -2.154582 0.000000 -2.154582 0.000000 9.677539 -2.356197
86 3707.331378 -3.755881 -3.755875 -8.511762 1.000000 -3.755881 0.000000 -3.755881 0.000000 14.504529 -2.356195
87 3750.439883 -3.157887 -3.157883 -7.315774 1.000000 -3.157887 0.000000 -3.157887 0.000000 12.998226 -2.356195
88 3793.548387 -0.754020 -0.754013 -2.508040 1.000000 -0.754020 0.000000 -0.754020 0.000000 0.557917 -2.356199
89 3836.656891 2.031555 2.031540 3.063110 1.000000 2.031555 0.000000 2.031555 0.000000 9.166839 0.785394
90 3879.765396 3.586150 3.586136 6.172300 1.000000 3.586150 0.000000 3.586150 0.000000 14.102852 0.785396
91 3922.873900 3.040792 3.040787 5.081583 1.000000 3.040792 0.000000 3.040792 0.000000 12.670026 0.785397
92 3965.982405 0.754396 0.754395 0.508793 1.000000 0.754396 -0.000000 0.754396 -0.000000 0.562281 0.785397
93 4009.090909 -1.918986 -1.918976 -4.837972 1.000000 -1.918986 0.000000 -1.918986 0.000000 8.671713 -2.356197
94 4052.199413 -3.430737 -3.430725 -7.861474 1.000000 -3.430737 -0.000000 -3.430737 -0.000000 13.718034 -2.356196
95 4095.307918 -2.933503 -2.933502 -6.867005 1.000000 -2.933503 -0.000000 -2.933503 -0.000000 12.358029 -2.356195
96 4138.416422 -0.754790 -0.754776 -2.509580 1.000000 -0.754790 0.000000 -0.754790 0.000000 0.566742 -2.356204
97 4181.524927 1.815579 1.815567 2.631159 1.000000 1.815579 0.000000 1.815579 0.000000 8.190575 0.785395
98 4224.633431 3.287889 3.287888 5.575778 1.000000 3.287889 0.000000 3.287889 0.000000 13.348641 0.785398
99 4267.741935 2.834832 2.834824 4.669665 1.000000 2.834832 0.000000 2.834832 0.000000 12.060834 0.785397
100 4310.850440 0.755201 0.755188 0.510402 1.000000 0.755201 0.000000 0.755201 0.000000 0.571476 0.785390
101 4353.958944 -1.720245 -1.720230 -4.440490 1.000000 -1.720245 -0.000000 -1.720245 -0.000000 7.722068 -2.356199
102 4397.067449 -3.156127 -3.156113 -7.312253 1.000000 -3.156127 0.000000 -3.156127 0.000000 12.993369 -2.356197
103 4440.175953 -2.743778 -2.743774 -6.487555 1.000000 -2.743778 -0.000000 -2.743778 -0.000000 11.777273 -2.356195
104 4483.284457 -0.755629 -0.755615 -2.511258 1.000000 -0.755629 -0.000000 -0.755629 -0.000000 0.576394 -2.356204
105 4526.392962 1.632058 1.632050 2.264116 1.000000 1.632058 0.000000 1.632058 0.000000 7.264989 0.785396
106 4569.501466 3.034194 3.034180 5.068389 1.000000 3.034194 0.000000 3.034194 0.000000 12.651147 0.785396
107 4612.609971 2.659485 2.659485 4.318970 1.000000 2.659485 0.000000 2.659485 0.000000 11.506251 0.785398
108 4655.718475 0.756075 0.756073 0.512150 1.000000 0.756075 0.000000 0.756075 0.000000 0.581585 0.785397
109 4698.826979 -1.550230 -1.550217 -4.100459 1.000000 -1.550230 0.000000 -1.550230 0.000000 6.818184 -2.356199
110 4741.935484 -2.921019 -2.921005 -6.842039 1.000000 -2.921019 -0.000000 -2.921019 -0.000000 12.320968 -2.356197
111 4785.043988 -2.581225 -2.581223 -6.162450 1.000000 -2.581225 -0.000000 -2.581225 -0.000000 11.246813 -2.356195
112 4828.152493 -0.756538 -0.756531 -2.513076 1.000000 -0.756538 -0.000000 -0.756538 -0.000000 0.586874 -2.356199
113 4871.260997 1.474083 1.474075 1.948166 1.000000 1.474083 0.000000 1.474083 0.000000 6.380717 0.785396
114 4914.369501 2.815679 2.815674 4.631358 1.000000 2.815679 0.000000 2.815679 0.000000 12.001955 0.785397
115 4957.478006 2.508369 2.508362 4.016737 1.000000 2.508369 -0.000000 2.508369 -0.000000 10.998115 0.785397
116 5000.586510 0.757019 0.757004 0.514038 1.000000 0.757019 -0.000000 0.757019 -0.000000 0.592347 0.785388
117 5043.695015 -1.403034 -1.403030 -3.806068 1.000000 -1.403034 0.000000 -1.403034 0.000000 5.951652 -2.356196
118 5086.803519 -2.717376 -2.717361 -6.434751 1.000000 -2.717376 0.000000 -2.717376 0.000000 11.693271 -2.356197
119 5129.912023 -2.440372 -2.440369 -5.880744 1.000000 -2.440372 -0.000000 -2.440372 -0.000000 10.759415 -2.356195
120 5173.020528 -0.757517 -0.757507 -2.515035 1.000000 -0.757517 -0.000000 -0.757517 -0.000000 0.598094 -2.356201
121 5216.129032 1.336574 1.336563 1.673149 1.000000 1.336574 -0.000000 1.336574 -0.000000 5.530126 0.785394
122 5259.237537 2.625417 2.625412 4.250834 1.000000 2.625417 -0.000000 2.625417 -0.000000 11.394257 0.785397
123 5302.346041 2.376762 2.376755 3.753523 1.000000 2.376762 -0.000000 2.376762 -0.000000 10.530000 0.785397
124 5345.454545 0.758033 0.758026 0.516067 1.000000 0.758033 0.000000 0.758033 0.000000 0.604025 0.785393
125 5388.563050 -1.274263 -1.274261 -3.548525 1.000000 -1.274263 0.000000 -1.274263 0.000000 5.115475 -2.356195
126 5431.671554 -2.539198 -2.539185 -6.078396 1.000000 -2.539198 0.000000 -2.539198 0.000000 11.104208 -2.356197
127 5474.780059 -2.317124 -2.317123 -5.634248 1.000000 -2.317124 -0.000000 -2.317124 -0.000000 10.309285 -2.356195
128 5517.888563 -0.758567 -0.758560 -2.517135 1.000000 -0.758567 -0.000000 -0.758567 -0.000000 0.610142 -2.356199
129 5560.997067 1.215711 1.215698 1.431422 1.000000 1.215711 -0.000000 1.215711 -0.000000 4.706861 0.785393
130 5604.105572 2.458188 2.458176 3.916376 1.000000 2.458188 -0.000000 2.458188 -0.000000 10.822580 0.785396
131 5647.214076 2.261096 2.261093 3.522192 1.000000 2.261096 0.000000 2.261096 0.000000 10.096675 0.785398
132 5690.322581 0.759119 0.759109 0.518239 1.000000 0.759119 0.000000 0.759119 0.000000 0.616444 0.785392
133 5733.431085 -1.160578 -1.160568 -3.321157 1.000000 -1.160578 -0.000000 -1.160578 -0.000000 4.303751 -2.356199
134 5776.539589 -2.381920 -2.381912 -5.763839 1.000000 -2.381920 -0.000000 -2.381920 -0.000000 10.548829 -2.356196
135 5819.648094 -2.208358 -2.208344 -5.416715 1.000000 -2.208358 -0.000000 -2.208358 -0.000000 9.891660 -2.356198
136 5862.756598 -0.759689 -0.759674 -2.519378 1.000000 -0.759689 0.000000 -0.759689 0.000000 0.622932 -2.356204
137 5905.865103 1.108564 1.108551 1.217128 1.000000 1.108564 0.000000 1.108564 0.000000 3.905464 0.785392
138 5948.973607 2.309981 2.309967 3.619961 1.000000 2.309981 0.000000 2.309981 0.000000 10.282441 0.785395
139 5992.082111 2.158625 2.158615 3.317250 1.000000 2.158625 0.000000 2.158625 0.000000 9.693824 0.785396
140 6035.190616 0.760277 0.760269 0.520554 1.000000 0.760277 0.000000 0.760277 0.000000 0.629693 0.785393
141 6078.299120 -1.059400 -1.059387 -3.118801 1.000000 -1.059400 -0.000000 -1.059400 -0.000000 3.511448 -2.356201
142 6121.407625 -2.242004 -2.241989 -5.484008 1.000000 -2.242004 -0.000000 -2.242004 -0.000000 10.022999 -2.356198
143 6164.516129 -2.111647 -2.111633 -5.223294 1.000000 -2.111647 -0.000000 -2.111647 -0.000000 9.502698 -2.356198
144 6207.624633 -0.760883 -0.760880 -2.521767 1.000000 -0.760883 0.000000 -0.760883 0.000000 0.636639 -2.356197
145 6250.733138 1.012850 1.012848 1.025700 1.000000 1.012850 0.000000 1.012850 0.000000 3.121195 0.785397
146 6293.841642 2.177664 2.177658 3.355327 1.000000 2.177664 -0.000000 2.177664 -0.000000 9.770105 0.785397
147 6336.950147 2.067200 2.067184 3.134399 1.000000 2.067200 -0.000000 2.067200 -0.000000 9.317916 0.785395
148 6380.058651 0.761508 0.761505 0.523016 1.000000 0.761508 0.000000 0.761508 0.000000 0.643772 0.785396
149 6423.167155 -0.968702 -0.968689 -2.937403 1.000000 -0.968702 -0.000000 -0.968702 -0.000000 2.734044 -2.356201
150 6466.275660 -2.116668 -2.116653 -5.233335 1.000000 -2.116668 -0.000000 -2.116668 -0.000000 9.523324 -2.356198
151 6509.384164 -2.025082 -2.025070 -5.050164 1.000000 -2.025082 0.000000 -2.025082 0.000000 9.139127 -2.356197
152 6552.492669 -0.762151 -0.762146 -2.524301 1.000000 -0.762151 -0.000000 -0.762151 -0.000000 0.651090 -2.356198
153 6595.601173 0.926765 0.926758 0.853529 1.000000 0.926765 0.000000 0.926765 0.000000 2.349657 0.785395
154 6638.709677 2.058755 2.058746 3.117510 1.000000 2.058755 -0.000000 2.058755 -0.000000 9.282375 0.785396
155 6681.818182 1.985114 1.985107 2.970228 1.000000 1.985114 0.000000 1.985114 0.000000 8.965995 0.785396
156 6724.926686 0.762812 0.762802 0.525624 1.000000 0.762812 0.000000 0.762812 0.000000 0.658595 0.785392
157 6768.035191 -0.886868 -0.886856 -2.773737 1.000000 -0.886868 -0.000000 -0.886868 -0.000000 1.967423 -2.356201
158 6811.143695 -2.003691 -2.003677 -5.007381 1.000000 -2.003691 -0.000000 -2.003691 -0.000000 9.046885 -2.356198
159 6854.252199 -1.947135 -1.947128 -4.894270 1.000000 -1.947135 -0.000000 -1.947135 -0.000000 8.798206 -2.356196
160 6897.360704 -0.763492 -0.763489 -2.526984 1.000000 -0.763492 -0.000000 -0.763492 -0.000000 0.666372 -2.356197
161 6940.469208 0.848859 0.848846 0.697719 1.000000 0.848859 0.000000 0.848859 0.000000 1.586949 0.785391
162 6983.577713 1.951263 1.951248 2.902526 1.000000 1.951263 0.000000 1.951263 0.000000 8.816583 0.785394
163 7026.686217 1.910998 1.910995 2.821997 1.000000 1.910998 0.000000 1.910998 0.000000 8.635500 0.785397
164 7069.794721 0.764191 0.764191 0.528382 1.000000 0.764191 0.000000 0.764191 0.000000 0.674336 0.785398
165 7112.903226 -0.812599 -0.812592 -2.625198 1.000000 -0.812599 -0.000000 -0.812599 -0.000000 1.207785 -2.356199
166 7156.011730 -1.901281 -1.901276 -4.802562 1.000000 -1.901281 -0.000000 -1.901281 -0.000000 8.591214 -2.356196
167 7199.120235 -1.876573 -1.876572 -4.753145 1.000000 -1.876573 -0.000000 -1.876573 -0.000000 8.477605 -2.356195
168 7242.228739 -0.764909 -0.764908 -2.529817 1.000000 -0.764909 -0.000000 -0.764909 -0.000000 0.682487 -2.356195
169 7285.337243 0.777961 0.777954 0.555922 1.000000 0.777961 0.000000 0.777961 0.000000 0.829419 0.785394
170 7328.445748 1.853571 1.853561 2.707142 1.000000 1.853571 -0.000000 1.853571 -0.000000 8.370462 0.785396
171 7371.554252 1.843738 1.843735 2.687476 1.000000 1.843738 0.000000 1.843738 0.000000 8.324276 0.785397
172 7414.662757 0.765645 0.765640 0.531291 1.000000 0.765645 -0.000000 0.765645 -0.000000 0.690824 0.785395
173 7457.771261 -0.744832 -0.744827 -2.489665 1.000000 -0.744832 -0.000000 -0.744832 -0.000000 0.451441 -2.356198
174 7500.879765 -1.807976 -1.807968 -4.615952 1.000000 -1.807976 -0.000000 -1.807976 -0.000000 8.154134 -2.356197
175 7543.988270 -1.812386 -1.812378 -4.624772 1.000000 -1.812386 0.000000 -1.812386 0.000000 8.175294 -2.356197
176 7587.096774 -0.766401 -0.766388 -2.532802 1.000000 -0.766401 0.000000 -0.766401 0.000000 0.699348 -2.356203
177 7630.205279 0.713108 0.713104 0.426216 1.000000 0.713108 0.000000 0.713108 0.000000 0.073385 0.785395
178 7673.313783 1.764352 1.764343 2.528704 1.000000 1.764352 0.000000 1.764352 0.000000 7.941983 0.785396
179 7716.422287 1.782418 1.782410 2.564835 1.000000 1.782418 0.000000 1.782418 0.000000 8.030470 0.785396
180 7759.530792 0.767176 0.767166 0.534352 1.000000 0.767176 -0.000000 0.767176 -0.000000 0.708146 0.785392
181 7802.639296 -0.682694 -0.682693 -2.365389 1.000000 -0.682694 -0.000000 -0.682694 -0.000000 -0.305179 -2.356195
182 7845.747801 -1.722569 -1.722565 -4.445138 1.000000 -1.722569 0.000000 -1.722569 0.000000 7.733821 -2.356196
183 7888.856305 -1.753743 -1.753738 -4.507485 1.000000 -1.753743 0.000000 -1.753743 0.000000 7.889607 -2.356196
184 7931.964809 -0.767971 -0.767960 -2.535941 1.000000 -0.767971 -0.000000 -0.767971 -0.000000 0.717130 -2.356202
185 7975.073314 0.653505 0.653503 0.307009 1.000000 0.653505 0.000000 0.653505 0.000000 -0.684735 0.785397
186 8018.181818 1.682507 1.682495 2.365014 1.000000 1.682507 0.000000 1.682507 0.000000 7.529407 0.785395
187 8061.290323 1.726279 1.726273 2.452558 1.000000 1.726279 0.000000 1.726279 0.000000 7.752503 0.785396
188 8104.398827 0.768785 0.768784 0.537569 1.000000 0.768785 0.000000 0.768785 0.000000 0.726388 0.785397
189 8147.507331 -0.625459 -0.625458 -2.250918 1.000000 -0.625459 0.000000 -0.625459 0.000000 -1.065730 -2.356196
190 8190.615836 -1.644057 -1.644043 -4.288114 1.000000 -1.644057 -0.000000 -1.644057 -0.000000 7.328601 -2.356199
191 8233.724340 -1.699950 -1.699936 -4.399900 1.000000 -1.699950 0.000000 -1.699950 0.000000 7.618987 -2.356199
192 8276.832845 -0.769618 -0.769608 -2.539237 1.000000 -0.769618 -0.000000 -0.769618 -0.000000 0.735747 -2.356202
193 8319.941349 0.598486 0.598480 0.196972 1.000000 0.598486 0.000000 0.598486 0.000000 -1.448663 0.785393
194 8363.049853 1.607118 1.607117 2.214237 1.000000 1.607118 0.000000 1.607118 0.000000 7.131253 0.785398
195 8406.158358 1.674687 1.674683 2.349375 1.000000 1.674687 0.000000 1.674687 0.000000 7.488963 0.785397
196 8449.266862 0.770472 0.770462 0.540944 1.000000 0.770472 -0.000000 0.770472 -0.000000 0.745380 0.785392
197 8492.375367 -0.572518 -0.572510 -2.145035 1.000000 -0.572518 -0.000000 -0.572518 -0.000000 -1.833982 -2.356201
198 8535.483871 -1.571599 -1.571594 -4.143198 1.000000 -1.571599 0.000000 -1.571599 0.000000 6.937122 -2.356196
199 8578.592375 -1.650427 -1.650421 -4.300853 1.000000 -1.650427 -0.000000 -1.650427 -0.000000 7.362210 -2.356196
200 8621.700880 -0.771345 -0.771332 -2.542691 1.000000 -0.771345 0.000000 -0.771345 0.000000 0.755201 -2.356203
201 8664.809384 0.547493 0.547485 0.094986 1.000000 0.547493 -0.000000 0.547493 -0.000000 -2.222188 0.785391
202 8707.917889 1.537413 1.537399 2.074827 1.000000 1.537413 0.000000 1.537413 0.000000 6.746074 0.785394
203 8751.026393 1.627109 1.627106 2.254218 1.000000 1.627109 0.000000 1.627109 0.000000 7.238625 0.785397
204 8794.134897 0.772239 0.772232 0.544478 1.000000 0.772239 0.000000 0.772239 0.000000 0.765295 0.785394
205 8837.243402 -0.523356 -0.523346 -2.046712 1.000000 -0.523356 -0.000000 -0.523356 -0.000000 -2.613841 -2.356204
206 8880.351906 -1.504484 -1.504471 -4.008967 1.000000 -1.504484 0.000000 -1.504484 0.000000 6.558012 -2.356199
207 8923.460411 -1.604681 -1.604675 -4.209361 1.000000 -1.604681 0.000000 -1.604681 0.000000 7.118058 -2.356196
208 8966.568915 -0.773153 -0.773148 -2.546306 1.000000 -0.773153 -0.000000 -0.773153 -0.000000 0.775578 -2.356198
209 9009.677419 0.500053 0.500046 0.000106 1.000000 0.500053 0.000000 0.500053 0.000000 -3.009443 0.785391
210 9052.785924 1.472737 1.472733 1.945473 1.000000 1.472737 -0.000000 1.472737 -0.000000 6.372790 0.785397
211 9095.894428 1.583091 1.583084 2.166182 1.000000 1.583091 0.000000 1.583091 0.000000 7.000398 0.785396
212 9139.002933 0.774087 0.774078 0.548175 1.000000 0.774087 0.000000 0.774087 0.000000 0.786049 0.785392
213 9182.111437 -0.477536 -0.477524 -1.955072 1.000000 -0.477536 0.000000 -0.477536 0.000000 -3.409687 -2.356207
214 9225.219941 -1.442106 -1.442093 -3.884211 1.000000 -1.442106 -0.000000 -1.442106 -0.000000 6.190203 -2.356199
215 9268.328446 -1.562293 -1.562286 -4.124587 1.000000 -1.562293 -0.000000 -1.562293 -0.000000 6.885533 -2.356197
216 9311.436950 -0.775042 -0.775040 -2.550085 1.000000 -0.775042 0.000000 -0.775042 0.000000 0.796794 -2.356196
217 9354.545455 0.455761 0.455750 -0.088479 1.000000 0.455761 0.000000 0.455761 0.000000 -3.815069 0.785386
218 9397.653959 1.412529 1.412521 1.825057 1.000000 1.412529 0.000000 1.412529 0.000000 6.010223 0.785396
219 9440.762463 1.542245 1.542236 2.084491 1.000000 1.542245 -0.000000 1.542245 -0.000000 6.773344 0.785395
220 9483.870968 0.776018 0.776016 0.552036 1.000000 0.776018 -0.000000 0.776018 -0.000000 0.807727 0.785397
221 9526.979472 -0.434685 -0.434677 -1.869369 1.000000 -0.434685 -0.000000 -0.434685 -0.000000 -4.226289 -2.356203
222 9570.087977 -1.383947 -1.383942 -3.767895 1.000000 -1.383947 -0.000000 -1.383947 -0.000000 5.832674 -2.356197
223 9613.196481 -1.522907 -1.522903 -4.045813 1.000000 -1.522907 -0.000000 -1.522907 -0.000000 6.663756 -2.356196
224 9656.304985 -0.777015 -0.777008 -2.554030 1.000000 -0.777015 -0.000000 -0.777015 -0.000000 0.818849 -2.356199
225 9699.413490 0.414269 0.414261 -0.171461 1.000000 0.414269 -0.000000 0.414269 -0.000000 -4.644134 0.785388
226 9742.521994 1.356309 1.356308 1.712617 1.000000 1.356309 0.000000 1.356309 0.000000 5.657468 0.785398
227 9785.630499 1.504240 1.504227 2.008480 1.000000 1.504240 -0.000000 1.504240 -0.000000 6.556605 0.785394
228 9828.739003 0.778033 0.778030 0.556066 1.000000 0.778033 -0.000000 0.778033 -0.000000 0.830246 0.785396
229 9871.847507 -0.394479 -0.394470 -1.788957 1.000000 -0.394479 -0.000000 -0.394479 -0.000000 -5.069324 -2.356205
230 9914.956012 -1.329562 -1.329559 -3.659124 1.000000 -1.329562 0.000000 -1.329562 0.000000 5.484464 -2.356196
231 9958.064516 -1.486211 -1.486206 -3.972423 1.000000 -1.486211 -0.000000 -1.486211 -0.000000 6.451896 -2.356196
232 10001.173021 -0.779072 -0.779068 -2.558145 1.000000 -0.779072 -0.000000 -0.779072 -0.000000 0.841832 -2.356197
233 10044.281525 0.375279 0.375275 -0.249443 1.000000 0.375279 0.000000 0.375279 0.000000 -5.502668 0.785393
234 10087.390029 1.303662 1.303650 1.607323 1.000000 1.303662 0.000000 1.303662 0.000000 5.313559 0.785394
235 10130.498534 1.468788 1.468781 1.937576 1.000000 1.468788 0.000000 1.468788 0.000000 6.349460 0.785396
236 10173.607038 0.780133 0.780121 0.560267 1.000000 0.780133 0.000000 0.780133 0.000000 0.853608 0.785390
237 10216.715543 -0.356639 -0.356628 -1.713277 1.000000 -0.356639 0.000000 -0.356639 0.000000 -5.945258 -2.356209
238 10259.824047 -1.278563 -1.278549 -3.557127 1.000000 -1.278563 0.000000 -1.278563 0.000000 5.144697 -2.356200
239 10302.932551 -1.451940 -1.451935 -3.903880 1.000000 -1.451940 0.000000 -1.451940 0.000000 6.249257 -2.356196
240 10346.041056 -0.781216 -0.781204 -2.562432 1.000000 -0.781216 -0.000000 -0.781216 -0.000000 0.865658 -2.356202
241 10389.149560 0.338529 0.338516 -0.322943 1.000000 0.338529 0.000000 0.338529 0.000000 -6.397952 0.785380
242 10432.258065 1.254227 1.254227 1.508454 1.000000 1.254227 -0.000000 1.254227 -0.000000 4.977822 0.785398
243 10475.366569 1.435639 1.435638 1.871278 1.000000 1.435639 0.000000 1.435639 0.000000 6.151203 0.785398
244 10518.475073 0.782321 0.782318 0.564642 1.000000 0.782321 0.000000 0.782321 0.000000 0.877983 0.785396
245 10561.583578 -0.320921 -0.320908 -1.641843 1.000000 -0.320921 0.000000 -0.320921 0.000000 -6.861914 -2.356216
246 10604.692082 -1.230615 -1.230606 -3.461229 1.000000 -1.230615 -0.000000 -1.230615 -0.000000 4.812711 -2.356198
247 10647.800587 -1.419859 -1.419846 -3.839718 1.000000 -1.419859 -0.000000 -1.419859 -0.000000 6.055164 -2.356199
248 10690.909091 -0.783448 -0.783447 -2.566895 1.000000 -0.783448 0.000000 -0.783448 0.000000 0.890498 -2.356195
249 10734.017595 0.303791 0.303787 -0.392418 1.000000 0.303791 0.000000 0.303791 0.000000 -7.338253 0.785392
250 10777.126100 1.207690 1.207687 1.415380 1.000000 1.207690 0.000000 1.207690 0.000000 4.649400 0.785397
251 10820.234604 1.404576 1.404572 1.809152 1.000000 1.404576 0.000000 1.404576 0.000000 5.961190 0.785397
252 10863.343109 0.784597 0.784592 0.569194 1.000000 0.784597 -0.000000 0.784597 -0.000000 0.903203 0.785395
253 10906.451613 -0.287114 -0.287109 -1.574228 1.000000 -0.287114 -0.000000 -0.287114 -0.000000 -7.828682 -2.356203
254 10949.560117 -1.185421 -1.185410 -3.370841 1.000000 -1.185421 -0.000000 -1.185421 -0.000000 4.487709 -2.356199
255 10992.668622 -1.389766 -1.389755 -3.779532 1.000000 -1.389766 -0.000000 -1.389766 -0.000000 5.869099 -2.356198
256 11035.777126 -0.785769 -0.785767 -2.571538 1.000000 -0.785769 -0.000000 -0.785769 -0.000000 0.916184 -2.356196
257 11078.885630 0.270867 0.270859 -0.458266 1.000000 0.270867 0.000000 0.270867 0.000000 -8.334708 0.785383
258 11121.994135 1.163775 1.163773 1.327549 1.000000 1.163775 -0.000000 1.163775 -0.000000 4.327670 0.785397
259 11165.102639 1.375408 1.375397 1.750815 1.000000 1.375408 0.000000 1.375408 0.000000 5.778894 0.785394
260 11208.211144 0.786964 0.786957 0.573927 1.000000 0.786964 -0.000000 0.786964 -0.000000 0.929355 0.785394
261 11251.319648 -0.255029 -0.255020 -1.510059 1.000000 -0.255029 0.000000 -0.255029 0.000000 -8.858055 -2.356212
262 11294.428152 -1.142723 -1.142715 -3.285446 1.000000 -1.142723 -0.000000 -1.142723 -0.000000 4.169090 -2.356198
263 11337.536657 -1.361481 -1.361465 -3.722961 1.000000 -1.361481 -0.000000 -1.361481 -0.000000 5.690481 -2.356200
264 11380.645161 -0.788181 -0.788177 -2.576363 1.000000 -0.788181 -0.000000 -0.788181 -0.000000 0.942802 -2.356197
265 11423.753666 0.239580 0.239578 -0.520839 1.000000 0.239580 -0.000000 0.239580 -0.000000 -9.400714 0.785394
266 11466.862170 1.122238 1.122223 1.244475 1.000000 1.122238 0.000000 1.122238 0.000000 4.011940 0.785392
267 11509.970674 1.347966 1.347961 1.695932 1.000000 1.347966 0.000000 1.347966 0.000000 5.603864 0.785396
268 11553.079179 0.789423 0.789413 0.578845 1.000000 0.789423 0.000000 0.789423 0.000000 0.956441 0.785392
269 11596.187683 -0.224502 -0.224487 -1.449003 1.000000 -0.224502 0.000000 -0.224502 0.000000 -9.965588 -2.356226
270 11639.296188 -1.102293 -1.102280 -3.204586 1.000000 -1.102293 -0.000000 -1.102293 -0.000000 3.856188 -2.356200
271 11682.404692 -1.334846 -1.334839 -3.669692 1.000000 -1.334846 -0.000000 -1.334846 -0.000000 5.518899 -2.356197
272 11725.513196 -0.790687 -0.790680 -2.581375 1.000000 -0.790687 0.000000 -0.790687 0.000000 0.970355 -2.356199
273 11768.621701 0.209775 0.209763 -0.580450 1.000000 0.209775 0.000000 0.209775 0.000000 -10.554880 0.785368
274 11811.730205 1.082864 1.082855 1.165728 1.000000 1.082864 -0.000000 1.082864 -0.000000 3.701742 0.785394
275 11854.838710 1.322103 1.322098 1.644206 1.000000 1.322103 0.000000 1.322103 0.000000 5.435588 0.785396
276 11897.947214 0.791976 0.791962 0.583952 1.000000 0.791976 0.000000 0.791976 0.000000 0.984461 0.785389
277 11941.055718 -0.195384 -0.195374 -1.390768 1.000000 -0.195384 0.000000 -0.195384 0.000000 -11.172149 -2.356222
278 11984.164223 -1.063928 -1.063919 -3.127855 1.000000 -1.063928 -0.000000 -1.063928 -0.000000 3.548506 -2.356198
279 12027.272727 -1.309721 -1.309708 -3.619443 1.000000 -1.309721 0.000000 -1.309721 0.000000 5.353833 -2.356200
280 12070.381232 -0.793288 -0.793274 -2.586577 1.000000 -0.793288 -0.000000 -0.793288 -0.000000 0.998843 -2.356204
281 12113.489736 0.181313 0.181305 -0.637374 1.000000 0.181313 0.000000 0.181313 0.000000 -11.821318 0.785376
282 12156.598240 1.045462 1.045456 1.090924 1.000000 1.045462 0.000000 1.045462 0.000000 3.396440 0.785395
283 12199.706745 1.297686 1.297684 1.595373 1.000000 1.297686 0.000000 1.297686 0.000000 5.273686 0.785397
284 12242.815249 0.794625 0.794617 0.589251 1.000000 0.794625 -0.000000 0.794625 -0.000000 1.013501 0.785393
285 12285.923754 -0.167546 -0.167542 -1.335092 1.000000 -0.167546 -0.000000 -0.167546 -0.000000 -12.507130 -2.356208
286 12329.032258 -1.027447 -1.027435 -3.054894 1.000000 -1.027447 -0.000000 -1.027447 -0.000000 3.245438 -2.356200
287 12372.140762 -1.285983 -1.285980 -3.571967 1.000000 -1.285983 -0.000000 -1.285983 -0.000000 5.194997 -2.356196
288 12415.249267 -0.795987 -0.795975 -2.591974 1.000000 -0.795987 -0.000000 -0.795987 -0.000000 1.028352 -2.356202
289 12458.357771 0.154070 0.154068 -0.691860 1.000000 0.154070 0.000000 0.154070 0.000000 -13.235396 0.785392
290 12501.466276 1.009862 1.009857 1.019724 1.000000 1.009862 0.000000 1.009862 0.000000 3.095521 0.785396
291 12544.574780 1.274599 1.274597 1.549199 1.000000 1.274599 -0.000000 1.274599 -0.000000 5.117766 0.785397
292 12587.683284 0.797373 0.797363 0.594747 1.000000 0.797373 -0.000000 0.797373 -0.000000 1.043480 0.785392
293 12630.791789 -0.140871 -0.140869 -1.281741 1.000000 -0.140871 -0.000000 -0.140871 -0.000000 -14.013336 -2.356200
294 12673.900293 -0.992690 -0.992676 -2.985379 1.000000 -0.992690 -0.000000 -0.992690 -0.000000 2.946509 -2.356201
295 12717.008798 -1.263521 -1.263519 -3.527042 1.000000 -1.263521 -0.000000 -1.263521 -0.000000 5.041943 -2.356195
296 12760.117302 -0.798785 -0.798782 -2.597570 1.000000 -0.798785 -0.000000 -0.798785 -0.000000 1.058884 -2.356196
297 12803.225806 0.127936 0.127930 -0.744129 1.000000 0.127936 0.000000 0.127936 0.000000 -14.850075 0.785375
298 12846.334311 0.975912 0.975906 0.951823 1.000000 0.975912 0.000000 0.975912 0.000000 2.798487 0.785395
299 12889.442815 1.252737 1.252731 1.505474 1.000000 1.252737 0.000000 1.252737 0.000000 4.967478 0.785396
300 12932.551320 0.800222 0.800217 0.600444 1.000000 0.800222 0.000000 0.800222 0.000000 1.074482 0.785395
301 12975.659824 -0.115252 -0.115250 -1.230505 1.000000 -0.115252 -0.000000 -0.115252 -0.000000 -15.756802 -2.356207
302 13018.768328 -0.959512 -0.959503 -2.919023 1.000000 -0.959512 0.000000 -0.959512 0.000000 2.651266 -2.356199
303 13061.876833 -1.242235 -1.242233 -3.484470 1.000000 -1.242235 0.000000 -1.242235 0.000000 4.894369 -2.356195
304 13104.985337 -0.801685 -0.801682 -2.603370 1.000000 -0.801685 0.000000 -0.801685 0.000000 1.090357 -2.356197
305 13148.093842 0.102810 0.102798 -0.794380 1.000000 0.102810 -0.000000 0.102810 -0.000000 -16.749484 0.785342
306 13191.202346 0.943474 0.943466 0.886947 1.000000 0.943474 0.000000 0.943474 0.000000 2.504861 0.785394
307 13234.310850 1.232005 1.231995 1.464010 1.000000 1.232005 0.000000 1.232005 0.000000 4.822513 0.785394
308 13277.419355 0.803174 0.803162 0.606348 1.000000 0.803174 -0.000000 0.803174 -0.000000 1.106426 0.785390
309 13320.527859 -0.090597 -0.090591 -1.181194 1.000000 -0.090597 -0.000000 -0.090597 -0.000000 -17.847694 -2.356225
310 13363.636364 -0.927783 -0.927780 -2.855566 1.000000 -0.927783 0.000000 -0.927783 0.000000 2.359214 -2.356196
311 13406.744868 -1.222037 -1.222031 -3.444073 1.000000 -1.222037 -0.000000 -1.222037 -0.000000 4.751963 -2.356197
312 13449.853372 -0.804689 -0.804688 -2.609379 1.000000 -0.804689 0.000000 -0.804689 0.000000 1.122855 -2.356196
313 13492.961877 0.078603 0.078598 -0.842794 1.000000 0.078603 -0.000000 0.078603 -0.000000 -19.081190 0.785366
314 13536.070381 0.912425 0.912415 0.824850 1.000000 0.912425 -0.000000 0.912425 -0.000000 2.214193 0.785393
315 13579.178886 1.212320 1.212311 1.424640 1.000000 1.212320 0.000000 1.212320 0.000000 4.682612 0.785394
316 13622.287390 0.806232 0.806229 0.612463 1.000000 0.806232 -0.000000 0.806232 -0.000000 1.139480 0.785396
317 13665.395894 -0.066818 -0.066818 -1.133637 1.000000 -0.066818 -0.000000 -0.066818 -0.000000 -20.491794 -2.356195
318 13708.504399 -0.897386 -0.897385 -2.794772 1.000000 -0.897386 0.000000 -0.897386 0.000000 2.069880 -2.356195
319 13751.612903 -1.202846 -1.202835 -3.405691 1.000000 -1.202846 -0.000000 -1.202846 -0.000000 4.614460 -2.356199
320 13794.721408 -0.807801 -0.807800 -2.615601 1.000000 -0.807801 -0.000000 -0.807801 -0.000000 1.156382 -2.356195
321 13837.829912 0.055233 0.055222 -0.889533 1.000000 0.055233 0.000000 0.055233 0.000000 -22.146604 0.785292
322 13880.938416 0.882654 0.882645 0.765308 1.000000 0.882654 -0.000000 0.882654 -0.000000 1.926063 0.785393
323 13924.046921 1.193605 1.193604 1.387210 1.000000 1.193605 0.000000 1.193605 0.000000 4.547508 0.785397
324 13967.155425 0.809397 0.809387 0.618794 1.000000 0.809397 -0.000000 0.809397 -0.000000 1.173480 0.785392
325 14010.263930 -0.043839 -0.043839 -1.087678 1.000000 -0.043839 0.000000 -0.043839 0.000000 -24.152547 -2.356199
326 14053.372434 -0.868216 -0.868210 -2.736431 1.000000 -0.868216 0.000000 -0.868216 0.000000 1.782823 -2.356198
327 14096.480938 -1.184590 -1.184586 -3.369180 1.000000 -1.184590 -0.000000 -1.184590 -0.000000 4.481645 -2.356196
328 14139.589443 -0.811022 -0.811020 -2.622043 1.000000 -0.811022 -0.000000 -0.811022 -0.000000 1.190939 -2.356195
329 14182.697947 0.032626 0.032623 -0.934747 1.000000 0.032626 -0.000000 0.032626 -0.000000 -26.718723 0.785350
330 14225.806452 0.854060 0.854050 0.708119 1.000000 0.854060 -0.000000 0.854060 -0.000000 1.640013 0.785392
331 14268.914956 1.175792 1.175781 1.351585 1.000000 1.175792 -0.000000 1.175792 -0.000000 4.416872 0.785393
332 14312.023460 0.812674 0.812668 0.625348 1.000000 0.812674 0.000000 0.812674 0.000000 1.208594 0.785394
333 14355.131965 -0.021588 -0.021576 -1.043175 1.000000 -0.021588 -0.000000 -0.021588 -0.000000 -30.307936 -2.356468
334 14398.240469 -0.840175 -0.840164 -2.680349 1.000000 -0.840175 0.000000 -0.840175 0.000000 1.497638 -2.356201
335 14441.348974 -1.167205 -1.167191 -3.334409 1.000000 -1.167205 0.000000 -1.167205 0.000000 4.353187 -2.356200
336 14484.457478 -0.814355 -0.814346 -2.628710 1.000000 -0.814355 0.000000 -0.814355 0.000000 1.226528 -2.356200
337 14527.565982 0.010715 0.010712 -0.978570 1.000000 0.010715 0.000000 0.010715 0.000000 -36.391301 0.785254
338 14570.674487 0.826550 0.826538 0.653100 1.000000 0.826550 0.000000 0.826550 0.000000 1.355621 0.785391
339 14613.782991 1.158819 1.158813 1.317639 1.000000 1.158819 -0.000000 1.158819 -0.000000 4.290593 0.785396
340 14656.891496 0.816065 0.816055 0.632129 1.000000 0.816065 -0.000000 0.816065 -0.000000 1.244741 0.785392
341 14700.000000 0.000000 0.000000 -1.000000 1.000000 0.000000 0.000000 0.000000 0.000000 -inf 0.000000
342 14743.108504 -0.813176 -0.813171 -2.626352 1.000000 -0.813176 -0.000000 -0.813176 -0.000000 1.213966 -2.356197
343 14786.217009 -1.150630 -1.150620 -3.301260 1.000000 -1.150630 -0.000000 -1.150630 -0.000000 4.228974 -2.356199
344 14829.325513 -0.817804 -0.817795 -2.635607 1.000000 -0.817804 -0.000000 -0.817804 -0.000000 1.263233 -2.356200
345 14872.434018 -0.010564 -0.010559 -1.021128 1.000000 -0.010564 0.000000 -0.010564 0.000000 -36.515216 -2.356420
346 14915.542522 0.800042 0.800034 0.600084 1.000000 0.800042 -0.000000 0.800042 -0.000000 1.072510 0.785393
347 14958.651026 1.142630 1.142624 1.285259 1.000000 1.142630 -0.000000 1.142630 -0.000000 4.168387 0.785396
348 15001.759531 0.819572 0.819565 0.639144 1.000000 0.819572 0.000000 0.819572 0.000000 1.282005 0.785394
349 15044.868035 0.020984 0.020981 -0.958032 1.000000 0.020984 0.000000 0.020984 0.000000 -30.552639 0.785328
350 15087.976540 -0.787139 -0.787125 -2.574278 1.000000 -0.787139 0.000000 -0.787139 0.000000 0.931249 -2.356204
351 15131.085044 -1.134812 -1.134811 -3.269624 1.000000 -1.134812 0.000000 -1.134812 0.000000 4.108776 -2.356195
352 15174.193548 -0.821371 -0.821365 -2.642742 1.000000 -0.821371 -0.000000 -0.821371 -0.000000 1.301057 -2.356198
353 15217.302053 -0.031266 -0.031265 -1.062533 1.000000 -0.031266 -0.000000 -0.031266 -0.000000 -27.088295 -2.356213
354 15260.410557 0.774458 0.774445 0.548916 1.000000 0.774458 -0.000000 0.774458 -0.000000 0.790182 0.785390
355 15303.519062 1.127172 1.127167 1.254343 1.000000 1.127172 0.000000 1.127172 0.000000 4.050082 0.785396
356 15346.627566 0.823200 0.823196 0.646400 1.000000 0.823200 0.000000 0.823200 0.000000 1.320388 0.785396
357 15389.736070 0.041418 0.041412 -0.917163 1.000000 0.041418 0.000000 0.041418 0.000000 -24.646474 0.785326
358 15432.844575 -0.761990 -0.761978 -2.523981 1.000000 -0.761990 -0.000000 -0.761990 -0.000000 0.649220 -2.356203
359 15475.953079 -1.119702 -1.119690 -3.239404 1.000000 -1.119702 0.000000 -1.119702 0.000000 3.992303 -2.356200
360 15519.061584 -0.825060 -0.825058 -2.650120 1.000000 -0.825060 0.000000 -0.825060 0.000000 1.340000 -2.356196
361 15562.170088 -0.051446 -0.051437 -1.102891 1.000000 -0.051446 0.000000 -0.051446 0.000000 -22.763425 -2.356275
362 15605.278592 0.749728 0.749725 0.499456 1.000000 0.749728 -0.000000 0.749728 -0.000000 0.508359 0.785396
363 15648.387097 1.112399 1.112396 1.224797 1.000000 1.112399 -0.000000 1.112399 -0.000000 3.935499 0.785397
364 15691.495601 0.826951 0.826950 0.653903 1.000000 0.826951 -0.000000 0.826951 -0.000000 1.359893 0.785397
365 15734.604106 0.061354 0.061340 -0.877291 1.000000 0.061354 0.000000 0.061354 0.000000 -21.233784 0.785284
366 15777.712610 -0.737663 -0.737656 -2.475326 1.000000 -0.737663 -0.000000 -0.737663 -0.000000 0.367416 -2.356199
367 15820.821114 -1.105255 -1.105255 -3.210511 1.000000 -1.105255 0.000000 -1.105255 0.000000 3.879552 -2.356195
368 15863.929619 -0.828875 -0.828873 -2.657749 1.000000 -0.828875 0.000000 -0.828875 0.000000 1.380067 -2.356196
369 15907.038123 -0.071150 -0.071136 -1.142300 1.000000 -0.071150 0.000000 -0.071150 0.000000 -19.947014 -2.356291
370 15950.146628 0.725787 0.725784 0.451575 1.000000 0.725787 -0.000000 0.725787 -0.000000 0.226469 0.785396
371 15993.255132 1.098268 1.098267 1.196536 1.000000 1.098268 -0.000000 1.098268 -0.000000 3.824460 0.785398
372 16036.363636 0.830830 0.830826 0.661660 1.000000 0.830830 -0.000000 0.830830 -0.000000 1.400522 0.785396
373 16079.472141 0.080839 0.080826 -0.838322 1.000000 0.080839 0.000000 0.080839 0.000000 -18.838001 0.785318
374 16122.580645 -0.714094 -0.714081 -2.428188 1.000000 -0.714094 -0.000000 -0.714094 -0.000000 0.085328 -2.356204
375 16165.689150 -1.091431 -1.091431 -3.182862 1.000000 -1.091431 -0.000000 -1.091431 -0.000000 3.770224 -2.356195
376 16208.797654 -0.832818 -0.832809 -2.665636 1.000000 -0.832818 -0.000000 -0.832818 -0.000000 1.421258 -2.356200
377 16251.906158 -0.090425 -0.090424 -1.180851 1.000000 -0.090425 -0.000000 -0.090425 -0.000000 -17.863976 -2.356205
378 16295.014663 0.702576 0.702576 0.405152 1.000000 0.702576 0.000000 0.702576 0.000000 -0.055836 0.785398
379 16338.123167 1.084740 1.084732 1.169480 1.000000 1.084740 0.000000 1.084740 0.000000 3.716782 0.785394
380 16381.231672 0.834840 0.834839 0.669679 1.000000 0.834840 0.000000 0.834840 0.000000 1.442357 0.785398
381 16424.340176 0.099915 0.099915 -0.800169 1.000000 0.099915 0.000000 0.099915 0.000000 -16.997089 0.785394
382 16467.448680 -0.691226 -0.691223 -2.382453 1.000000 -0.691226 -0.000000 -0.691226 -0.000000 -0.197314 -2.356197
383 16510.557185 -1.078191 -1.078186 -3.156382 1.000000 -1.078191 -0.000000 -1.078191 -0.000000 3.664194 -2.356197
384 16553.665689 -0.836895 -0.836884 -2.673789 1.000000 -0.836895 -0.000000 -0.836895 -0.000000 1.463658 -2.356201
385 16596.774194 -0.109314 -0.109299 -1.218627 1.000000 -0.109314 -0.000000 -0.109314 -0.000000 -16.216808 -2.356263
386 16639.882698 0.680039 0.680038 0.360078 1.000000 0.680039 0.000000 0.680039 0.000000 -0.339028 0.785398
387 16682.991202 1.071779 1.071777 1.143559 1.000000 1.071779 -0.000000 1.071779 -0.000000 3.612399 0.785397
388 16726.099707 0.838984 0.838974 0.677968 1.000000 0.838984 0.000000 0.838984 0.000000 1.485321 0.785392
389 16769.208211 0.118625 0.118622 -0.762750 1.000000 0.118625 -0.000000 0.118625 -0.000000 -15.506294 0.785385
390 16812.316716 -0.669007 -0.669006 -2.338014 1.000000 -0.669007 -0.000000 -0.669007 -0.000000 -0.481092 -2.356195
391 16855.425220 -1.065501 -1.065491 -3.131002 1.000000 -1.065501 -0.000000 -1.065501 -0.000000 3.561336 -2.356199
392 16898.533724 -0.841108 -0.841095 -2.682216 1.000000 -0.841108 0.000000 -0.841108 0.000000 1.507268 -2.356202
393 16941.642229 -0.127854 -0.127853 -1.255708 1.000000 -0.127854 0.000000 -0.127854 0.000000 -14.855429 -2.356197
394 16984.750733 0.658124 0.658112 0.316249 1.000000 0.658124 -0.000000 0.658124 -0.000000 -0.623624 0.785388
395 17027.859238 1.059353 1.059341 1.118705 1.000000 1.059353 0.000000 1.059353 0.000000 3.511065 0.785393
396 17070.967742 0.843267 0.843262 0.686535 1.000000 0.843267 0.000000 0.843267 0.000000 1.529577 0.785395
397 17114.076246 0.137006 0.136993 -0.725988 1.000000 0.137006 0.000000 0.137006 0.000000 -14.255313 0.785353
398 17157.184751 -0.647386 -0.647385 -2.294771 1.000000 -0.647386 -0.000000 -0.647386 -0.000000 -0.766445 -2.356195
399 17200.293255 -1.053330 -1.053329 -3.106659 1.000000 -1.053330 -0.000000 -1.053330 -0.000000 3.461586 -2.356195
400 17243.401760 -0.845463 -0.845459 -2.690925 1.000000 -0.845463 -0.000000 -0.845463 -0.000000 1.552169 -2.356197
401 17286.510264 -0.146084 -0.146072 -1.292169 1.000000 -0.146084 -0.000000 -0.146084 -0.000000 -13.697981 -2.356236
402 17329.618768 0.636785 0.636780 0.273570 1.000000 0.636785 -0.000000 0.636785 -0.000000 -0.909879 0.785394
403 17372.727273 1.047429 1.047424 1.094858 1.000000 1.047429 -0.000000 1.047429 -0.000000 3.412773 0.785396
404 17415.835777 0.847694 0.847687 0.695388 1.000000 0.847694 -0.000000 0.847694 -0.000000 1.575046 0.785394
405 17458.944282 0.155094 0.155090 -0.689812 1.000000 0.155094 -0.000000 0.155094 -0.000000 -13.177899 0.785386
406 17502.052786 -0.626317 -0.626312 -2.252633 1.000000 -0.626317 -0.000000 -0.626317 -0.000000 -1.053851 -2.356198
407 17545.161290 -1.041647 -1.041641 -3.083295 1.000000 -1.041647 -0.000000 -1.041647 -0.000000 3.364689 -2.356197
408 17588.269795 -0.849963 -0.849960 -2.699926 1.000000 -0.849963 -0.000000 -0.849963 -0.000000 1.598286 -2.356196
409 17631.378299 -0.164039 -0.164032 -1.328079 1.000000 -0.164039 -0.000000 -0.164039 -0.000000 -12.690936 -2.356217
410 17674.486804 0.615976 0.615967 0.231951 1.000000 0.615976 0.000000 0.615976 0.000000 -1.198491 0.785391
411 17717.595308 1.035981 1.035980 1.071963 1.000000 1.035981 0.000000 1.035981 0.000000 3.317334 0.785398
412 17760.703812 0.852269 0.852264 0.704538 1.000000 0.852269 0.000000 0.852269 0.000000 1.621811 0.785395
413 17803.812317 0.172924 0.172913 -0.654152 1.000000 0.172924 -0.000000 0.172924 -0.000000 -12.232882 0.785365
414 17846.920821 -0.605757 -0.605743 -2.211513 1.000000 -0.605757 -0.000000 -0.605757 -0.000000 -1.343831 -2.356205
415 17890.029326 -1.030427 -1.030426 -3.060855 1.000000 -1.030427 -0.000000 -1.030427 -0.000000 3.270642 -2.356195
416 17933.137830 -0.854614 -0.854599 -2.709227 1.000000 -0.854614 -0.000000 -0.854614 -0.000000 1.645622 -2.356203
417 17976.246334 -0.181752 -0.181747 -1.363504 1.000000 -0.181752 0.000000 -0.181752 0.000000 -11.800221 -2.356208
418 18019.354839 0.595655 0.595642 0.191310 1.000000 0.595655 0.000000 0.595655 0.000000 -1.489900 0.785388
419 18062.463343 1.024983 1.024979 1.049966 1.000000 1.024983 0.000000 1.024983 0.000000 3.224614 0.785396
420 18105.571848 0.856997 0.856995 0.713994 1.000000 0.856997 -0.000000 0.856997 -0.000000 1.669875 0.785397
421 18148.680352 0.190528 0.190521 -0.618944 1.000000 0.190528 -0.000000 0.190528 -0.000000 -11.390683 0.785381
422 18191.788856 -0.585665 -0.585663 -2.171330 1.000000 -0.585665 -0.000000 -0.585665 -0.000000 -1.636730 -2.356196
423 18234.897361 -1.019645 -1.019638 -3.039289 1.000000 -1.019645 0.000000 -1.019645 0.000000 3.179249 -2.356198
424 18278.005865 -0.859420 -0.859406 -2.718840 1.000000 -0.859420 0.000000 -0.859420 0.000000 1.694337 -2.356203
425 18321.114370 -0.199255 -0.199249 -1.398509 1.000000 -0.199255 -0.000000 -0.199255 -0.000000 -11.001648 -2.356208
426 18364.222874 0.575783 0.575775 0.151566 1.000000 0.575783 -0.000000 0.575783 -0.000000 -1.784584 0.785392
427 18407.331378 1.014410 1.014404 1.028820 1.000000 1.014410 0.000000 1.014410 0.000000 3.134545 0.785395
428 18450.439883 0.861883 0.861877 0.723767 1.000000 0.861883 0.000000 0.861883 0.000000 1.719240 0.785395
429 18493.548387 0.207936 0.207932 -0.584127 1.000000 0.207936 0.000000 0.207936 0.000000 -10.631191 0.785386
430 18536.656891 -0.566004 -0.565994 -2.132007 1.000000 -0.566004 -0.000000 -0.566004 -0.000000 -1.933389 -2.356203
431 18579.765396 -1.009276 -1.009262 -3.018552 1.000000 -1.009276 -0.000000 -1.009276 -0.000000 3.090439 -2.356201
432 18622.873900 -0.864387 -0.864380 -2.728775 1.000000 -0.864387 0.000000 -0.864387 0.000000 1.744431 -2.356199
433 18665.982405 -0.216577 -0.216568 -1.433154 1.000000 -0.216577 -0.000000 -0.216577 -0.000000 -10.277636 -2.356215
434 18709.090909 0.556323 0.556320 0.112645 1.000000 0.556323 -0.000000 0.556323 -0.000000 -2.083184 0.785396
435 18752.199413 1.004240 1.004227 1.008480 1.000000 1.004240 -0.000000 1.004240 -0.000000 3.046993 0.785391
436 18795.307918 0.866933 0.866928 0.733866 1.000000 0.866933 -0.000000 0.866933 -0.000000 1.769987 0.785395
437 18838.416422 0.225180 0.225174 -0.549641 1.000000 0.225180 -0.000000 0.225180 -0.000000 -9.939229 0.785386
438 18881.524927 -0.546736 -0.546722 -2.093472 1.000000 -0.546736 -0.000000 -0.546736 -0.000000 -2.234254 -2.356207
439 18924.633431 -0.999300 -0.999298 -2.998600 1.000000 -0.999300 -0.000000 -0.999300 -0.000000 3.004210 -2.356195
440 18967.741935 -0.869521 -0.869507 -2.739042 1.000000 -0.869521 0.000000 -0.869521 0.000000 1.795831 -2.356203
441 19010.850440 -0.233748 -0.233734 -1.467496 1.000000 -0.233748 0.000000 -0.233748 0.000000 -9.615000 -2.356224
442 19053.958944 0.537239 0.537231 0.074479 1.000000 0.537239 0.000000 0.537239 0.000000 -2.386408 0.785391
443 19097.067449 0.994453 0.994446 0.988906 1.000000 0.994453 -0.000000 0.994453 -0.000000 2.961954 0.785395
444 19140.175953 0.872152 0.872147 0.744304 1.000000 0.872152 -0.000000 0.872152 -0.000000 1.822118 0.785395
445 19183.284457 0.242286 0.242279 -0.515429 1.000000 0.242286 -0.000000 0.242286 -0.000000 -9.303265 0.785385
446 19226.392962 -0.527828 -0.527817 -2.055657 1.000000 -0.527828 -0.000000 -0.527828 -0.000000 -2.539941 -2.356205
447 19269.501466 -0.989697 -0.989685 -2.979394 1.000000 -0.989697 0.000000 -0.989697 0.000000 2.920292 -2.356201
448 19312.609971 -0.874827 -0.874817 -2.749654 1.000000 -0.874827 0.000000 -0.874827 0.000000 1.848695 -2.356200
449 19355.718475 -0.250796 -0.250793 -1.501592 1.000000 -0.250796 -0.000000 -0.250796 -0.000000 -9.003334 -2.356199
450 19398.826979 0.518499 0.518494 0.036998 1.000000 0.518499 0.000000 0.518499 0.000000 -2.694785 0.785393
451 19441.935484 0.985029 0.985016 0.970059 1.000000 0.985029 0.000000 0.985029 0.000000 2.879224 0.785391
452 19485.043988 0.877547 0.877533 0.755094 1.000000 0.877547 0.000000 0.877547 0.000000 1.875638 0.785390
453 19528.152493 0.259282 0.259277 -0.481436 1.000000 0.259282 0.000000 0.259282 0.000000 -8.714329 0.785389
454 19571.260997 -0.509248 -0.509247 -2.018496 1.000000 -0.509248 -0.000000 -0.509248 -0.000000 -2.851124 -2.356196
455 19614.369501 -0.980448 -0.980438 -2.960897 1.000000 -0.980448 -0.000000 -0.980448 -0.000000 2.838749 -2.356200
456 19657.478006 -0.880312 -0.880310 -2.760624 1.000000 -0.880312 -0.000000 -0.880312 -0.000000 1.903023 -2.356196
457 19700.586510 -0.267748 -0.267746 -1.535495 1.000000 -0.267748 -0.000000 -0.267748 -0.000000 -8.435214 -2.356198
458 19743.695015 0.500071 0.500061 0.000141 1.000000 0.500071 0.000000 0.500071 0.000000 -3.009157 0.785389
459 19786.803519 0.975951 0.975937 0.951903 1.000000 0.975951 0.000000 0.975951 0.000000 2.798799 0.785391
460 19829.912023 0.883124 0.883118 0.766247 1.000000 0.883124 0.000000 0.883124 0.000000 1.930700 0.785395
461 19873.020528 0.276196 0.276184 -0.447608 1.000000 0.276196 -0.000000 0.276196 -0.000000 -8.165544 0.785377
462 19916.129032 -0.490964 -0.490952 -1.981927 1.000000 -0.490964 0.000000 -0.490964 0.000000 -3.168821 -2.356207
463 19959.237537 -0.971537 -0.971527 -2.943074 1.000000 -0.971537 -0.000000 -0.971537 -0.000000 2.759442 -2.356199
464 20002.346041 -0.885982 -0.885971 -2.771964 1.000000 -0.885982 0.000000 -0.885982 0.000000 1.958745 -2.356201
465 20045.454545 -0.284630 -0.284622 -1.569259 1.000000 -0.284630 -0.000000 -0.284630 -0.000000 -7.904211 -2.356208
466 20088.563050 0.481923 0.481918 -0.036154 1.000000 0.481923 0.000000 0.481923 0.000000 -3.330188 0.785393
467 20131.671554 0.967202 0.967194 0.934405 1.000000 0.967202 -0.000000 0.967202 -0.000000 2.720608 0.785394
468 20174.780059 0.888889 0.888885 0.777778 1.000000 0.888889 0.000000 0.888889 0.000000 1.987233 0.785396
469 20217.888563 0.293053 0.293045 -0.413895 1.000000 0.293053 -0.000000 0.293053 -0.000000 -7.650900 0.785385
470 20260.997067 -0.472946 -0.472931 -1.945891 1.000000 -0.472946 -0.000000 -0.472946 -0.000000 -3.493611 -2.356210
471 20304.105572 -0.962946 -0.962936 -2.925893 1.000000 -0.962946 -0.000000 -0.962946 -0.000000 2.682297 -2.356200
472 20347.214076 -0.891845 -0.891830 -2.783689 1.000000 -0.891845 0.000000 -0.891845 0.000000 2.016015 -2.356203
473 20390.322581 -0.301468 -0.301453 -1.602935 1.000000 -0.301468 -0.000000 -0.301468 -0.000000 -7.405101 -2.356220
474 20433.431085 0.464028 0.464020 -0.071945 1.000000 0.464028 -0.000000 0.464028 -0.000000 -3.658898 0.785390
475 20476.539589 0.958767 0.958755 0.917534 1.000000 0.958767 -0.000000 0.958767 -0.000000 2.644509 0.785392
476 20519.648094 0.894850 0.894836 0.789701 1.000000 0.894850 -0.000000 0.894850 -0.000000 2.045241 0.785390
477 20562.756598 0.309878 0.309875 -0.380244 1.000000 0.309878 -0.000000 0.309878 -0.000000 -7.165917 0.785394
478 20605.865103 -0.455165 -0.455154 -1.910331 1.000000 -0.455165 0.000000 -0.455165 0.000000 -3.826421 -2.356206
479 20648.973607 -0.954662 -0.954651 -2.909324 1.000000 -0.954662 0.000000 -0.954662 0.000000 2.607243 -2.356200
480 20692.082111 -0.897907 -0.897903 -2.795814 1.000000 -0.897907 -0.000000 -0.897907 -0.000000 2.074910 -2.356197
481 20735.190616 -0.318287 -0.318283 -1.636574 1.000000 -0.318287 -0.000000 -0.318287 -0.000000 -6.933373 -2.356201
482 20778.299120 0.446356 0.446350 -0.107289 1.000000 0.446356 -0.000000 0.446356 -0.000000 -3.996134 0.785392
483 20821.407625 0.950630 0.950623 0.901261 1.000000 0.950630 0.000000 0.950630 0.000000 2.570498 0.785394
484 20864.516129 0.901016 0.901001 0.802031 1.000000 0.901016 -0.000000 0.901016 -0.000000 2.104876 0.785390
485 20907.624633 0.326698 0.326691 -0.346604 1.000000 0.326698 0.000000 0.326698 0.000000 -6.706871 0.785387
486 20950.733138 -0.437595 -0.437592 -1.875190 1.000000 -0.437595 0.000000 -0.437595 0.000000 -4.168288 -2.356198
487 20993.841642 -0.946670 -0.946655 -2.893340 1.000000 -0.946670 -0.000000 -0.946670 -0.000000 2.534205 -2.356202
488 21036.950147 -0.904177 -0.904175 -2.808354 1.000000 -0.904177 -0.000000 -0.904177 -0.000000 2.135360 -2.356196
489 21080.058651 -0.335113 -0.335098 -1.670226 1.000000 -0.335113 -0.000000 -0.335113 -0.000000 -6.486065 -2.356217
490 21123.167155 0.428880 0.428879 -0.142240 1.000000 0.428880 -0.000000 0.428880 -0.000000 -4.342997 0.785397
491 21166.275660 0.942780 0.942780 0.885559 1.000000 0.942780 0.000000 0.942780 0.000000 2.498503 0.785398
492 21209.384164 0.907393 0.907379 0.814786 1.000000 0.907393 0.000000 0.907393 0.000000 2.166141 0.785391
493 21252.492669 0.343536 0.343521 -0.312928 1.000000 0.343536 0.000000 0.343536 0.000000 -6.270441 0.785376
494 21295.601173 -0.420207 -0.420197 -1.840415 1.000000 -0.420207 0.000000 -0.420207 0.000000 -4.520538 -2.356207
495 21338.709677 -0.938957 -0.938950 -2.877915 1.000000 -0.938957 -0.000000 -0.938957 -0.000000 2.463181 -2.356199
496 21381.818182 -0.910663 -0.910660 -2.821327 1.000000 -0.910663 -0.000000 -0.910663 -0.000000 2.197441 -2.356197
497 21424.926686 -0.351970 -0.351959 -1.703940 1.000000 -0.351970 0.000000 -0.351970 0.000000 -6.059718 -2.356210
498 21468.035191 0.411574 0.411560 -0.176852 1.000000 0.411574 -0.000000 0.411574 -0.000000 -4.700887 0.785381
499 21511.143695 0.935202 0.935196 0.870403 1.000000 0.935202 0.000000 0.935202 0.000000 2.428379 0.785395
500 21554.252199 0.913990 0.913986 0.827981 1.000000 0.913990 -0.000000 0.913990 -0.000000 2.229113 0.785396
501 21597.360704 0.360418 0.360413 -0.279164 1.000000 0.360418 -0.000000 0.360418 -0.000000 -5.853634 0.785390
502 21640.469208 -0.402977 -0.402969 -1.805953 1.000000 -0.402977 0.000000 -0.402977 0.000000 -4.884180 -2.356204
503 21683.577713 -0.931511 -0.931503 -2.863023 1.000000 -0.931511 -0.000000 -0.931511 -0.000000 2.394025 -2.356199
504 21726.686217 -0.917375 -0.917374 -2.834750 1.000000 -0.917375 -0.000000 -0.917375 -0.000000 2.261231 -2.356195
505 21769.794721 -0.368883 -0.368881 -1.737766 1.000000 -0.368883 -0.000000 -0.368883 -0.000000 -5.651946 -2.356197
506 21812.903226 0.394412 0.394409 -0.211176 1.000000 0.394412 -0.000000 0.394412 -0.000000 -5.070727 0.785394
507 21856.011730 0.927885 0.927872 0.855770 1.000000 0.927885 -0.000000 0.927885 -0.000000 2.360120 0.785391
508 21899.120235 0.920818 0.920807 0.841636 1.000000 0.920818 -0.000000 0.920818 -0.000000 2.293723 0.785392
509 21942.228739 0.377368 0.377365 -0.245263 1.000000 0.377368 0.000000 0.377368 0.000000 -5.454426 0.785394
510 21985.337243 -0.385877 -0.385864 -1.771754 1.000000 -0.385877 -0.000000 -0.385877 -0.000000 -5.260865 -2.356211
511 22028.445748 -0.924321 -0.924316 -2.848641 1.000000 -0.924321 -0.000000 -0.924321 -0.000000 2.326733 -2.356197
